19545285.2234,25742.7614295,25742.7614295,25742.7614295,25742.7614295,25742.7614295,25742.7614295,25742.7614295,25742.7614295,25742.7614295,25742.7614295,25742.7614295,25742.7614295,25742.7614295,25742.7614295,25742.7614295,25742.7614295,25742.7614295,25742.7614295,25742.7614295,25742.7614295,25742.7614295,25742.7614295,25742.7614295,25742.7614295,25742.7614295,25742.7614295,25742.7614295,25742.7614295,25742.7614295,25742.7614295,25742.7614295,25742.7614295,25742.7614295,25742.7614295,25742.7614295,25742.7614295,25742.7614295,25742.7614295,25742.7614295,25742.7614295,25742.7614295,25742.7614295,25742.7614295,25742.7614295,25742.7614295,25742.7614295,25742.7614295,25742.7614295,25742.7614295,25742.7614295,25742.7614295,25742.7614295,25742.7614295,25742.7614295,25742.7614295,25742.7614295,25742.7614295,25742.7614295,25742.7614295,25742.7614295,25742.7614295,25742.7614295,25742.7614295,25742.7614295,25742.7614295,25742.7614295,25742.7614295,25742.7614295,25742.7614295,25742.7614295,25742.7614295,25742.7614295,25742.7614295,25742.7614295,25742.7614295,25742.7614295,25742.7614295,25742.7614295,25742.7614295,25742.7614295,25742.7614295,25742.7614295,25742.7614295,25742.7614295,25742.7614295,25742.7614295,25742.7614295,25742.7614295,25742.7614295,25742.7614295,25742.7614295,25742.7614295,25742.7614295,25742.7614295,25742.7614295,25742.7614295,25742.7614295,25742.7614295,25742.7614295,25742.7614295,25742.7614295,25742.7614295,25742.7614295,25742.7614295,25742.7614295,25742.7614295,25742.7614295,25742.7614295,25742.7614295,25742.7614295,25742.7614295,25742.7614295,25742.7614295,25742.7614295,25742.7614295,25742.7614295,25742.7614295,25742.7614295,25742.7614295,25742.7614295,25742.7614295,25742.7614295,25742.7614295,25742.7614295,25742.7614295,25742.7614295,25742.7614295,25742.7614295,25742.7614295,25742.7614295,25742.7614295,25742.7614295,25742.7614295,25742.7614295,25742.7614295,25742.7614295,25742.7614295,25742.7614295,25742.7614295,25742.7614295,25742.7614295,25742.7614295,25742.7614295,25742.7614295,25742.7614295,25742.7614295,25742.7614295,25742.7614295,25742.7614295,25742.7614295,25742.7614295,25742.7614295,25742.7614295,25742.7614295,25742.7614295,25742.7614295,25742.7614295,25742.7614295,25742.7614295,25742.7614295,25742.7614295,25742.7614295,25742.7614295,25742.7614295,25742.7614295,25742.7614295,25742.7614295,25742.7614295,25742.7614295,25742.7614295,25742.7614295,25742.7614295,25742.7614295,25742.7614295,25742.7614295,25742.7614295,25742.7614295,25742.7614295,25742.7614295,25742.7614295,25742.7614295,25742.7614295,25742.7614295,25742.7614295,25742.7614295,25742.7614295,25742.7614295,25742.7614295,25742.7614295,25742.7614295,25742.7614295,25742.7614295,25742.7614295,25742.7614295,25742.7614295,25742.7614295,25742.7614295,25742.7614295,25742.7614295,25742.7614295,25742.7614295,25742.7614295,25742.7614295,25742.7614295,25742.7614295,25742.7614295,25742.7614295,25742.7614295,25742.7614295,25742.7614295,25742.7614295,25742.7614295,25742.7614295,25742.7614295,25742.7614295,25742.7614295,25742.7614295,25742.7614295,25742.7614295,25742.7614295,25742.7614295,25742.7614295,25742.7614295,25742.7614295,25742.7614295,25742.7614295,25742.7614295,25742.7614295,25742.7614295,25742.7614295,25742.7614295,25742.7614295,25742.7614295,25742.7614295,25742.7614295,25742.7614295,25742.7614295,25742.7614295,25742.7614295,25742.7614295,25742.7614295,25742.7614295,25742.7614295,25742.7614295,25742.7614295,25742.7614295,25742.7614295,25742.7614295,25742.7614295,25742.7614295,25742.7614295,25742.7614295,25742.7614295,25742.7614295,25742.7614295,25742.7614295,25742.7614295,25742.7614295,25742.7614295,25742.7614295,25742.7614295,25742.7614295,25742.7614295,25742.7614295,25742.7614295,25742.7614295,25742.7614295,25742.7614295,25742.7614295,25742.7614295,25742.7614295,25742.7614295,25742.7614295,25742.7614295,25742.7614295,25742.7614295,25742.7614295,25742.7614295,25742.7614295,25742.7614295,25742.7614295,25742.7614295,25742.7614295,25742.7614295,25742.7614295,25742.7614295,25742.7614295,25742.7614295,25742.7614295,25742.7614295,25742.7614295,25742.7614295,25742.7614295,25742.7614295,25742.7614295,25742.7614295,25742.7614295,25742.7614295,25742.7614295,25742.7614295,25742.7614295,25742.7614295,25742.7614295,25742.7614295,25742.7614295,25742.7614295,25742.7614295,25742.7614295,25742.7614295,25742.7614295,25742.7614295,25742.7614295,25742.7614295,25742.7614295,25742.7614295,25742.7614295,25742.7614295,25742.7614295,25742.7614295,25742.7614295,25742.7614295,25742.7614295,25742.7614295,25742.7614295,25742.7614295,25742.7614295,25742.7614295,25742.7614295,25742.7614295,25742.7614295,25742.7614295,25742.7614295,25742.7614295,25742.7614295,25742.7614295,25742.7614295,25742.7614295,25742.7614295,25742.7614295,25742.7614295,25742.7614295,25742.7614295,25742.7614295,25742.7614295,25742.7614295,25742.7614295,25742.7614295,25742.7614295,25742.7614295,25742.7614295,25742.7614295,25742.7614295,25742.7614295,25742.7614295,25742.7614295,25742.7614295,25742.7614295,25742.7614295,25742.7614295,25742.7614295,25742.7614295,25742.7614295,25742.7614295,25742.7614295,25742.7614295,25742.7614295,25742.7614295,25742.7614295,25742.7614295,25742.7614295,25742.7614295,25742.7614295,25742.7614295,25742.7614295,25742.7614295,25742.7614295,25742.7614295,25742.7614295,25742.7614295,25742.7614295,25742.7614295,25742.7614295,25742.7614295,25742.7614295,25742.7614295,25742.7614295,25742.7614295,25742.7614295,25742.7614295,25742.7614295,25742.7614295,25742.7614295,25742.7614295,25742.7614295,25742.7614295,25742.7614295,25742.7614295,25742.7614295,25742.7614295,25742.7614295,25742.7614295,25742.7614295,25742.7614295,25742.7614295,25742.7614295,25742.7614295,25742.7614295,25742.7614295,25742.7614295,25742.7614295,25742.7614295,25742.7614295,25742.7614295,25742.7614295,25742.7614295,25742.7614295,25742.7614295,25742.7614295,25742.7614295,25742.7614295,25742.7614295,25742.7614295,25742.7614295,25742.7614295,25742.7614295,25742.7614295,25742.7614295,25742.7614295,25742.7614295,25742.7614295,25742.7614295,25742.7614295,25742.7614295,25742.7614295,25742.7614295,25742.7614295,25742.7614295,25742.7614295,25742.7614295,25742.7614295,25742.7614295,25742.7614295,25742.7614295,25742.7614295,25742.7614295,25742.7614295,25742.7614295,25742.7614295,25742.7614295,25742.7614295,25742.7614295,25742.7614295,25742.7614295,25742.7614295,25742.7614295,25742.7614295,25742.7614295,25742.7614295,25742.7614295,25742.7614295,25742.7614295,25742.7614295,25742.7614295,25742.7614295,25742.7614295,25742.7614295,25742.7614295,25742.7614295,25742.7614295,25742.7614295,25742.7614295,25742.7614295,25742.7614295,25742.7614295,25742.7614295,25742.7614295,25742.7614295,25742.7614295,25742.7614295,25742.7614295,25742.7614295,25742.7614295,25742.7614295,25742.7614295,25742.7614295,25742.7614295,25742.7614295,25742.7614295,25742.7614295,25742.7614295,25742.7614295,25742.7614295,25742.7614295,25742.7614295,25742.7614295,25742.7614295,25742.7614295,25742.7614295,25742.7614295,25742.7614295,25742.7614295,25742.7614295,25742.7614295,25742.7614295,25742.7614295,25742.7614295,25742.7614295,25742.7614295,25742.7614295,25742.7614295,25742.7614295,25742.7614295,25742.7614295,25742.7614295,25742.7614295,25742.7614295,25742.7614295,25742.7614295,25742.7614295,25742.7614295,25742.7614295,25742.7614295,25742.7614295,25742.7614295,25742.7614295,25742.7614295,25742.7614295,25742.7614295,25742.7614295,25742.7614295,25742.7614295,25742.7614295,25742.7614295,25742.7614295,25742.7614295,25742.7614295,25742.7614295,25742.7614295,25742.7614295,25742.7614295,25742.7614295,25742.7614295,25742.7614295,25742.7614295,25742.7614295,25742.7614295,25742.7614295,25742.7614295,25742.7614295,25742.7614295,25742.7614295,25742.7614295,25742.7614295,25742.7614295,25742.7614295,25742.7614295,25742.7614295,25742.7614295,25742.7614295,25742.7614295,25742.7614295,25742.7614295,25742.7614295,25742.7614295,25742.7614295,25742.7614295,25742.7614295,25742.7614295,25742.7614295,25742.7614295,25742.7614295,25742.7614295,25742.7614295,25742.7614295,25742.7614295,25742.7614295,25742.7614295,25742.7614295,25742.7614295,25742.7614295,25742.7614295,25742.7614295,25742.7614295,25742.7614295,25742.7614295,25742.7614295,25742.7614295,25742.7614295,25742.7614295,25742.7614295,25742.7614295,25742.7614295,25742.7614295,25742.7614295,25742.7614295,25742.7614295,25742.7614295,25742.7614295,25742.7614295,25742.7614295,25742.7614295,25742.7614295,25742.7614295,25742.7614295,25742.7614295,25742.7614295,25742.7614295,25742.7614295,25742.7614295,25742.7614295,25742.7614295,25742.7614295,25742.7614295,25742.7614295,25742.7614295,25742.7614295,25742.7614295,25742.7614295,25742.7614295,25742.7614295,25742.7614295,25742.7614295,25742.7614295,25742.7614295,25742.7614295,25742.7614295,25742.7614295,25742.7614295,25742.7614295,25742.7614295,25742.7614295,25742.7614295,25742.7614295,25742.7614295,25742.7614295,25742.7614295,25742.7614295,25742.7614295,25742.7614295,25742.7614295,25742.7614295,25742.7614295,25742.7614295,25742.7614295,25742.7614295,25742.7614295,25742.7614295,25742.7614295,25742.7614295,25742.7614295,25742.7614295,25742.7614295,25742.7614295,25742.7614295,25742.7614295,25742.7614295,25742.7614295,25742.7614295,25742.7614295,25742.7614295,25742.7614295,25742.7614295,25742.7614295,25742.7614295,25742.7614295,25742.7614295,25742.7614295,25742.7614295,25742.7614295,25742.7614295,25742.7614295,25742.7614295,25742.7614295,25742.7614295,25742.7614295,25742.7614295,25742.7614295,25742.7614295,25742.7614295,25742.7614295,25742.7614295,25742.7614295,25742.7614295,25742.7614295,25742.7614295,25742.7614295,25742.7614295,25742.7614295,25742.7614295,25742.7614295,25742.7614295,25742.7614295,25742.7614295,25742.7614295,25742.7614295,25742.7614295,25742.7614295,25742.7614295,25742.7614295,25742.7614295,25742.7614295,25742.7614295,25742.7614295,25742.7614295,25742.7614295,25742.7614295,25742.7614295,25742.7614295,25742.7614295,25742.7614295,25742.7614295,25742.7614295,25742.7614295,25742.7614295,25742.7614295,25742.7614295,25742.7614295,25742.7614295,25742.7614295,25742.7614295,25742.7614295,25742.7614295,25742.7614295,25742.7614295,25742.7614295,25742.7614295,25742.7614295,25742.7614295,25742.7614295,25742.7614295,25742.7614295,25742.7614295,25742.7614295,25742.7614295,25742.7614295,25742.7614295,25742.7614295,25742.7614295,25742.7614295,25742.7614295,25742.7614295,25742.7614295,25742.7614295,25742.7614295,25742.7614295,25742.7614295,25742.7614295,25742.7614295,25742.7614295,25742.7614295,25742.7614295,25742.7614295,25742.7614295,25742.7614295,25742.7614295,25742.7614295,25742.7614295,25742.7614295,25742.7614295,25742.7614295,25742.7614295,25742.7614295,25742.7614295,25742.7614295,25742.7614295,25742.7614295,25742.7614295,25742.7614295,25742.7614295,25742.7614295,25742.7614295,25742.7614295,25742.7614295,25742.7614295,25742.7614295,25742.7614295,25742.7614295,25742.7614295,25742.7614295,25742.7614295,25742.7614295,25742.7614295,25742.7614295,25742.7614295,25742.7614295,25742.7614295,25742.7614295,25742.7614295,25742.7614295,25742.7614295,25742.7614295,25742.7614295,25742.7614295,25742.7614295,25742.7614295,25742.7614295,25742.7614295,25742.7614295,25742.7614295,25742.7614295,25742.7614295,25742.7614295,25742.7614295,25742.7614295,25742.7614295,25742.7614295,25742.7614295,25742.7614295,25742.7614295,25742.7614295,25742.7614295,25742.7614295,25742.7614295,25742.7614295,25742.7614295,25742.7614295,25742.7614295,25742.7614295,25742.7614295,25742.7614295,25742.7614295,25742.7614295,25742.7614295,25742.7614295,25742.7614295,25742.7614295,25742.7614295,25742.7614295,25742.7614295,25742.7614295,25742.7614295,25742.7614295,25742.7614295,25742.7614295,25742.7614295,25742.7614295,25742.7614295,25742.7614295,25742.7614295,25742.7614295,25742.7614295,25742.7614295,25742.7614295,25742.7614295,25742.7614295,25742.7614295,25742.7614295,25742.7614295,25742.7614295,25742.7614295,25742.7614295,25742.7614295,25742.7614295,25742.7614295,25742.7614295,25742.7614295,25742.7614295,25742.7614295,25742.7614295,25742.7614295,25742.7614295,25742.7614295,25742.7614295,25742.7614295,25742.7614295,25742.7614295,25742.7614295,25742.7614295,25742.7614295,25742.7614295,25742.7614295,25742.7614295,25742.7614295,25742.7614295,25742.7614295,25742.7614295,25742.7614295,25742.7614295,25742.7614295,25742.7614295,25742.7614295,25742.7614295,25742.7614295,25742.7614295,25742.7614295,25742.7614295,25742.7614295,25742.7614295,25742.7614295,25742.7614295,25742.7614295,25742.7614295,25742.7614295,25742.7614295,25742.7614295,25742.7614295,25742.7614295,25742.7614295,25742.7614295,25742.7614295,25742.7614295,25742.7614295,25742.7614295,25742.7614295,25742.7614295,25742.7614295,25742.7614295,25742.7614295,25742.7614295,25742.7614295,25742.7614295,25742.7614295,25742.7614295,25742.7614295,25742.7614295,25742.7614295,25742.7614295,25742.7614295,25742.7614295,25742.7614295,25742.7614295,25742.7614295,25742.7614295,25742.7614295,25742.7614295,25742.7614295,25742.7614295,25742.7614295,25742.7614295,25742.7614295,25742.7614295,25742.7614295,25742.7614295,25742.7614295,25742.7614295,25742.7614295,25742.7614295,25742.7614295,25742.7614295,25742.7614295,25742.7614295,25742.7614295,25742.7614295,25742.7614295,25742.7614295,25742.7614295,25742.7614295,25742.7614295,25742.7614295,25742.7614295,25742.7614295,25742.7614295,25742.7614295,25742.7614295,25742.7614295,25742.7614295,25742.7614295,25742.7614295,25742.7614295,25742.7614295,25742.7614295,25742.7614295,25742.7614295,25742.7614295,25742.7614295,25742.7614295,25742.7614295,25742.7614295,25742.7614295,25742.7614295,25742.7614295,25742.7614295,25742.7614295,25742.7614295,25742.7614295,25742.7614295,25742.7614295,25742.7614295,25742.7614295,25742.7614295,25742.7614295,25742.7614295,25742.7614295,25742.7614295,25742.7614295,25742.7614295,25742.7614295,25742.7614295,25742.7614295,25742.7614295,25742.7614295,25742.7614295,25742.7614295,25742.7614295,25742.7614295,25742.7614295,25742.7614295,25742.7614295,25742.7614295,25742.7614295,25742.7614295,25742.7614295,25742.7614295,25742.7614295,25742.7614295,25742.7614295,25742.7614295,25742.7614295,25742.7614295,25742.7614295,25742.7614295,25742.7614295,25742.7614295,25742.7614295,25742.7614295,25742.7614295,25742.7614295,25742.7614295,25742.7614295,25742.7614295,25742.7614295,25742.7614295,25742.7614295,25742.7614295,25742.7614295,25742.7614295,25742.7614295,25742.7614295,25742.7614295,25742.7614295,25742.7614295,25742.7614295,25742.7614295,25742.7614295,25742.7614295,25742.7614295,25742.7614295,25742.7614295,25742.7614295,25742.7614295,25742.7614295,25742.7614295,25742.7614295,25742.7614295,25742.7614295,25742.7614295,25742.7614295,25742.7614295,25742.7614295,25742.7614295,25742.7614295,25742.7614295,25742.7614295,25742.7614295,25742.7614295,25742.7614295,25742.7614295,25742.7614295,25742.7614295,25742.7614295,25742.7614295,25742.7614295,25742.7614295,25742.7614295,25742.7614295,25742.7614295,25742.7614295,25742.7614295,25742.7614295,25742.7614295,25742.7614295,25742.7614295,25742.7614295,25742.7614295,25742.7614295,25742.7614295,25742.7614295,25742.7614295,25742.7614295,25742.7614295,25742.7614295,25742.7614295,25742.7614295,25742.7614295,25742.7614295,25742.7614295,25742.7614295,25742.7614295,25742.7614295,25742.7614295,25742.7614295,25742.7614295,25742.7614295,25742.7614295,25742.7614295,25742.7614295,25742.7614295,25742.7614295,25742.7614295,25742.7614295,25742.7614295,25742.7614295,25742.7614295,25742.7614295,25742.7614295,25742.7614295,25742.7614295,25742.7614295,25742.7614295,25742.7614295,25742.7614295,25742.7614295,25742.7614295,25742.7614295,25742.7614295,25742.7614295,25742.7614295,25742.7614295,25742.7614295,25742.7614295,25742.7614295,25742.7614295,25742.7614295,25742.7614295,25742.7614295,25742.7614295,25742.7614295,25742.7614295,25742.7614295,25742.7614295,25742.7614295,25742.7614295,25742.7614295,25742.7614295,25742.7614295,25742.7614295,25742.7614295,25742.7614295,25742.7614295,25742.7614295,25742.7614295,25742.7614295,25742.7614295,25742.7614295,25742.7614295,25742.7614295,25742.7614295,25742.7614295,25742.7614295,25742.7614295,25742.7614295,25742.7614295,25742.7614295,25742.7614295,25742.7614295,25742.7614295,25742.7614295,25742.7614295,25742.7614295,25742.7614295,25742.7614295,25742.7614295,25742.7614295,25742.7614295,25742.7614295,25742.7614295,25742.7614295,25742.7614295,25742.7614295,25742.7614295,25742.7614295,25742.7614295,25742.7614295,25742.7614295,25742.7614295,25742.7614295,25742.7614295,25742.7614295,25742.7614295,25742.7614295,25742.7614295,25742.7614295,25742.7614295,25742.7614295,25742.7614295,25742.7614295,25742.7614295,25742.7614295,25742.7614295,25742.7614295,25742.7614295,25742.7614295,25742.7614295,25742.7614295,25742.7614295,25742.7614295,25742.7614295,25742.7614295,25742.7614295,25742.7614295,25742.7614295,25742.7614295,25742.7614295,25742.7614295,25742.7614295,25742.7614295,25742.7614295,25742.7614295,25742.7614295,25742.7614295,25742.7614295,25742.7614295,25742.7614295,25742.7614295,25742.7614295,25742.7614295,25742.7614295,25742.7614295,25742.7614295,25742.7614295,25742.7614295,25742.7614295,25742.7614295,25742.7614295,25742.7614295,25742.7614295,25742.7614295,25742.7614295,25742.7614295,25742.7614295,25742.7614295,25742.7614295,25742.7614295,25742.7614295,25742.7614295,25742.7614295,25742.7614295,25742.7614295,25742.7614295,25742.7614295,25742.7614295,25742.7614295,25742.7614295,25742.7614295,25742.7614295,25742.7614295,25742.7614295,25742.7614295,25742.7614295,25742.7614295,25742.7614295,25742.7614295,25742.7614295,25742.7614295,25742.7614295,25742.7614295,25742.7614295,25742.7614295,25742.7614295,25742.7614295,25742.7614295,25742.7614295,25742.7614295,25742.7614295,25742.7614295,25742.7614295,25742.7614295,25742.7614295,25742.7614295,25742.7614295,25742.7614295,25742.7614295,25742.7614295,25742.7614295,25742.7614295,25742.7614295,25742.7614295,25742.7614295,25742.7614295,25742.7614295,25742.7614295,25742.7614295,25742.7614295,25742.7614295,25742.7614295,25742.7614295,25742.7614295,25742.7614295,25742.7614295,25742.7614295,25742.7614295,25742.7614295,25742.7614295,25742.7614295,25742.7614295,25742.7614295,25742.7614295,25742.7614295,25742.7614295,25742.7614295,25742.7614295,25742.7614295,25742.7614295,25742.7614295,25742.7614295,25742.7614295,25742.7614295,25742.7614295,25742.7614295,25742.7614295,25742.7614295,25742.7614295,25742.7614295,25742.7614295,25742.7614295,25742.7614295,25742.7614295,25742.7614295,25742.7614295,25742.7614295,25742.7614295,25742.7614295,25742.7614295,25742.7614295,25742.7614295,25742.7614295,25742.7614295,25742.7614295,25742.7614295,25742.7614295,25742.7614295,25742.7614295,25742.7614295,25742.7614295,25742.7614295,25742.7614295,25742.7614295,25742.7614295,25742.7614295,25742.7614295,25742.7614295,25742.7614295,25742.7614295,25742.7614295,25742.7614295,25742.7614295,25742.7614295,25742.7614295,25742.7614295,25742.7614295,25742.7614295,25742.7614295,25742.7614295,25742.7614295,25742.7614295,25742.7614295,25742.7614295,25742.7614295,25742.7614295,25742.7614295,25742.7614295,25742.7614295,25742.7614295,25742.7614295,25742.7614295,25742.7614295,25742.7614295,25742.7614295,25742.7614295,25742.7614295,25742.7614295,25742.7614295,25742.7614295,25742.7614295,25742.7614295,25742.7614295,25742.7614295,25742.7614295,25742.7614295,25742.7614295,25742.7614295,25742.7614295,25742.7614295,25742.7614295,25742.7614295,25742.7614295,25742.7614295,25742.7614295,25742.7614295,25742.7614295,25742.7614295,25742.7614295,25742.7614295,25742.7614295,25742.7614295,25742.7614295,25742.7614295,25742.7614295,25742.7614295,25742.7614295,25742.7614295,25742.7614295,25742.7614295,25742.7614295,25742.7614295,25742.7614295,25742.7614295,25742.7614295,25742.7614295,25742.7614295,25742.7614295,25742.7614295,25742.7614295,25742.7614295,25742.7614295,25742.7614295,25742.7614295,25742.7614295,25742.7614295,25742.7614295,25742.7614295,25742.7614295,25742.7614295,25742.7614295,25742.7614295,25742.7614295,25742.7614295,25742.7614295,25742.7614295,25742.7614295,25742.7614295,25742.7614295,25742.7614295,25742.7614295,25742.7614295,25742.7614295,25742.7614295,25742.7614295,25742.7614295,25742.7614295,25742.7614295,25742.7614295,25742.7614295,25742.7614295,25742.7614295,25742.7614295,25742.7614295,25742.7614295,25742.7614295,25742.7614295,25742.7614295,25742.7614295,25742.7614295,25742.7614295,25742.7614295,25742.7614295,25742.7614295,25742.7614295,25742.7614295,25742.7614295,25742.7614295,25742.7614295,25742.7614295,25742.7614295,25742.7614295,25742.7614295,25742.7614295,25742.7614295,25742.7614295,25742.7614295,25742.7614295,25742.7614295,25742.7614295,25742.7614295,25742.7614295,25742.7614295,25742.7614295,25742.7614295,25742.7614295,25742.7614295,25742.7614295,25742.7614295,25742.7614295,25742.7614295,25742.7614295,25742.7614295,25742.7614295,25742.7614295,25742.7614295,25742.7614295,25742.7614295,25742.7614295,25742.7614295,25742.7614295,25742.7614295,25742.7614295,25742.7614295,25742.7614295,25742.7614295,25742.7614295,25742.7614295,25742.7614295,25742.7614295,25742.7614295,25742.7614295,25742.7614295,25742.7614295,25742.7614295,25742.7614295,25742.7614295,25742.7614295,25742.7614295,25742.7614295,25742.7614295,25742.7614295,25742.7614295,25742.7614295,25742.7614295,25742.7614295,25742.7614295,25742.7614295,25742.7614295,25742.7614295,25742.7614295,25742.7614295,25742.7614295,25742.7614295,25742.7614295,25742.7614295,25742.7614295,25742.7614295,25742.7614295,25742.7614295,25742.7614295,25742.7614295,25742.7614295,25742.7614295,25742.7614295,25742.7614295,25742.7614295,25742.7614295,25742.7614295,25742.7614295,25742.7614295,25742.7614295,25742.7614295,25742.7614295,25742.7614295,25742.7614295,25742.7614295,25742.7614295,25742.7614295,25742.7614295,25742.7614295,25742.7614295,25742.7614295,25742.7614295,25742.7614295,25742.7614295,25742.7614295,25742.7614295,25742.7614295,25742.7614295,25742.7614295,25742.7614295,25742.7614295,25742.7614295,25742.7614295,25742.7614295,25742.7614295,25742.7614295,25742.7614295,25742.7614295,25742.7614295,25742.7614295,25742.7614295,25742.7614295,25742.7614295,25742.7614295,25742.7614295,25742.7614295,25742.7614295,25742.7614295,25742.7614295,25742.7614295,25742.7614295,25742.7614295,25742.7614295,25742.7614295,25742.7614295,25742.7614295,25742.7614295,25742.7614295,25742.7614295,25742.7614295,25742.7614295,25742.7614295,25742.7614295,25742.7614295,25742.7614295,25742.7614295,25742.7614295,25742.7614295,25742.7614295,25742.7614295,25742.7614295,25742.7614295,25742.7614295,25742.7614295,25742.7614295,25742.7614295,25742.7614295,25742.7614295,25742.7614295,25742.7614295,25742.7614295,25742.7614295,25742.7614295,25742.7614295,25742.7614295,25742.7614295,25742.7614295,25742.7614295,25742.7614295,25742.7614295,25742.7614295,25742.7614295,25742.7614295,25742.7614295,25742.7614295,25742.7614295,25742.7614295,25742.7614295,25742.7614295,25742.7614295,25742.7614295,25742.7614295,25742.7614295,25742.7614295,25742.7614295,25742.7614295,25742.7614295,25742.7614295,25742.7614295,25742.7614295,25742.7614295,25742.7614295,25742.7614295,25742.7614295,25742.7614295,25742.7614295,25742.7614295,25742.7614295,25742.7614295,25742.7614295,25742.7614295,25742.7614295,25742.7614295,25742.7614295,25742.7614295,25742.7614295,25742.7614295,25742.7614295,25742.7614295,25742.7614295,25742.7614295,25742.7614295,25742.7614295,25742.7614295,25742.7614295,25742.7614295,25742.7614295,25742.7614295,25742.7614295,25742.7614295,25742.7614295,25742.7614295,25742.7614295,25742.7614295,25742.7614295,25742.7614295,25742.7614295,25742.7614295,25742.7614295,25742.7614295,25742.7614295,25742.7614295,25742.7614295,25742.7614295,25742.7614295,25742.7614295,25742.7614295,25742.7614295,25742.7614295,25742.7614295,25742.7614295,25742.7614295,25742.7614295,25742.7614295,25742.7614295,25742.7614295,25742.7614295,25742.7614295,25742.7614295,25742.7614295,25742.7614295,25742.7614295,25742.7614295,25742.7614295,25742.7614295,25742.7614295,25742.7614295,25742.7614295,25742.7614295,25742.7614295,25742.7614295,25742.7614295,25742.7614295,25742.7614295,25742.7614295,25742.7614295,25742.7614295,25742.7614295,25742.7614295,25742.7614295,25742.7614295,25742.7614295,25742.7614295,25742.7614295,25742.7614295,25742.7614295,25742.7614295,25742.7614295,25742.7614295,25742.7614295,25742.7614295,25742.7614295,25742.7614295,25742.7614295,25742.7614295,25742.7614295,25742.7614295,25742.7614295,25742.7614295,25742.7614295,25742.7614295,25742.7614295,25742.7614295,25742.7614295,25742.7614295,25742.7614295,25742.7614295,25742.7614295,25742.7614295,25742.7614295,25742.7614295,25742.7614295,25742.7614295,25742.7614295,25742.7614295,25742.7614295,25742.7614295,25742.7614295,25742.7614295,25742.7614295,25742.7614295,25742.7614295,25742.7614295,25742.7614295,25742.7614295,25742.7614295,25742.7614295,25742.7614295,25742.7614295,25742.7614295,25742.7614295,25742.7614295,25742.7614295,25742.7614295,25742.7614295,25742.7614295,25742.7614295,25742.7614295,25742.7614295,25742.7614295,25742.7614295,25742.7614295,25742.7614295,25742.7614295,25742.7614295,25742.7614295,25742.7614295,25742.7614295,25742.7614295,25742.7614295,25742.7614295,25742.7614295,25742.7614295,25742.7614295,25742.7614295,25742.7614295,25742.7614295,25742.7614295,25742.7614295,25742.7614295,25742.7614295,25742.7614295,25742.7614295,25742.7614295,25742.7614295,25742.7614295,25742.7614295,25742.7614295,25742.7614295,25742.7614295,25742.7614295,25742.7614295,25742.7614295,25742.7614295,25742.7614295,25742.7614295,25742.7614295,25742.7614295,25742.7614295,25742.7614295,25742.7614295,25742.7614295,25742.7614295,25742.7614295,25742.7614295,25742.7614295,25742.7614295,25742.7614295,25742.7614295,25742.7614295,25742.7614295,25742.7614295,25742.7614295,25742.7614295,25742.7614295,25742.7614295,25742.7614295,25742.7614295,25742.7614295,25742.7614295,25742.7614295,25742.7614295,25742.7614295,25742.7614295,25742.7614295,25742.7614295,25742.7614295,25742.7614295,25742.7614295,25742.7614295,25742.7614295,25742.7614295,25742.7614295,25742.7614295,25742.7614295,25742.7614295,25742.7614295,25742.7614295,25742.7614295,25742.7614295,25742.7614295,25742.7614295,25742.7614295,25742.7614295,25742.7614295,25742.7614295,25742.7614295,25742.7614295,25742.7614295,25742.7614295,25742.7614295,25742.7614295,25742.7614295,25742.7614295,25742.7614295,25742.7614295,25742.7614295,25742.7614295,25742.7614295,25742.7614295,25742.7614295,25742.7614295,25742.7614295,25742.7614295,25742.7614295,25742.7614295,25742.7614295,25742.7614295,25742.7614295,25742.7614295,25742.7614295,25742.7614295,25742.7614295,25742.7614295,25742.7614295,25742.7614295,25742.7614295,25742.7614295,25742.7614295,25742.7614295,25742.7614295,25742.7614295,25742.7614295,25742.7614295,25742.7614295,25742.7614295,25742.7614295,25742.7614295,25742.7614295,25742.7614295,25742.7614295,25742.7614295,25742.7614295,25742.7614295,25742.7614295,25742.7614295,25742.7614295,25742.7614295,25742.7614295,25742.7614295,25742.7614295,25742.7614295,25742.7614295,25742.7614295,25742.7614295,25742.7614295,25742.7614295,25742.7614295,25742.7614295,25742.7614295,25742.7614295,25742.7614295,25742.7614295,25742.7614295,25742.7614295,25742.7614295,25742.7614295,25742.7614295,25742.7614295,25742.7614295,25742.7614295,25742.7614295,25742.7614295,25742.7614295,25742.7614295,25742.7614295,25742.7614295,25742.7614295,25742.7614295,25742.7614295,25742.7614295,25742.7614295,25742.7614295,25742.7614295,25742.7614295,25742.7614295,25742.7614295,25742.7614295,25742.7614295,25742.7614295,25742.7614295,25742.7614295,25742.7614295,25742.7614295,25742.7614295,25742.7614295,25742.7614295,25742.7614295,25742.7614295,25742.7614295,25742.7614295,25742.7614295,25742.7614295,25742.7614295,25742.7614295,25742.7614295,25742.7614295,25742.7614295,25742.7614295,25742.7614295,25742.7614295,25742.7614295,25742.7614295,25742.7614295,25742.7614295,25742.7614295,25742.7614295,25742.7614295,25742.7614295,25742.7614295,25742.7614295,25742.7614295,25742.7614295,25742.7614295,25742.7614295,25742.7614295,25742.7614295,25742.7614295,25742.7614295,25742.7614295,25742.7614295,25742.7614295,25742.7614295,25742.7614295,25742.7614295,25742.7614295,25742.7614295,25742.7614295,25742.7614295,25742.7614295,25742.7614295,25742.7614295,25742.7614295,25742.7614295,25742.7614295,25742.7614295,25742.7614295,25742.7614295,25742.7614295,25742.7614295,25742.7614295,25742.7614295,25742.7614295,25742.7614295,25742.7614295,25742.7614295,25742.7614295,25742.7614295,25742.7614295,25742.7614295,25742.7614295,25742.7614295,25742.7614295,25742.7614295,25742.7614295,25742.7614295,25742.7614295,25742.7614295,25742.7614295,25742.7614295,25742.7614295,25742.7614295,25742.7614295,25742.7614295,25742.7614295,25742.7614295,25742.7614295,25742.7614295,25742.7614295,25742.7614295,25742.7614295,25742.7614295,25742.7614295,25742.7614295,25742.7614295,25742.7614295,25742.7614295,25742.7614295,25742.7614295,25742.7614295,25742.7614295,25742.7614295,25742.7614295,25742.7614295,25742.7614295,25742.7614295,25742.7614295,25742.7614295,25742.7614295,25742.7614295,25742.7614295,25742.7614295,25742.7614295,25742.7614295,25742.7614295,25742.7614295,25742.7614295,25742.7614295,25742.7614295,25742.7614295,25742.7614295,25742.7614295,25742.7614295,25742.7614295,25742.7614295,25742.7614295,25742.7614295,25742.7614295,25742.7614295,25742.7614295,25742.7614295,25742.7614295,25742.7614295,25742.7614295,25742.7614295,25742.7614295,25742.7614295,25742.7614295,25742.7614295,25742.7614295,25742.7614295,25742.7614295,25742.7614295,25742.7614295,25742.7614295,25742.7614295,25742.7614295,25742.7614295,25742.7614295,25742.7614295,25742.7614295,25742.7614295,25742.7614295,25742.7614295,25742.7614295,25742.7614295,25742.7614295,25742.7614295,25742.7614295,25742.7614295,25742.7614295,25742.7614295,25742.7614295,25742.7614295,25742.7614295,25742.7614295,25742.7614295,25742.7614295,25742.7614295,25742.7614295,25742.7614295,25742.7614295,25742.7614295,25742.7614295,25742.7614295,25742.7614295,25742.7614295,25742.7614295,25742.7614295,25742.7614295,25742.7614295,25742.7614295,25742.7614295,25742.7614295,25742.7614295,25742.7614295,25742.7614295,25742.7614295,25742.7614295,25742.7614295,25742.7614295,25742.7614295,25742.7614295,25742.7614295,25742.7614295,25742.7614295,25742.7614295,25742.7614295,25742.7614295,25742.7614295,25742.7614295,25742.7614295,25742.7614295,25742.7614295,25742.7614295,25742.7614295,25742.7614295,25742.7614295,25742.7614295,25742.7614295,25742.7614295,25742.7614295,25742.7614295,25742.7614295,25742.7614295,25742.7614295,25742.7614295,25742.7614295,25742.7614295,25742.7614295,25742.7614295,25742.7614295,25742.7614295,25742.7614295,25742.7614295,25742.7614295,25742.7614295,25742.7614295,25742.7614295,25742.7614295,25742.7614295,25742.7614295,25742.7614295,25742.7614295,25742.7614295,25742.7614295,25742.7614295,25742.7614295,25742.7614295,25742.7614295,25742.7614295,25742.7614295,25742.7614295,25742.7614295,25742.7614295,25742.7614295,25742.7614295,25742.7614295,25742.7614295,25742.7614295,25742.7614295,25742.7614295,25742.7614295,25742.7614295,25742.7614295,25742.7614295,25742.7614295,25742.7614295,25742.7614295,25742.7614295,25742.7614295,25742.7614295,25742.7614295,25742.7614295,25742.7614295,25742.7614295,25742.7614295,25742.7614295,25742.7614295,25742.7614295,25742.7614295,25742.7614295,25742.7614295,25742.7614295,25742.7614295,25742.7614295,25742.7614295,25742.7614295,25742.7614295,25742.7614295,25742.7614295,25742.7614295,25742.7614295,25742.7614295,25742.7614295,25742.7614295,25742.7614295,25742.7614295,25742.7614295,25742.7614295,25742.7614295,25742.7614295,25742.7614295,25742.7614295,25742.7614295,25742.7614295,25742.7614295,25742.7614295,25742.7614295,25742.7614295,25742.7614295,25742.7614295,25742.7614295,25742.7614295,25742.7614295,25742.7614295,25742.7614295,25742.7614295,25742.7614295,25742.7614295,25742.7614295,25742.7614295,25742.7614295,25742.7614295,25742.7614295,25742.7614295,25742.7614295,25742.7614295,25742.7614295,25742.7614295,25742.7614295,25742.7614295,25742.7614295,25742.7614295,25742.7614295,25742.7614295,25742.7614295,25742.7614295,25742.7614295,25742.7614295,25742.7614295,25742.7614295,25742.7614295,25742.7614295,25742.7614295,25742.7614295,25742.7614295,25742.7614295,25742.7614295,25742.7614295,25742.7614295,25742.7614295,25742.7614295,25742.7614295,25742.7614295,25742.7614295,25742.7614295,25742.7614295,25742.7614295,25742.7614295,25742.7614295,25742.7614295,25742.7614295,25742.7614295,25742.7614295,25742.7614295,25742.7614295,25742.7614295,25742.7614295,25742.7614295,25742.7614295,25742.7614295,25742.7614295,25742.7614295,25742.7614295,25742.7614295,25742.7614295,25742.7614295,25742.7614295,25742.7614295,25742.7614295,25742.7614295,25742.7614295,25742.7614295,25742.7614295,25742.7614295,25742.7614295,25742.7614295,25742.7614295,25742.7614295,25742.7614295,25742.7614295,25742.7614295,25742.7614295,25742.7614295,25742.7614295,25742.7614295,25742.7614295,25742.7614295,25742.7614295,25742.7614295,25742.7614295,25742.7614295,25742.7614295,25742.7614295,25742.7614295,25742.7614295,25742.7614295,25742.7614295,25742.7614295,25742.7614295,25742.7614295,25742.7614295,25742.7614295,25742.7614295,25742.7614295,25742.7614295,25742.7614295,25742.7614295,25742.7614295,25742.7614295,25742.7614295,25742.7614295,25742.7614295,25742.7614295,25742.7614295,25742.7614295,25742.7614295,25742.7614295,25742.7614295,25742.7614295,25742.7614295,25742.7614295,25742.7614295,25742.7614295,25742.7614295,25742.7614295,25742.7614295,25742.7614295,25742.7614295,25742.7614295,25742.7614295,25742.7614295,25742.7614295,25742.7614295,25742.7614295,25742.7614295,25742.7614295,25742.7614295,25742.7614295,25742.7614295,25742.7614295,25742.7614295,25742.7614295,25742.7614295,25742.7614295,25742.7614295,25742.7614295,25742.7614295,25742.7614295,25742.7614295,25742.7614295,25742.7614295,25742.7614295,25742.7614295,25742.7614295,25742.7614295,25742.7614295,25742.7614295,25742.7614295,25742.7614295,25742.7614295,25742.7614295,25742.7614295,25742.7614295,25742.7614295,25742.7614295,25742.7614295,25742.7614295,25742.7614295,25742.7614295,25742.7614295,25742.7614295,25742.7614295,25742.7614295,25742.7614295,25742.7614295,25742.7614295,25742.7614295,25742.7614295,25742.7614295,25742.7614295,25742.7614295,25742.7614295,25742.7614295,25742.7614295,25742.7614295,25742.7614295,25742.7614295,25742.7614295,25742.7614295,25742.7614295,25742.7614295,25742.7614295,25742.7614295,25742.7614295,25742.7614295,25742.7614295,25742.7614295,25742.7614295,25742.7614295,25742.7614295,25742.7614295,25742.7614295,25742.7614295,25742.7614295,25742.7614295,25742.7614295,25742.7614295,25742.7614295,25742.7614295,25742.7614295,25742.7614295,25742.7614295,25742.7614295,25742.7614295,25742.7614295,25742.7614295,25742.7614295,25742.7614295,25742.7614295,25742.7614295,25742.7614295,25742.7614295,25742.7614295,25742.7614295,25742.7614295,25742.7614295,25742.7614295,25742.7614295,25742.7614295,25742.7614295,25742.7614295,25742.7614295,25742.7614295,25742.7614295,25742.7614295,25742.7614295,25742.7614295,25742.7614295,25742.7614295,25742.7614295,25742.7614295,25742.7614295,25742.7614295,25742.7614295,25742.7614295,25742.7614295,25742.7614295,25742.7614295,25742.7614295,25742.7614295,25742.7614295,25742.7614295,25742.7614295,25742.7614295,25742.7614295,25742.7614295,25742.7614295,25742.7614295,25742.7614295,25742.7614295,25742.7614295,25742.7614295,25742.7614295,25742.7614295,25742.7614295,25742.7614295,25742.7614295,25742.7614295,25742.7614295,25742.7614295,25742.7614295,25742.7614295,25742.7614295,25742.7614295,25742.7614295,25742.7614295,25742.7614295,25742.7614295,25742.7614295,25742.7614295,25742.7614295,25742.7614295,25742.7614295,25742.7614295,25742.7614295,25742.7614295,25742.7614295,25742.7614295,25742.7614295,25742.7614295,25742.7614295,25742.7614295,25742.7614295,25742.7614295,25742.7614295,25742.7614295,25742.7614295,25742.7614295,25742.7614295,25742.7614295,25742.7614295,25742.7614295,25742.7614295,25742.7614295,25742.7614295,25742.7614295,25742.7614295,25742.7614295,25742.7614295,25742.7614295,25742.7614295,25742.7614295,25742.7614295,25742.7614295,25742.7614295,25742.7614295,25742.7614295,25742.7614295,25742.7614295,25742.7614295,25742.7614295,25742.7614295,25742.7614295,25742.7614295,25742.7614295,25742.7614295,25742.7614295,25742.7614295,25742.7614295,25742.7614295,25742.7614295,25742.7614295,25742.7614295,25742.7614295,25742.7614295,25742.7614295,25742.7614295,25742.7614295,25742.7614295,25742.7614295,25742.7614295,25742.7614295,25742.7614295,25742.7614295,25742.7614295,25742.7614295,25742.7614295,25742.7614295,25742.7614295,25742.7614295,25742.7614295,25742.7614295,25742.7614295,25742.7614295,25742.7614295,25742.7614295,25742.7614295,25742.7614295,25742.7614295,25742.7614295,25742.7614295,25742.7614295,25742.7614295,25742.7614295,25742.7614295,25742.7614295,25742.7614295,25742.7614295,25742.7614295,25742.7614295,25742.7614295,25742.7614295,25742.7614295,25742.7614295,25742.7614295,25742.7614295,25742.7614295,25742.7614295,25742.7614295,25742.7614295,25742.7614295,25742.7614295,25742.7614295,25742.7614295,25742.7614295,25742.7614295,25742.7614295,25742.7614295,25742.7614295,25742.7614295,25742.7614295,25742.7614295,25742.7614295,25742.7614295,25742.7614295,25742.7614295,25742.7614295,25742.7614295,25742.7614295,25742.7614295,25742.7614295,25742.7614295,25742.7614295,25742.7614295,25742.7614295,25742.7614295,25742.7614295,25742.7614295,25742.7614295,25742.7614295,25742.7614295,25742.7614295,25742.7614295,25742.7614295,25742.7614295,25742.7614295,25742.7614295,25742.7614295,25742.7614295,25742.7614295,25742.7614295,25742.7614295,25742.7614295,25742.7614295,25742.7614295,25742.7614295,25742.7614295,25742.7614295,25742.7614295,25742.7614295,25742.7614295,25742.7614295,25742.7614295,25742.7614295,25742.7614295,25742.7614295,25742.7614295,25742.7614295,25742.7614295,25742.7614295,25742.7614295,25742.7614295,25742.7614295,25742.7614295,25742.7614295,25742.7614295,25742.7614295,25742.7614295,25742.7614295,25742.7614295,25742.7614295,25742.7614295,25742.7614295,25742.7614295,25742.7614295,25742.7614295,25742.7614295,25742.7614295,25742.7614295,25742.7614295,25742.7614295,25742.7614295,25742.7614295,25742.7614295,25742.7614295,25742.7614295,25742.7614295,25742.7614295,25742.7614295,25742.7614295,25742.7614295,25742.7614295,25742.7614295,25742.7614295,25742.7614295,25742.7614295,25742.7614295,25742.7614295,25742.7614295,25742.7614295,25742.7614295,25742.7614295,25742.7614295,25742.7614295,25742.7614295,25742.7614295,25742.7614295,25742.7614295,25742.7614295,25742.7614295,25742.7614295,25742.7614295,25742.7614295,25742.7614295,25742.7614295,25742.7614295,25742.7614295,25742.7614295,25742.7614295,25742.7614295,25742.7614295,25742.7614295,25742.7614295,25742.7614295,25742.7614295,25742.7614295,25742.7614295,25742.7614295,25742.7614295,25742.7614295,25742.7614295,25742.7614295,25742.7614295,25742.7614295,25742.7614295,25742.7614295,25742.7614295,25742.7614295,25742.7614295,25742.7614295,25742.7614295,25742.7614295,25742.7614295,25742.7614295,25742.7614295,25742.7614295,25742.7614295,25742.7614295,25742.7614295,25742.7614295,25742.7614295,25742.7614295,25742.7614295,25742.7614295,25742.7614295,25742.7614295,25742.7614295,25742.7614295,25742.7614295,25742.7614295,25742.7614295,25742.7614295,25742.7614295,25742.7614295,25742.7614295,25742.7614295,25742.7614295,25742.7614295,25742.7614295,25742.7614295,25742.7614295,25742.7614295,25742.7614295,25742.7614295,25742.7614295,25742.7614295,25742.7614295,25742.7614295,25742.7614295,25742.7614295,25742.7614295,25742.7614295,25742.7614295,25742.7614295,25742.7614295,25742.7614295,25742.7614295,25742.7614295,25742.7614295,25742.7614295,25742.7614295,25742.7614295,25742.7614295,25742.7614295,25742.7614295,25742.7614295,25742.7614295,25742.7614295,25742.7614295,25742.7614295,25742.7614295,25742.7614295,25742.7614295,25742.7614295,25742.7614295,25742.7614295,25742.7614295,25742.7614295,25742.7614295,25742.7614295,25742.7614295,25742.7614295,25742.7614295,25742.7614295,25742.7614295,25742.7614295,25742.7614295,25742.7614295,25742.7614295,25742.7614295,25742.7614295,25742.7614295,25742.7614295,25742.7614295,25742.7614295,25742.7614295,25742.7614295,25742.7614295,25742.7614295,25742.7614295,25742.7614295,25742.7614295,25742.7614295,25742.7614295,25742.7614295,25742.7614295,25742.7614295,25742.7614295,25742.7614295,25742.7614295,25742.7614295,25742.7614295,25742.7614295,25742.7614295,25742.7614295,25742.7614295,25742.7614295,25742.7614295,25742.7614295,25742.7614295,25742.7614295,25742.7614295,25742.7614295,25742.7614295,25742.7614295,25742.7614295,25742.7614295,25742.7614295,25742.7614295,25742.7614295,25742.7614295,25742.7614295,25742.7614295,25742.7614295,25742.7614295,25742.7614295,25742.7614295,25742.7614295,25742.7614295,25742.7614295,25742.7614295,25742.7614295,25742.7614295,25742.7614295,25742.7614295,25742.7614295,25742.7614295,25742.7614295,25742.7614295,25742.7614295,25742.7614295,25742.7614295,25742.7614295,25742.7614295,25742.7614295,25742.7614295,25742.7614295,25742.7614295,25742.7614295,25742.7614295,25742.7614295,25742.7614295,25742.7614295,25742.7614295,25742.7614295,25742.7614295,25742.7614295,25742.7614295,25742.7614295,25742.7614295,25742.7614295,25742.7614295,25742.7614295,25742.7614295,25742.7614295,25742.7614295,25742.7614295,25742.7614295,25742.7614295,25742.7614295,25742.7614295,25742.7614295,25742.7614295,25742.7614295,25742.7614295,25742.7614295,25742.7614295,25742.7614295,25742.7614295,25742.7614295,25742.7614295,25742.7614295,25742.7614295,25742.7614295,25742.7614295,25742.7614295,25742.7614295,25742.7614295,25742.7614295,25742.7614295,25742.7614295,25742.7614295,25742.7614295,25742.7614295,25742.7614295,25742.7614295,25742.7614295,25742.7614295,25742.7614295,25742.7614295,25742.7614295,25742.7614295,25742.7614295,25742.7614295,25742.7614295,25742.7614295,25742.7614295,25742.7614295,25742.7614295,25742.7614295,25742.7614295,25742.7614295,25742.7614295,25742.7614295,25742.7614295,25742.7614295,25742.7614295,25742.7614295,25742.7614295,25742.7614295,25742.7614295,25742.7614295,25742.7614295,25742.7614295,25742.7614295,25742.7614295,25742.7614295,25742.7614295,25742.7614295,25742.7614295,25742.7614295,25742.7614295,25742.7614295,25742.7614295,25742.7614295,25742.7614295,25742.7614295,25742.7614295,25742.7614295,25742.7614295,25742.7614295,25742.7614295,25742.7614295,25742.7614295,25742.7614295,25742.7614295,25742.7614295,25742.7614295,25742.7614295,25742.7614295,25742.7614295,25742.7614295,25742.7614295,25742.7614295,25742.7614295,25742.7614295,25742.7614295,25742.7614295,25742.7614295,25742.7614295,25742.7614295,25742.7614295,25742.7614295,25742.7614295,25742.7614295,25742.7614295,25742.7614295,25742.7614295,25742.7614295,25742.7614295,25742.7614295,25742.7614295,25742.7614295,25742.7614295,25742.7614295,25742.7614295,25742.7614295,25742.7614295,25742.7614295,25742.7614295,25742.7614295,25742.7614295,25742.7614295,25742.7614295,25742.7614295,25742.7614295,25742.7614295,25742.7614295,25742.7614295,25742.7614295,25742.7614295,25742.7614295,25742.7614295,25742.7614295,25742.7614295,25742.7614295,25742.7614295,25742.7614295,25742.7614295,25742.7614295,25742.7614295,25742.7614295,25742.7614295,25742.7614295,25742.7614295,25742.7614295,25742.7614295,25742.7614295,25742.7614295,25742.7614295,25742.7614295,25742.7614295,25742.7614295,25742.7614295,25742.7614295,25742.7614295,25742.7614295,25742.7614295,25742.7614295,25742.7614295,25742.7614295,25742.7614295,25742.7614295,25742.7614295,25742.7614295,25742.7614295,25742.7614295,25742.7614295,25742.7614295,25742.7614295,25742.7614295,25742.7614295,25742.7614295,25742.7614295,25742.7614295,25742.7614295,25742.7614295,25742.7614295,25742.7614295,25742.7614295,25742.7614295,25742.7614295,25742.7614295,25742.7614295,25742.7614295,25742.7614295,25742.7614295,25742.7614295,25742.7614295,25742.7614295,25742.7614295,25742.7614295,25742.7614295,25742.7614295,25742.7614295,25742.7614295,25742.7614295,25742.7614295,25742.7614295,25742.7614295,25742.7614295,25742.7614295,25742.7614295,25742.7614295,25742.7614295,25742.7614295,25742.7614295,25742.7614295,25742.7614295,25742.7614295,25742.7614295,25742.7614295,25742.7614295,25742.7614295,25742.7614295,25742.7614295,25742.7614295,25742.7614295,25742.7614295,25742.7614295,25742.7614295,25742.7614295,25742.7614295,25742.7614295,25742.7614295,25742.7614295,25742.7614295,25742.7614295,25742.7614295,25742.7614295,25742.7614295,25742.7614295,25742.7614295,25742.7614295,25742.7614295,25742.7614295,25742.7614295,25742.7614295,25742.7614295,25742.7614295,25742.7614295,25742.7614295,25742.7614295,25742.7614295,25742.7614295,25742.7614295,25742.7614295,25742.7614295,25742.7614295,25742.7614295,25742.7614295,25742.7614295,25742.7614295,25742.7614295,25742.7614295,25742.7614295,25742.7614295,25742.7614295,25742.7614295,25742.7614295,25742.7614295,25742.7614295,25742.7614295,25742.7614295,25742.7614295,25742.7614295,25742.7614295,25742.7614295,25742.7614295,25742.7614295,25742.7614295,25742.7614295,25742.7614295,25742.7614295,25742.7614295,25742.7614295,25742.7614295,25742.7614295,25742.7614295,25742.7614295,25742.7614295,25742.7614295,25742.7614295,25742.7614295,25742.7614295,25742.7614295,25742.7614295,25742.7614295,25742.7614295,25742.7614295,25742.7614295,25742.7614295,25742.7614295,25742.7614295,25742.7614295,25742.7614295,25742.7614295,25742.7614295,25742.7614295,25742.7614295,25742.7614295,25742.7614295,25742.7614295,25742.7614295,25742.7614295,25742.7614295,25742.7614295,25742.7614295,25742.7614295,25742.7614295,25742.7614295,25742.7614295,25742.7614295,25742.7614295,25742.7614295,25742.7614295,25742.7614295,25742.7614295,25742.7614295,25742.7614295,25742.7614295,25742.7614295,25742.7614295,25742.7614295,25742.7614295,25742.7614295,25742.7614295,25742.7614295,25742.7614295,25742.7614295,25742.7614295,25742.7614295,25742.7614295,25742.7614295,25742.7614295,25742.7614295,25742.7614295,25742.7614295,25742.7614295,25742.7614295,25742.7614295,25742.7614295,25742.7614295,25742.7614295,25742.7614295,25742.7614295,25742.7614295,25742.7614295,25742.7614295,25742.7614295,25742.7614295,25742.7614295,25742.7614295,25742.7614295,25742.7614295,25742.7614295,25742.7614295,25742.7614295,25742.7614295,25742.7614295,25742.7614295,25742.7614295,25742.7614295,25742.7614295,25742.7614295,25742.7614295,25742.7614295,25742.7614295,25742.7614295,25742.7614295,25742.7614295,25742.7614295,25742.7614295,25742.7614295,25742.7614295,25742.7614295,25742.7614295,25742.7614295,25742.7614295,25742.7614295,25742.7614295,25742.7614295,25742.7614295,25742.7614295,25742.7614295,25742.7614295,25742.7614295,25742.7614295,25742.7614295,25742.7614295,25742.7614295,25742.7614295,25742.7614295,25742.7614295,25742.7614295,25742.7614295,25742.7614295,25742.7614295,25742.7614295,25742.7614295,25742.7614295,25742.7614295,25742.7614295,25742.7614295,25742.7614295,25742.7614295,25742.7614295,25742.7614295,25742.7614295,25742.7614295,25742.7614295,25742.7614295,25742.7614295,25742.7614295,25742.7614295,25742.7614295,25742.7614295,25742.7614295,25742.7614295,25742.7614295,25742.7614295,25742.7614295,25742.7614295,25742.7614295,25742.7614295,25742.7614295,25742.7614295,25742.7614295,25742.7614295,25742.7614295,25742.7614295,25742.7614295,25742.7614295,25742.7614295,25742.7614295,25742.7614295,25742.7614295,25742.7614295,25742.7614295,25742.7614295,25742.7614295,25742.7614295,25742.7614295,25742.7614295,25742.7614295,25742.7614295,25742.7614295,25742.7614295,25742.7614295,25742.7614295,25742.7614295,25742.7614295,25742.7614295,25742.7614295,25742.7614295,25742.7614295,25742.7614295,25742.7614295,25742.7614295,25742.7614295,25742.7614295,25742.7614295,25742.7614295,25742.7614295,25742.7614295,25742.7614295,25742.7614295,25742.7614295,25742.7614295,25742.7614295,25742.7614295,25742.7614295,25742.7614295,25742.7614295,25742.7614295,25742.7614295,25742.7614295,25742.7614295,25742.7614295,25742.7614295,25742.7614295,25742.7614295,25742.7614295,25742.7614295,25742.7614295,25742.7614295,25742.7614295,25742.7614295,25742.7614295,25742.7614295,25742.7614295,25742.7614295,25742.7614295,25742.7614295,25742.7614295,25742.7614295,25742.7614295,25742.7614295,25742.7614295,25742.7614295,25742.7614295,25742.7614295,25742.7614295,25742.7614295,25742.7614295,25742.7614295,25742.7614295,25742.7614295,25742.7614295,25742.7614295,25742.7614295,25742.7614295,25742.7614295,25742.7614295,25742.7614295,25742.7614295,25742.7614295,25742.7614295,25742.7614295,25742.7614295,25742.7614295,25742.7614295,25742.7614295,25742.7614295,25742.7614295,25742.7614295,25742.7614295,25742.7614295,25742.7614295,25742.7614295,25742.7614295,25742.7614295,25742.7614295,25742.7614295,25742.7614295,25742.7614295,25742.7614295,25742.7614295,25742.7614295,25742.7614295,25742.7614295,25742.7614295,25742.7614295,25742.7614295,25742.7614295,25742.7614295,25742.7614295,25742.7614295,25742.7614295,25742.7614295,25742.7614295,25742.7614295,25742.7614295,25742.7614295,25742.7614295,25742.7614295,25742.7614295,25742.7614295,25742.7614295,25742.7614295,25742.7614295,25742.7614295,25742.7614295,25742.7614295,25742.7614295,25742.7614295,25742.7614295,25742.7614295,25742.7614295,25742.7614295,25742.7614295,25742.7614295,25742.7614295,25742.7614295,25742.7614295,25742.7614295,25742.7614295,25742.7614295,25742.7614295,25742.7614295,25742.7614295,25742.7614295,25742.7614295,25742.7614295,25742.7614295,25742.7614295,25742.7614295,25742.7614295,25742.7614295,25742.7614295,25742.7614295,25742.7614295,25742.7614295,25742.7614295,25742.7614295,25742.7614295,25742.7614295,25742.7614295,25742.7614295,25742.7614295,25742.7614295,25742.7614295,25742.7614295,25742.7614295,25742.7614295,25742.7614295,25742.7614295,25742.7614295,25742.7614295,25742.7614295,25742.7614295,25742.7614295,25742.7614295,25742.7614295,25742.7614295,25742.7614295,25742.7614295,25742.7614295,25742.7614295,25742.7614295,25742.7614295,25742.7614295,25742.7614295,25742.7614295,25742.7614295,25742.7614295,25742.7614295,25742.7614295,25742.7614295,25742.7614295,25742.7614295,25742.7614295,25742.7614295,25742.7614295,25742.7614295,25742.7614295,25742.7614295,25742.7614295,25742.7614295,25742.7614295,25742.7614295,25742.7614295,25742.7614295,25742.7614295,25742.7614295,25742.7614295,25742.7614295,25742.7614295,25742.7614295,25742.7614295,25742.7614295,25742.7614295,25742.7614295,25742.7614295,25742.7614295,25742.7614295,25742.7614295,25742.7614295,25742.7614295,25742.7614295,25742.7614295,25742.7614295,25742.7614295,25742.7614295,25742.7614295,25742.7614295,25742.7614295,25742.7614295,25742.7614295,25742.7614295,25742.7614295,25742.7614295,25742.7614295,25742.7614295,25742.7614295,25742.7614295,25742.7614295,25742.7614295,25742.7614295,25742.7614295,25742.7614295,25742.7614295,25742.7614295,25742.7614295,25742.7614295,25742.7614295,25742.7614295,25742.7614295,25742.7614295,25742.7614295,25742.7614295,25742.7614295,25742.7614295,25742.7614295,25742.7614295,25742.7614295,25742.7614295,25742.7614295,25742.7614295,25742.7614295,25742.7614295,25742.7614295,25742.7614295,25742.7614295,25742.7614295,25742.7614295,25742.7614295,25742.7614295,25742.7614295,25742.7614295,25742.7614295,25742.7614295,25742.7614295,25742.7614295,25742.7614295,25742.7614295,25742.7614295,25742.7614295,25742.7614295,25742.7614295,25742.7614295,25742.7614295,25742.7614295,25742.7614295,25742.7614295,25742.7614295,25742.7614295,25742.7614295,25742.7614295,25742.7614295,25742.7614295,25742.7614295,25742.7614295,25742.7614295,25742.7614295,25742.7614295,25742.7614295,25742.7614295,25742.7614295,25742.7614295,25742.7614295,25742.7614295,25742.7614295,25742.7614295,25742.7614295,25742.7614295,25742.7614295,25742.7614295,25742.7614295,25742.7614295,25742.7614295,25742.7614295,25742.7614295,25742.7614295,25742.7614295,25742.7614295,25742.7614295,25742.7614295,25742.7614295,25742.7614295,25742.7614295,25742.7614295,25742.7614295,25742.7614295,25742.7614295,25742.7614295,25742.7614295,25742.7614295,25742.7614295,25742.7614295,25742.7614295,25742.7614295,25742.7614295,25742.7614295,25742.7614295,25742.7614295,25742.7614295,25742.7614295,25742.7614295,25742.7614295,25742.7614295,25742.7614295,25742.7614295,25742.7614295,25742.7614295,25742.7614295,25742.7614295,25742.7614295,25742.7614295,25742.7614295,25742.7614295,25742.7614295,25742.7614295,25742.7614295,25742.7614295,25742.7614295,25742.7614295,25742.7614295,25742.7614295,25742.7614295,25742.7614295,25742.7614295,25742.7614295,25742.7614295,25742.7614295,25742.7614295,25742.7614295,25742.7614295,25742.7614295,25742.7614295,25742.7614295,25742.7614295,25742.7614295,25742.7614295,25742.7614295,25742.7614295,25742.7614295,25742.7614295,25742.7614295,25742.7614295,25742.7614295,25742.7614295,25742.7614295,25742.7614295,25742.7614295,25742.7614295,25742.7614295,25742.7614295,25742.7614295,25742.7614295,25742.7614295,25742.7614295,25742.7614295,25742.7614295,25742.7614295,25742.7614295,25742.7614295,25742.7614295,25742.7614295,25742.7614295,25742.7614295,25742.7614295,25742.7614295,25742.7614295,25742.7614295,25742.7614295,25742.7614295,25742.7614295,25742.7614295,25742.7614295,25742.7614295,25742.7614295,25742.7614295,25742.7614295,25742.7614295,25742.7614295,25742.7614295,25742.7614295,25742.7614295,25742.7614295,25742.7614295,25742.7614295,25742.7614295,25742.7614295,25742.7614295,25742.7614295,25742.7614295,25742.7614295,25742.7614295,25742.7614295,25742.7614295,25742.7614295,25742.7614295,25742.7614295,25742.7614295,25742.7614295,25742.7614295,25742.7614295,25742.7614295,25742.7614295,25742.7614295,25742.7614295,25742.7614295,25742.7614295,25742.7614295,25742.7614295,25742.7614295,25742.7614295,25742.7614295,25742.7614295,25742.7614295,25742.7614295,25742.7614295,25742.7614295,25742.7614295,25742.7614295,25742.7614295,25742.7614295,25742.7614295,25742.7614295,25742.7614295,25742.7614295,25742.7614295,25742.7614295,25742.7614295,25742.7614295,25742.7614295,25742.7614295,25742.7614295,25742.7614295,25742.7614295,25742.7614295,25742.7614295,25742.7614295,25742.7614295,25742.7614295,25742.7614295,25742.7614295,25742.7614295,25742.7614295,25742.7614295,25742.7614295,25742.7614295,25742.7614295,25742.7614295,25742.7614295,25742.7614295,25742.7614295,25742.7614295,25742.7614295,25742.7614295,25742.7614295,25742.7614295,25742.7614295,25742.7614295,25742.7614295,25742.7614295,25742.7614295,25742.7614295,25742.7614295,25742.7614295,25742.7614295,25742.7614295,25742.7614295,25742.7614295,25742.7614295,25742.7614295,25742.7614295,25742.7614295,25742.7614295,25742.7614295,25742.7614295,25742.7614295,25742.7614295,25742.7614295,25742.7614295,25742.7614295,25742.7614295,25742.7614295,25742.7614295,25742.7614295,25742.7614295,25742.7614295,25742.7614295,25742.7614295,25742.7614295,25742.7614295,25742.7614295,25742.7614295,25742.7614295,25742.7614295,25742.7614295,25742.7614295,25742.7614295,25742.7614295,25742.7614295,25742.7614295,25742.7614295,25742.7614295,25742.7614295,25742.7614295,25742.7614295,25742.7614295,25742.7614295,25742.7614295,25742.7614295,25742.7614295,25742.7614295,25742.7614295,25742.7614295,25742.7614295,25742.7614295,25742.7614295,25742.7614295,25742.7614295,25742.7614295,25742.7614295,25742.7614295,25742.7614295,25742.7614295,25742.7614295,25742.7614295,25742.7614295,25742.7614295,25742.7614295,25742.7614295,25742.7614295,25742.7614295,25742.7614295,25742.7614295,25742.7614295,25742.7614295,25742.7614295,25742.7614295,25742.7614295,25742.7614295,25742.7614295,25742.7614295,25742.7614295,25742.7614295,25742.7614295,25742.7614295,25742.7614295,25742.7614295,25742.7614295,25742.7614295,25742.7614295,25742.7614295,25742.7614295,25742.7614295,25742.7614295,25742.7614295,25742.7614295,25742.7614295,25742.7614295,25742.7614295,25742.7614295,25742.7614295,25742.7614295,25742.7614295,25742.7614295,25742.7614295,25742.7614295,25742.7614295,25742.7614295,25742.7614295,25742.7614295,25742.7614295,25742.7614295,25742.7614295,25742.7614295,25742.7614295,25742.7614295,25742.7614295,25742.7614295,25742.7614295,25742.7614295,25742.7614295,25742.7614295,25742.7614295,25742.7614295,25742.7614295,25742.7614295,25742.7614295,25742.7614295,25742.7614295,25742.7614295,25742.7614295,25742.7614295,25742.7614295,25742.7614295,25742.7614295,25742.7614295,25742.7614295,25742.7614295,25742.7614295,25742.7614295,25742.7614295,25742.7614295,25742.7614295,25742.7614295,25742.7614295,25742.7614295,25742.7614295,25742.7614295,25742.7614295,25742.7614295,25742.7614295,25742.7614295,25742.7614295,25742.7614295,25742.7614295,25742.7614295,25742.7614295,25742.7614295,25742.7614295,25742.7614295,25742.7614295,25742.7614295,25742.7614295,25742.7614295,25742.7614295,25742.7614295,25742.7614295,25742.7614295,25742.7614295,25742.7614295,25742.7614295,25742.7614295,25742.7614295,25742.7614295,25742.7614295,25742.7614295,25742.7614295,25742.7614295,25742.7614295,25742.7614295,25742.7614295,25742.7614295,25742.7614295,25742.7614295,25742.7614295,25742.7614295,25742.7614295,25742.7614295,25742.7614295,25742.7614295,25742.7614295,25742.7614295,25742.7614295,25742.7614295,25742.7614295,25742.7614295,25742.7614295,25742.7614295,25742.7614295,25742.7614295,25742.7614295,25742.7614295,25742.7614295,25742.7614295,25742.7614295,25742.7614295,25742.7614295,25742.7614295,25742.7614295,25742.7614295,25742.7614295,25742.7614295,25742.7614295,25742.7614295,25742.7614295,25742.7614295,25742.7614295,25742.7614295,25742.7614295,25742.7614295,25742.7614295,25742.7614295,25742.7614295,25742.7614295,25742.7614295,25742.7614295,25742.7614295,25742.7614295,25742.7614295,25742.7614295,25742.7614295,25742.7614295,25742.7614295,25742.7614295,25742.7614295,25742.7614295,25742.7614295,25742.7614295,25742.7614295,25742.7614295,25742.7614295,25742.7614295,25742.7614295,25742.7614295,25742.7614295,25742.7614295,25742.7614295,25742.7614295,25742.7614295,25742.7614295,25742.7614295,25742.7614295,25742.7614295,25742.7614295,25742.7614295,25742.7614295,25742.7614295,25742.7614295,25742.7614295,25742.7614295,25742.7614295,25742.7614295,25742.7614295,25742.7614295,25742.7614295,25742.7614295,25742.7614295,25742.7614295,25742.7614295,25742.7614295,25742.7614295,25742.7614295,25742.7614295,25742.7614295,25742.7614295,25742.7614295,25742.7614295,25742.7614295,25742.7614295,25742.7614295,25742.7614295,25742.7614295,25742.7614295,25742.7614295,25742.7614295,25742.7614295,25742.7614295,25742.7614295,25742.7614295,25742.7614295,25742.7614295,25742.7614295,25742.7614295,25742.7614295,25742.7614295,25742.7614295,25742.7614295,25742.7614295,25742.7614295,25742.7614295,25742.7614295,25742.7614295,25742.7614295,25742.7614295,25742.7614295,25742.7614295,25742.7614295,25742.7614295,25742.7614295,25742.7614295,25742.7614295,25742.7614295,25742.7614295,25742.7614295,25742.7614295,25742.7614295,25742.7614295,25742.7614295,25742.7614295,25742.7614295,25742.7614295,25742.7614295,25742.7614295,25742.7614295,25742.7614295,25742.7614295,25742.7614295,25742.7614295,25742.7614295,25742.7614295,25742.7614295,25742.7614295,25742.7614295,25742.7614295,25742.7614295,25742.7614295,25742.7614295,25742.7614295,25742.7614295,25742.7614295,25742.7614295,25742.7614295,25742.7614295,25742.7614295,25742.7614295,25742.7614295,25742.7614295,25742.7614295,25742.7614295,25742.7614295,25742.7614295,25742.7614295,25742.7614295,25742.7614295,25742.7614295,25742.7614295,25742.7614295,25742.7614295,25742.7614295,25742.7614295,25742.7614295,25742.7614295,25742.7614295,25742.7614295,25742.7614295,25742.7614295,25742.7614295,25742.7614295,25742.7614295,25742.7614295,25742.7614295,25742.7614295,25742.7614295,25742.7614295,25742.7614295,25742.7614295,25742.7614295,25742.7614295,25742.7614295,25742.7614295,25742.7614295,25742.7614295,25742.7614295,25742.7614295,25742.7614295,25742.7614295,25742.7614295,25742.7614295,25742.7614295,25742.7614295,25742.7614295,25742.7614295,25742.7614295,25742.7614295,25742.7614295,25742.7614295,25742.7614295,25742.7614295,25742.7614295,25742.7614295,25742.7614295,25742.7614295,25742.7614295,25742.7614295,25742.7614295,25742.7614295,25742.7614295,25742.7614295,25742.7614295,25742.7614295,25742.7614295,25742.7614295,25742.7614295,25742.7614295,25742.7614295,25742.7614295,25742.7614295,25742.7614295,25742.7614295,25742.7614295,25742.7614295,25742.7614295,25742.7614295,25742.7614295,25742.7614295,25742.7614295,25742.7614295,25742.7614295,25742.7614295,25742.7614295,25742.7614295,25742.7614295,25742.7614295,25742.7614295,25742.7614295,25742.7614295,25742.7614295,25742.7614295,25742.7614295,25742.7614295,25742.7614295,25742.7614295,25742.7614295,25742.7614295,25742.7614295,25742.7614295,25742.7614295,25742.7614295,25742.7614295,25742.7614295,25742.7614295,25742.7614295,25742.7614295,25742.7614295,25742.7614295,25742.7614295,25742.7614295,25742.7614295,25742.7614295,25742.7614295,25742.7614295,25742.7614295,25742.7614295,25742.7614295,25742.7614295,25742.7614295,25742.7614295,25742.7614295,25742.7614295,25742.7614295,25742.7614295,25742.7614295,25742.7614295,25742.7614295,25742.7614295,25742.7614295,25742.7614295,25742.7614295,25742.7614295,25742.7614295,25742.7614295,25742.7614295,25742.7614295,25742.7614295,25742.7614295,25742.7614295,25742.7614295,25742.7614295,25742.7614295,25742.7614295,25742.7614295,25742.7614295,25742.7614295,25742.7614295,25742.7614295,25742.7614295,25742.7614295,25742.7614295,25742.7614295,25742.7614295,25742.7614295,25742.7614295,25742.7614295,25742.7614295,25742.7614295,25742.7614295,25742.7614295,25742.7614295,25742.7614295,25742.7614295,25742.7614295,25742.7614295,25742.7614295,25742.7614295,25742.7614295,25742.7614295,25742.7614295,25742.7614295,25742.7614295,25742.7614295,25742.7614295,25742.7614295,25742.7614295,25742.7614295,25742.7614295,25742.7614295,25742.7614295,25742.7614295,25742.7614295,25742.7614295,25742.7614295,25742.7614295,25742.7614295,25742.7614295,25742.7614295,25742.7614295,25742.7614295,25742.7614295,25742.7614295,25742.7614295,25742.7614295,25742.7614295,25742.7614295,25742.7614295,25742.7614295,25742.7614295,25742.7614295,25742.7614295,25742.7614295,25742.7614295,25742.7614295,25742.7614295,25742.7614295,25742.7614295,25742.7614295,25742.7614295,25742.7614295,25742.7614295,25742.7614295,25742.7614295,25742.7614295,25742.7614295,25742.7614295,25742.7614295,25742.7614295,25742.7614295,25742.7614295,25742.7614295,25742.7614295,25742.7614295,25742.7614295,25742.7614295,25742.7614295,25742.7614295,25742.7614295,25742.7614295,25742.7614295,25742.7614295,25742.7614295,25742.7614295,25742.7614295,25742.7614295,25742.7614295,25742.7614295,25742.7614295,25742.7614295,25742.7614295,25742.7614295,25742.7614295,25742.7614295,25742.7614295,25742.7614295,25742.7614295,25742.7614295,25742.7614295,25742.7614295,25742.7614295,25742.7614295,25742.7614295,25742.7614295,25742.7614295,25742.7614295,25742.7614295,25742.7614295,25742.7614295,25742.7614295,25742.7614295,25742.7614295,25742.7614295,25742.7614295,25742.7614295,25742.7614295,25742.7614295,25742.7614295,25742.7614295,25742.7614295,25742.7614295,25742.7614295,25742.7614295,25742.7614295,25742.7614295,25742.7614295,25742.7614295,25742.7614295,25742.7614295,25742.7614295,25742.7614295,25742.7614295,25742.7614295,25742.7614295,25742.7614295,25742.7614295,25742.7614295,25742.7614295,25742.7614295,25742.7614295,25742.7614295,25742.7614295,25742.7614295,25742.7614295,25742.7614295,25742.7614295,25742.7614295,25742.7614295,25742.7614295,25742.7614295,25742.7614295,25742.7614295,25742.7614295,25742.7614295,25742.7614295,25742.7614295,25742.7614295,25742.7614295,25742.7614295,25742.7614295,25742.7614295,25742.7614295,25742.7614295,25742.7614295,25742.7614295,25742.7614295,25742.7614295,25742.7614295,25742.7614295,25742.7614295,25742.7614295,25742.7614295,25742.7614295,25742.7614295,25742.7614295,25742.7614295,25742.7614295,25742.7614295,25742.7614295,25742.7614295,25742.7614295,25742.7614295,25742.7614295,25742.7614295,25742.7614295,25742.7614295,25742.7614295,25742.7614295,25742.7614295,25742.7614295,25742.7614295,25742.7614295,25742.7614295,25742.7614295,25742.7614295,25742.7614295,25742.7614295,25742.7614295,25742.7614295,25742.7614295,25742.7614295,25742.7614295,25742.7614295,25742.7614295,25742.7614295,25742.7614295,25742.7614295,25742.7614295,25742.7614295,25742.7614295,25742.7614295,25742.7614295,25742.7614295,25742.7614295,25742.7614295,25742.7614295,25742.7614295,25742.7614295,25742.7614295,25742.7614295,25742.7614295,25742.7614295,25742.7614295,25742.7614295,25742.7614295,25742.7614295,25742.7614295,25742.7614295,25742.7614295,25742.7614295,25742.7614295,25742.7614295,25742.7614295,25742.7614295,25742.7614295,25742.7614295,25742.7614295,25742.7614295,25742.7614295,25742.7614295,25742.7614295,25742.7614295,25742.7614295,25742.7614295,25742.7614295,25742.7614295,25742.7614295,25742.7614295,25742.7614295,25742.7614295,25742.7614295,25742.7614295,25742.7614295,25742.7614295,25742.7614295,25742.7614295,25742.7614295,25742.7614295,25742.7614295,25742.7614295,25742.7614295,25742.7614295,25742.7614295,25742.7614295,25742.7614295,25742.7614295,25742.7614295,25742.7614295,25742.7614295,25742.7614295,25742.7614295,25742.7614295,25742.7614295,25742.7614295,25742.7614295,25742.7614295,25742.7614295,25742.7614295,25742.7614295,25742.7614295,25742.7614295,25742.7614295,25742.7614295,25742.7614295,25742.7614295,25742.7614295,25742.7614295,25742.7614295,25742.7614295,25742.7614295,25742.7614295,25742.7614295,25742.7614295,25742.7614295,25742.7614295,25742.7614295,25742.7614295,25742.7614295,25742.7614295,25742.7614295,25742.7614295,25742.7614295,25742.7614295,25742.7614295,25742.7614295,25742.7614295,25742.7614295,25742.7614295,25742.7614295,25742.7614295,25742.7614295,25742.7614295,25742.7614295,25742.7614295,25742.7614295,25742.7614295,25742.7614295,25742.7614295,25742.7614295,25742.7614295,25742.7614295,25742.7614295,25742.7614295,25742.7614295,25742.7614295,25742.7614295,25742.7614295,25742.7614295,25742.7614295,25742.7614295,25742.7614295,25742.7614295,25742.7614295,25742.7614295,25742.7614295,25742.7614295,25742.7614295,25742.7614295,25742.7614295,25742.7614295,25742.7614295,25742.7614295,25742.7614295,25742.7614295,25742.7614295,25742.7614295,25742.7614295,25742.7614295,25742.7614295,25742.7614295,25742.7614295,25742.7614295,25742.7614295,25742.7614295,25742.7614295,25742.7614295,25742.7614295,25742.7614295,25742.7614295,25742.7614295,25742.7614295,25742.7614295,25742.7614295,25742.7614295,25742.7614295,25742.7614295,25742.7614295,25742.7614295,25742.7614295,25742.7614295,25742.7614295,25742.7614295,25742.7614295,25742.7614295,25742.7614295,25742.7614295,25742.7614295,25742.7614295,25742.7614295,25742.7614295,25742.7614295,25742.7614295,25742.7614295,25742.7614295,25742.7614295,25742.7614295,25742.7614295,25742.7614295,25742.7614295,25742.7614295,25742.7614295,25742.7614295,25742.7614295,25742.7614295,25742.7614295,25742.7614295,25742.7614295,25742.7614295,25742.7614295,25742.7614295,25742.7614295,25742.7614295,25742.7614295,25742.7614295,25742.7614295,25742.7614295,25742.7614295,25742.7614295,25742.7614295,25742.7614295,25742.7614295,25742.7614295,25742.7614295,25742.7614295,25742.7614295,25742.7614295,25742.7614295,25742.7614295,25742.7614295,25742.7614295,25742.7614295,25742.7614295,25742.7614295,25742.7614295,25742.7614295,25742.7614295,25742.7614295,25742.7614295,25742.7614295,25742.7614295,25742.7614295,25742.7614295,25742.7614295,25742.7614295,25742.7614295,25742.7614295,25742.7614295,25742.7614295,25742.7614295,25742.7614295,25742.7614295,25742.7614295,25742.7614295,25742.7614295,25742.7614295,25742.7614295,25742.7614295,25742.7614295,25742.7614295,25742.7614295,25742.7614295,25742.7614295,25742.7614295,25742.7614295,25742.7614295,25742.7614295,25742.7614295,25742.7614295,25742.7614295,25742.7614295,25742.7614295,25742.7614295,25742.7614295,25742.7614295,25742.7614295,25742.7614295,25742.7614295,25742.7614295,25742.7614295,25742.7614295,25742.7614295,25742.7614295,25742.7614295,25742.7614295,25742.7614295,25742.7614295,25742.7614295,25742.7614295,25742.7614295,25742.7614295,25742.7614295,25742.7614295,25742.7614295,25742.7614295,25742.7614295,25742.7614295,25742.7614295,25742.7614295,25742.7614295,25742.7614295,25742.7614295,25742.7614295,25742.7614295,25742.7614295,25742.7614295,25742.7614295,25742.7614295,25742.7614295,25742.7614295,25742.7614295,25742.7614295,25742.7614295,25742.7614295,25742.7614295,25742.7614295,25742.7614295,25742.7614295,25742.7614295,25742.7614295,25742.7614295,25742.7614295,25742.7614295,25742.7614295,25742.7614295,25742.7614295,25742.7614295,25742.7614295,25742.7614295,25742.7614295,25742.7614295,25742.7614295,25742.7614295,25742.7614295,25742.7614295,25742.7614295,25742.7614295,25742.7614295,25742.7614295,25742.7614295,25742.7614295,25742.7614295,25742.7614295,25742.7614295,25742.7614295,25742.7614295,25742.7614295,25742.7614295,25742.7614295,25742.7614295,25742.7614295,25742.7614295,25742.7614295,25742.7614295,25742.7614295,25742.7614295,25742.7614295,25742.7614295,25742.7614295,25742.7614295,25742.7614295,25742.7614295,25742.7614295,25742.7614295,25742.7614295,25742.7614295,25742.7614295,25742.7614295,25742.7614295,25742.7614295,25742.7614295,25742.7614295,25742.7614295,25742.7614295,25742.7614295,25742.7614295,25742.7614295,25742.7614295,25742.7614295,25742.7614295,25742.7614295,25742.7614295,25742.7614295,25742.7614295,25742.7614295,25742.7614295,25742.7614295,25742.7614295,25742.7614295,25742.7614295,25742.7614295,25742.7614295,25742.7614295,25742.7614295,25742.7614295,25742.7614295,25742.7614295,25742.7614295,25742.7614295,25742.7614295,25742.7614295,25742.7614295,25742.7614295,25742.7614295,25742.7614295,25742.7614295,25742.7614295,25742.7614295,25742.7614295,25742.7614295,25742.7614295,25742.7614295,25742.7614295,25742.7614295,25742.7614295,25742.7614295,25742.7614295,25742.7614295,25742.7614295,25742.7614295,25742.7614295,25742.7614295,25742.7614295,25742.7614295,25742.7614295,25742.7614295,25742.7614295,25742.7614295,25742.7614295,25742.7614295,25742.7614295,25742.7614295,25742.7614295,25742.7614295,25742.7614295,25742.7614295,25742.7614295,25742.7614295,25742.7614295,25742.7614295,25742.7614295,25742.7614295,25742.7614295,25742.7614295,25742.7614295,25742.7614295,25742.7614295,25742.7614295,25742.7614295,25742.7614295,25742.7614295,25742.7614295,25742.7614295,25742.7614295,25742.7614295,25742.7614295,25742.7614295,25742.7614295,25742.7614295,25742.7614295,25742.7614295,25742.7614295,25742.7614295,25742.7614295,25742.7614295,25742.7614295,25742.7614295,25742.7614295,25742.7614295,25742.7614295,25742.7614295,25742.7614295,25742.7614295,25742.7614295,25742.7614295,25742.7614295,25742.7614295,25742.7614295,25742.7614295,25742.7614295,25742.7614295,25742.7614295,25742.7614295,25742.7614295,25742.7614295,25742.7614295,25742.7614295,25742.7614295,25742.7614295,25742.7614295,25742.7614295,25742.7614295,25742.7614295,25742.7614295,25742.7614295,25742.7614295,25742.7614295,25742.7614295,25742.7614295,25742.7614295,25742.7614295,25742.7614295,25742.7614295,25742.7614295,25742.7614295,25742.7614295,25742.7614295,25742.7614295,25742.7614295,25742.7614295,25742.7614295,25742.7614295,25742.7614295,25742.7614295,25742.7614295,25742.7614295,25742.7614295,25742.7614295,25742.7614295,25742.7614295,25742.7614295,25742.7614295,25742.7614295,25742.7614295,25742.7614295,25742.7614295,25742.7614295,25742.7614295,25742.7614295,25742.7614295,25742.7614295,25742.7614295,25742.7614295,25742.7614295,25742.7614295,25742.7614295,25742.7614295,25742.7614295,25742.7614295,25742.7614295,25742.7614295,25742.7614295,25742.7614295,25742.7614295,25742.7614295,25742.7614295,25742.7614295,25742.7614295,25742.7614295,25742.7614295,25742.7614295,25742.7614295,25742.7614295,25742.7614295,25742.7614295,25742.7614295,25742.7614295,25742.7614295,25742.7614295,25742.7614295,25742.7614295,25742.7614295,25742.7614295,25742.7614295,25742.7614295,25742.7614295,25742.7614295,25742.7614295,25742.7614295,25742.7614295,25742.7614295,25742.7614295,25742.7614295,25742.7614295,25742.7614295,25742.7614295,25742.7614295,25742.7614295,25742.7614295,25742.7614295,25742.7614295,25742.7614295,25742.7614295,25742.7614295,25742.7614295,25742.7614295,25742.7614295,25742.7614295,25742.7614295,25742.7614295,25742.7614295,25742.7614295,25742.7614295,25742.7614295,25742.7614295,25742.7614295,25742.7614295,25742.7614295,25742.7614295,25742.7614295,25742.7614295,25742.7614295,25742.7614295,25742.7614295,25742.7614295,25742.7614295,25742.7614295,25742.7614295,25742.7614295,25742.7614295,25742.7614295,25742.7614295,25742.7614295,25742.7614295,25742.7614295,25742.7614295,25742.7614295,25742.7614295,25742.7614295,25742.7614295,25742.7614295,25742.7614295,25742.7614295,25742.7614295,25742.7614295,25742.7614295,25742.7614295,25742.7614295,25742.7614295,25742.7614295,25742.7614295,25742.7614295,25742.7614295,25742.7614295,25742.7614295,25742.7614295,25742.7614295,25742.7614295,25742.7614295,25742.7614295,25742.7614295,25742.7614295,25742.7614295,25742.7614295,25742.7614295,25742.7614295,25742.7614295,25742.7614295,25742.7614295,25742.7614295,25742.7614295,25742.7614295,25742.7614295,25742.7614295,25742.7614295,25742.7614295,25742.7614295,25742.7614295,25742.7614295,25742.7614295,25742.7614295,25742.7614295,25742.7614295,25742.7614295,25742.7614295,25742.7614295,25742.7614295,25742.7614295,25742.7614295,25742.7614295,25742.7614295,25742.7614295,25742.7614295,25742.7614295,25742.7614295,25742.7614295,25742.7614295,25742.7614295,25742.7614295,25742.7614295,25742.7614295,25742.7614295,25742.7614295,25742.7614295,25742.7614295,25742.7614295,25742.7614295,25742.7614295,25742.7614295,25742.7614295,25742.7614295,25742.7614295,25742.7614295,25742.7614295,25742.7614295,25742.7614295,25742.7614295,25742.7614295,25742.7614295,25742.7614295,25742.7614295,25742.7614295,25742.7614295,25742.7614295,25742.7614295,25742.7614295,25742.7614295,25742.7614295,25742.7614295,25742.7614295,25742.7614295,25742.7614295,25742.7614295,25742.7614295,25742.7614295,25742.7614295,25742.7614295,25742.7614295,25742.7614295,25742.7614295,25742.7614295,25742.7614295,25742.7614295,25742.7614295,25742.7614295,25742.7614295,25742.7614295,25742.7614295,25742.7614295,25742.7614295,25742.7614295,25742.7614295,25742.7614295,25742.7614295,25742.7614295,25742.7614295,25742.7614295,25742.7614295,25742.7614295,25742.7614295,25742.7614295,25742.7614295,25742.7614295,25742.7614295,25742.7614295,25742.7614295,25742.7614295,25742.7614295,25742.7614295,25742.7614295,25742.7614295,25742.7614295,25742.7614295,25742.7614295,25742.7614295,25742.7614295,25742.7614295,25742.7614295,25742.7614295,25742.7614295,25742.7614295,25742.7614295,25742.7614295,25742.7614295,25742.7614295,25742.7614295,25742.7614295,25742.7614295,25742.7614295,25742.7614295,25742.7614295,25742.7614295,25742.7614295,25742.7614295,25742.7614295,25742.7614295,25742.7614295,25742.7614295,25742.7614295,25742.7614295,25742.7614295,25742.7614295,25742.7614295,25742.7614295,25742.7614295,25742.7614295,25742.7614295,25742.7614295,25742.7614295,25742.7614295,25742.7614295,25742.7614295,25742.7614295,25742.7614295,25742.7614295,25742.7614295,25742.7614295,25742.7614295,25742.7614295,25742.7614295,25742.7614295,25742.7614295,25742.7614295,25742.7614295,25742.7614295,25742.7614295,25742.7614295,25742.7614295,25742.7614295,25742.7614295,25742.7614295,25742.7614295,25742.7614295,25742.7614295,25742.7614295,25742.7614295,25742.7614295,25742.7614295,25742.7614295,25742.7614295,25742.7614295,25742.7614295,25742.7614295,25742.7614295,25742.7614295,25742.7614295,25742.7614295,25742.7614295,25742.7614295,25742.7614295,25742.7614295,25742.7614295,25742.7614295,25742.7614295,25742.7614295,25742.7614295,25742.7614295,25742.7614295,25742.7614295,25742.7614295,25742.7614295,25742.7614295,25742.7614295,25742.7614295,25742.7614295,25742.7614295,25742.7614295,25742.7614295,25742.7614295,25742.7614295,25742.7614295,25742.7614295,25742.7614295,25742.7614295,25742.7614295,25742.7614295,25742.7614295,25742.7614295,25742.7614295,25742.7614295,25742.7614295,25742.7614295,25742.7614295,25742.7614295,25742.7614295,25742.7614295,25742.7614295,25742.7614295,25742.7614295,25742.7614295,25742.7614295,25742.7614295,25742.7614295,25742.7614295,25742.7614295,25742.7614295,25742.7614295,25742.7614295,25742.7614295,25742.7614295,25742.7614295,25742.7614295,25742.7614295,25742.7614295,25742.7614295,25742.7614295,25742.7614295,25742.7614295,25742.7614295,25742.7614295,25742.7614295,25742.7614295,25742.7614295,25742.7614295,25742.7614295,25742.7614295,25742.7614295,25742.7614295,25742.7614295,25742.7614295,25742.7614295,25742.7614295,25742.7614295,25742.7614295,25742.7614295,25742.7614295,25742.7614295,25742.7614295,25742.7614295,25742.7614295,25742.7614295,25742.7614295,25742.7614295,25742.7614295,25742.7614295,25742.7614295,25742.7614295,25742.7614295,25742.7614295,25742.7614295,25742.7614295,25742.7614295,25742.7614295,25742.7614295,25742.7614295,25742.7614295,25742.7614295,25742.7614295,25742.7614295,25742.7614295,25742.7614295,25742.7614295,25742.7614295,25742.7614295,25742.7614295,25742.7614295,25742.7614295,25742.7614295,25742.7614295,25742.7614295,25742.7614295,25742.7614295,25742.7614295,25742.7614295,25742.7614295,25742.7614295,25742.7614295,25742.7614295,25742.7614295,25742.7614295,25742.7614295,25742.7614295,25742.7614295,25742.7614295,25742.7614295,25742.7614295,25742.7614295,25742.7614295,25742.7614295,25742.7614295,25742.7614295,25742.7614295,25742.7614295,25742.7614295,25742.7614295,25742.7614295,25742.7614295,25742.7614295,25742.7614295,25742.7614295,25742.7614295,25742.7614295,25742.7614295,25742.7614295,25742.7614295,25742.7614295,25742.7614295,25742.7614295,25742.7614295,25742.7614295,25742.7614295,25742.7614295,25742.7614295,25742.7614295,25742.7614295,25742.7614295,25742.7614295,25742.7614295,25742.7614295,25742.7614295,25742.7614295,25742.7614295,25742.7614295,25742.7614295,25742.7614295,25742.7614295,25742.7614295,25742.7614295,25742.7614295,25742.7614295,25742.7614295,25742.7614295,25742.7614295,25742.7614295,25742.7614295,25742.7614295,25742.7614295,25742.7614295,25742.7614295,25742.7614295,25742.7614295,25742.7614295,25742.7614295,25742.7614295,25742.7614295,25742.7614295,25742.7614295,25742.7614295,25742.7614295,25742.7614295,25742.7614295,25742.7614295,25742.7614295,25742.7614295,25742.7614295,25742.7614295,25742.7614295,25742.7614295,25742.7614295,25742.7614295,25742.7614295,25742.7614295,25742.7614295,25742.7614295,25742.7614295,25742.7614295,25742.7614295,25742.7614295,25742.7614295,25742.7614295,25742.7614295,25742.7614295,25742.7614295,25742.7614295,25742.7614295,25742.7614295,25742.7614295,25742.7614295,25742.7614295,25742.7614295,25742.7614295,25742.7614295,25742.7614295,25742.7614295,25742.7614295,25742.7614295,25742.7614295,25742.7614295,25742.7614295,25742.7614295,25742.7614295,25742.7614295,25742.7614295,25742.7614295,25742.7614295,25742.7614295,25742.7614295,25742.7614295,25742.7614295,25742.7614295,25742.7614295,25742.7614295,25742.7614295,25742.7614295,25742.7614295,25742.7614295,25742.7614295,25742.7614295,25742.7614295,25742.7614295,25742.7614295,25742.7614295,25742.7614295,25742.7614295,25742.7614295,25742.7614295,25742.7614295,25742.7614295,25742.7614295,25742.7614295,25742.7614295,25742.7614295,25742.7614295,25742.7614295,25742.7614295,25742.7614295,25742.7614295,25742.7614295,25742.7614295,25742.7614295,25742.7614295,25742.7614295,25742.7614295,25742.7614295,25742.7614295,25742.7614295,25742.7614295,25742.7614295,25742.7614295,25742.7614295,25742.7614295,25742.7614295,25742.7614295,25742.7614295,25742.7614295,25742.7614295,25742.7614295,25742.7614295,25742.7614295,25742.7614295,25742.7614295,25742.7614295,25742.7614295,25742.7614295,25742.7614295,25742.7614295,25742.7614295,25742.7614295,25742.7614295,25742.7614295,25742.7614295,25742.7614295,25742.7614295,25742.7614295,25742.7614295,25742.7614295,25742.7614295,25742.7614295,25742.7614295,25742.7614295,25742.7614295,25742.7614295,25742.7614295,25742.7614295,25742.7614295,25742.7614295,25742.7614295,25742.7614295,25742.7614295,25742.7614295,25742.7614295,25742.7614295,25742.7614295,25742.7614295,25742.7614295,25742.7614295,25742.7614295,25742.7614295,25742.7614295,25742.7614295,25742.7614295,25742.7614295,25742.7614295,25742.7614295,25742.7614295,25742.7614295,25742.7614295,25742.7614295,25742.7614295,25742.7614295,25742.7614295,25742.7614295,25742.7614295,25742.7614295,25742.7614295,25742.7614295,25742.7614295,25742.7614295,25742.7614295,25742.7614295,25742.7614295,25742.7614295,25742.7614295,25742.7614295,25742.7614295,25742.7614295,25742.7614295,25742.7614295,25742.7614295,25742.7614295,25742.7614295,25742.7614295,25742.7614295,25742.7614295,25742.7614295,25742.7614295,25742.7614295,25742.7614295,25742.7614295,25742.7614295,25742.7614295,25742.7614295,25742.7614295,25742.7614295,25742.7614295,25742.7614295,25742.7614295,25742.7614295,25742.7614295,25742.7614295,25742.7614295,25742.7614295,25742.7614295,25742.7614295,25742.7614295,25742.7614295,25742.7614295,25742.7614295,25742.7614295,25742.7614295,25742.7614295,25742.7614295,25742.7614295,25742.7614295,25742.7614295,25742.7614295,25742.7614295,25742.7614295,25742.7614295,25742.7614295,25742.7614295,25742.7614295,25742.7614295,25742.7614295,25742.7614295,25742.7614295,25742.7614295,25742.7614295,25742.7614295,25742.7614295,25742.7614295,25742.7614295,25742.7614295,25742.7614295,25742.7614295,25742.7614295,25742.7614295,25742.7614295,25742.7614295,25742.7614295,25742.7614295,25742.7614295,25742.7614295,25742.7614295,25742.7614295,25742.7614295,25742.7614295,25742.7614295,25742.7614295,25742.7614295,25742.7614295,25742.7614295,25742.7614295,25742.7614295,25742.7614295,25742.7614295,25742.7614295,25742.7614295,25742.7614295,25742.7614295,25742.7614295,25742.7614295,25742.7614295,25742.7614295,25742.7614295,25742.7614295,25742.7614295,25742.7614295,25742.7614295,25742.7614295,25742.7614295,25742.7614295,25742.7614295,25742.7614295,25742.7614295,25742.7614295,25742.7614295,25742.7614295,25742.7614295,25742.7614295,25742.7614295,25742.7614295,25742.7614295,25742.7614295,25742.7614295,25742.7614295,25742.7614295,25742.7614295,25742.7614295,25742.7614295,25742.7614295,25742.7614295,25742.7614295,25742.7614295,25742.7614295,25742.7614295,25742.7614295,25742.7614295,25742.7614295,25742.7614295,25742.7614295,25742.7614295,25742.7614295,25742.7614295,25742.7614295,25742.7614295,25742.7614295,25742.7614295,25742.7614295,25742.7614295,25742.7614295,25742.7614295,25742.7614295,25742.7614295,25742.7614295,25742.7614295,25742.7614295,25742.7614295,25742.7614295,25742.7614295,25742.7614295,25742.7614295,25742.7614295,25742.7614295,25742.7614295,25742.7614295,25742.7614295,25742.7614295,25742.7614295,25742.7614295,25742.7614295,25742.7614295,25742.7614295,25742.7614295,25742.7614295,25742.7614295,25742.7614295,25742.7614295,25742.7614295,25742.7614295,25742.7614295,25742.7614295,25742.7614295,25742.7614295,25742.7614295,25742.7614295,25742.7614295,25742.7614295,25742.7614295,25742.7614295,25742.7614295,25742.7614295,25742.7614295,25742.7614295,25742.7614295,25742.7614295,25742.7614295,25742.7614295,25742.7614295,25742.7614295,25742.7614295,25742.7614295,25742.7614295,25742.7614295,25742.7614295,25742.7614295,25742.7614295,25742.7614295,25742.7614295,25742.7614295,25742.7614295,25742.7614295,25742.7614295,25742.7614295,25742.7614295,25742.7614295,25742.7614295,25742.7614295,25742.7614295,25742.7614295,25742.7614295,25742.7614295,25742.7614295,25742.7614295,25742.7614295,25742.7614295,25742.7614295,25742.7614295,25742.7614295,25742.7614295,25742.7614295,25742.7614295,25742.7614295,25742.7614295,25742.7614295,25742.7614295,25742.7614295,25742.7614295,25742.7614295,25742.7614295,25742.7614295,25742.7614295,25742.7614295,25742.7614295,25742.7614295,25742.7614295,25742.7614295,25742.7614295,25742.7614295,25742.7614295,25742.7614295,25742.7614295,25742.7614295,25742.7614295,25742.7614295,25742.7614295,25742.7614295,25742.7614295,25742.7614295,25742.7614295,25742.7614295,25742.7614295,25742.7614295,25742.7614295,25742.7614295,25742.7614295,25742.7614295,25742.7614295,25742.7614295,25742.7614295,25742.7614295,25742.7614295,25742.7614295,25742.7614295,25742.7614295,25742.7614295,25742.7614295,25742.7614295,25742.7614295,25742.7614295,25742.7614295,25742.7614295,25742.7614295,25742.7614295,25742.7614295,25742.7614295,25742.7614295,25742.7614295,25742.7614295,25742.7614295,25742.7614295,25742.7614295,25742.7614295,25742.7614295,25742.7614295,25742.7614295,25742.7614295,25742.7614295,25742.7614295,25742.7614295,25742.7614295,25742.7614295,25742.7614295,25742.7614295,25742.7614295,25742.7614295,25742.7614295,25742.7614295,25742.7614295,25742.7614295,25742.7614295,25742.7614295,25742.7614295,25742.7614295,25742.7614295,25742.7614295,25742.7614295,25742.7614295,25742.7614295,25742.7614295,25742.7614295,25742.7614295,25742.7614295,25742.7614295,25742.7614295,25742.7614295,25742.7614295,25742.7614295,25742.7614295,25742.7614295,25742.7614295,25742.7614295,25742.7614295,25742.7614295,25742.7614295,25742.7614295,25742.7614295,25742.7614295,25742.7614295,25742.7614295,25742.7614295,25742.7614295,25742.7614295,25742.7614295,25742.7614295,25742.7614295,25742.7614295,25742.7614295,25742.7614295,25742.7614295,25742.7614295,25742.7614295,25742.7614295,25742.7614295,25742.7614295,25742.7614295,25742.7614295,25742.7614295,25742.7614295,25742.7614295,25742.7614295,25742.7614295,25742.7614295,25742.7614295,25742.7614295,25742.7614295,25742.7614295,25742.7614295,25742.7614295,25742.7614295,25742.7614295,25742.7614295,25742.7614295,25742.7614295,25742.7614295,25742.7614295,25742.7614295,25742.7614295,25742.7614295,25742.7614295,25742.7614295,25742.7614295,25742.7614295,25742.7614295,25742.7614295,25742.7614295,25742.7614295,25742.7614295,25742.7614295,25742.7614295,25742.7614295,25742.7614295,25742.7614295,25742.7614295,25742.7614295,25742.7614295,25742.7614295,25742.7614295,25742.7614295,25742.7614295,25742.7614295,25742.7614295,25742.7614295,25742.7614295,25742.7614295,25742.7614295,25742.7614295,25742.7614295,25742.7614295,25742.7614295,25742.7614295,25742.7614295,25742.7614295,25742.7614295,25742.7614295,25742.7614295,25742.7614295,25742.7614295,25742.7614295,25742.7614295,25742.7614295,25742.7614295,25742.7614295,25742.7614295,25742.7614295,25742.7614295,25742.7614295,25742.7614295,25742.7614295,25742.7614295,25742.7614295,25742.7614295,25742.7614295,25742.7614295,25742.7614295,25742.7614295,25742.7614295,25742.7614295,25742.7614295,25742.7614295,25742.7614295,25742.7614295,25742.7614295,25742.7614295,25742.7614295,25742.7614295,25742.7614295,25742.7614295,25742.7614295,25742.7614295,25742.7614295,25742.7614295,25742.7614295,25742.7614295,25742.7614295,25742.7614295,25742.7614295,25742.7614295,25742.7614295,25742.7614295,25742.7614295,25742.7614295,25742.7614295,25742.7614295,25742.7614295,25742.7614295,25742.7614295,25742.7614295,25742.7614295,25742.7614295,25742.7614295,25742.7614295,25742.7614295,25742.7614295,25742.7614295,25742.7614295,25742.7614295,25742.7614295,25742.7614295,25742.7614295,25742.7614295,25742.7614295,25742.7614295,25742.7614295,25742.7614295,25742.7614295,25742.7614295,25742.7614295,25742.7614295,25742.7614295,25742.7614295,25742.7614295,25742.7614295,25742.7614295,25742.7614295,25742.7614295,25742.7614295,25742.7614295,25742.7614295,25742.7614295,25742.7614295,25742.7614295,25742.7614295,25742.7614295,25742.7614295,25742.7614295,25742.7614295,25742.7614295,25742.7614295,25742.7614295,25742.7614295,25742.7614295,25742.7614295,25742.7614295,25742.7614295,25742.7614295,25742.7614295,25742.7614295,25742.7614295,25742.7614295,25742.7614295,25742.7614295,25742.7614295,25742.7614295,25742.7614295,25742.7614295,25742.7614295,25742.7614295,25742.7614295,25742.7614295,25742.7614295,25742.7614295,25742.7614295,25742.7614295,25742.7614295,25742.7614295,25742.7614295,25742.7614295,25742.7614295,25742.7614295,25742.7614295,25742.7614295,25742.7614295,25742.7614295,25742.7614295,25742.7614295,25742.7614295,25742.7614295,25742.7614295,25742.7614295,25742.7614295,25742.7614295,25742.7614295,25742.7614295,25742.7614295,25742.7614295,25742.7614295,25742.7614295,25742.7614295,25742.7614295,25742.7614295,25742.7614295,25742.7614295,25742.7614295,25742.7614295,25742.7614295,25742.7614295,25742.7614295,25742.7614295,25742.7614295,25742.7614295,25742.7614295,25742.7614295,25742.7614295,25742.7614295,25742.7614295,25742.7614295,25742.7614295,25742.7614295,25742.7614295,25742.7614295,25742.7614295,25742.7614295,25742.7614295,25742.7614295,25742.7614295,25742.7614295,25742.7614295,25742.7614295,25742.7614295,25742.7614295,25742.7614295,25742.7614295,25742.7614295,25742.7614295,25742.7614295,25742.7614295,25742.7614295,25742.7614295,25742.7614295,25742.7614295,25742.7614295,25742.7614295,25742.7614295,25742.7614295,25742.7614295,25742.7614295,25742.7614295,25742.7614295,25742.7614295,25742.7614295,25742.7614295,25742.7614295,25742.7614295,25742.7614295,25742.7614295,25742.7614295,25742.7614295,25742.7614295,25742.7614295,25742.7614295,25742.7614295,25742.7614295,25742.7614295,25742.7614295,25742.7614295,25742.7614295,25742.7614295,25742.7614295,25742.7614295,25742.7614295,25742.7614295,25742.7614295,25742.7614295,25742.7614295,25742.7614295,25742.7614295,25742.7614295,25742.7614295,25742.7614295,25742.7614295,25742.7614295,25742.7614295,25742.7614295,25742.7614295,25742.7614295,25742.7614295,25742.7614295,25742.7614295,25742.7614295,25742.7614295,25742.7614295,25742.7614295,25742.7614295,25742.7614295,25742.7614295,25742.7614295,25742.7614295,25742.7614295,25742.7614295,25742.7614295,25742.7614295,25742.7614295,25742.7614295,25742.7614295,25742.7614295,25742.7614295,25742.7614295,25742.7614295,25742.7614295,25742.7614295,25742.7614295,25742.7614295,25742.7614295,25742.7614295,25742.7614295,25742.7614295,25742.7614295,25742.7614295,25742.7614295,25742.7614295,25742.7614295,25742.7614295,25742.7614295,25742.7614295,25742.7614295,25742.7614295,25742.7614295,25742.7614295,25742.7614295,25742.7614295,25742.7614295,25742.7614295,25742.7614295,25742.7614295,25742.7614295,25742.7614295,25742.7614295,25742.7614295,25742.7614295,25742.7614295,25742.7614295,25742.7614295,25742.7614295,25742.7614295,25742.7614295,25742.7614295,25742.7614295,25742.7614295,25742.7614295,25742.7614295,25742.7614295,25742.7614295,25742.7614295,25742.7614295,25742.7614295,25742.7614295,25742.7614295,25742.7614295,25742.7614295,25742.7614295,25742.7614295,25742.7614295,25742.7614295,25742.7614295,25742.7614295,25742.7614295,25742.7614295,25742.7614295,25742.7614295,25742.7614295,25742.7614295,25742.7614295,25742.7614295,25742.7614295,25742.7614295,25742.7614295,25742.7614295,25742.7614295,25742.7614295,25742.7614295,25742.7614295,25742.7614295,25742.7614295,25742.7614295,25742.7614295,25742.7614295,25742.7614295,25742.7614295,25742.7614295,25742.7614295,25742.7614295,25742.7614295,25742.7614295,25742.7614295,25742.7614295,25742.7614295,25742.7614295,25742.7614295,25742.7614295,25742.7614295,25742.7614295,25742.7614295,25742.7614295,25742.7614295,25742.7614295,25742.7614295,25742.7614295,25742.7614295,25742.7614295,25742.7614295,25742.7614295,25742.7614295,25742.7614295,25742.7614295,25742.7614295,25742.7614295,25742.7614295,25742.7614295,25742.7614295,25742.7614295,25742.7614295,25742.7614295,25742.7614295,25742.7614295,25742.7614295,25742.7614295,25742.7614295,25742.7614295,25742.7614295,25742.7614295,25742.7614295,25742.7614295,25742.7614295,25742.7614295,25742.7614295,25742.7614295,25742.7614295,25742.7614295,25742.7614295,25742.7614295,25742.7614295,25742.7614295,25742.7614295,25742.7614295,25742.7614295,25742.7614295,25742.7614295,25742.7614295,25742.7614295,25742.7614295,25742.7614295,25742.7614295,25742.7614295,25742.7614295,25742.7614295,25742.7614295,25742.7614295,25742.7614295,25742.7614295,25742.7614295,25742.7614295,25742.7614295,25742.7614295,25742.7614295,25742.7614295,25742.7614295,25742.7614295,25742.7614295,25742.7614295,25742.7614295,25742.7614295,25742.7614295,25742.7614295,25742.7614295,25742.7614295,25742.7614295,25742.7614295,25742.7614295,25742.7614295,25742.7614295,25742.7614295,25742.7614295,25742.7614295,25742.7614295,25742.7614295,25742.7614295,25742.7614295,25742.7614295,25742.7614295,25742.7614295,25742.7614295,25742.7614295,25742.7614295,25742.7614295,25742.7614295,25742.7614295,25742.7614295,25742.7614295,25742.7614295,25742.7614295,25742.7614295,25742.7614295,25742.7614295,25742.7614295,25742.7614295,25742.7614295,25742.7614295,25742.7614295,25742.7614295,25742.7614295,25742.7614295,25742.7614295,25742.7614295,25742.7614295,25742.7614295,25742.7614295,25742.7614295,25742.7614295,25742.7614295,25742.7614295,25742.7614295,25742.7614295,25742.7614295,25742.7614295,25742.7614295,25742.7614295,25742.7614295,25742.7614295,25742.7614295,25742.7614295,25742.7614295,25742.7614295,25742.7614295,25742.7614295,25742.7614295,25742.7614295,25742.7614295,25742.7614295,25742.7614295,25742.7614295,25742.7614295,25742.7614295,25742.7614295,25742.7614295,25742.7614295,25742.7614295,25742.7614295,25742.7614295,25742.7614295,25742.7614295,25742.7614295,25742.7614295,25742.7614295,25742.7614295,25742.7614295,25742.7614295,25742.7614295,25742.7614295,25742.7614295,25742.7614295,25742.7614295,25742.7614295,25742.7614295,25742.7614295,25742.7614295,25742.7614295,25742.7614295,25742.7614295,25742.7614295,25742.7614295,25742.7614295,25742.7614295,25742.7614295,25742.7614295,25742.7614295,25742.7614295,25742.7614295,25742.7614295,25742.7614295,25742.7614295,25742.7614295,25742.7614295,25742.7614295,25742.7614295,25742.7614295,25742.7614295,25742.7614295,25742.7614295,25742.7614295,25742.7614295,25742.7614295,25742.7614295,25742.7614295,25742.7614295,25742.7614295,25742.7614295,25742.7614295,25742.7614295,25742.7614295,25742.7614295,25742.7614295,25742.7614295,25742.7614295,25742.7614295,25742.7614295,25742.7614295,25742.7614295,25742.7614295,25742.7614295,25742.7614295,25742.7614295,25742.7614295,25742.7614295,25742.7614295,25742.7614295,25742.7614295,25742.7614295,25742.7614295,25742.7614295,25742.7614295,25742.7614295,25742.7614295,25742.7614295,25742.7614295,25742.7614295,25742.7614295,25742.7614295,25742.7614295,25742.7614295,25742.7614295,25742.7614295,25742.7614295,25742.7614295,25742.7614295,25742.7614295,25742.7614295,25742.7614295,25742.7614295,25742.7614295,25742.7614295,25742.7614295,25742.7614295,25742.7614295,25742.7614295,25742.7614295,25742.7614295,25742.7614295,25742.7614295,25742.7614295,25742.7614295,25742.7614295,25742.7614295,25742.7614295,25742.7614295,25742.7614295,25742.7614295,25742.7614295,25742.7614295,25742.7614295,25742.7614295,25742.7614295,25742.7614295,25742.7614295,25742.7614295,25742.7614295,25742.7614295,25742.7614295,25742.7614295,25742.7614295,25742.7614295,25742.7614295,25742.7614295,25742.7614295,25742.7614295,25742.7614295,25742.7614295,25742.7614295,25742.7614295,25742.7614295,25742.7614295,25742.7614295,25742.7614295,25742.7614295,25742.7614295,25742.7614295,25742.7614295,25742.7614295,25742.7614295,25742.7614295,25742.7614295,25742.7614295,25742.7614295,25742.7614295,25742.7614295,25742.7614295,25742.7614295,25742.7614295,25742.7614295,25742.7614295,25742.7614295,25742.7614295,25742.7614295,25742.7614295,25742.7614295,25742.7614295,25742.7614295,25742.7614295,25742.7614295,25742.7614295,25742.7614295,25742.7614295,25742.7614295,25742.7614295,25742.7614295,25742.7614295,25742.7614295,25742.7614295,25742.7614295,25742.7614295,25742.7614295,25742.7614295,25742.7614295,25742.7614295,25742.7614295,25742.7614295,25742.7614295,25742.7614295,25742.7614295,25742.7614295,25742.7614295,25742.7614295,25742.7614295,25742.7614295,25742.7614295,25742.7614295,25742.7614295,25742.7614295,25742.7614295,25742.7614295,25742.7614295,25742.7614295,25742.7614295,25742.7614295,25742.7614295,25742.7614295,25742.7614295,25742.7614295,25742.7614295,25742.7614295,25742.7614295,25742.7614295,25742.7614295,25742.7614295,25742.7614295,25742.7614295,25742.7614295,25742.7614295,25742.7614295,25742.7614295,25742.7614295,25742.7614295,25742.7614295,25742.7614295,25742.7614295,25742.7614295,25742.7614295,25742.7614295,25742.7614295,25742.7614295,25742.7614295,25742.7614295,25742.7614295,25742.7614295,25742.7614295,25742.7614295,25742.7614295,25742.7614295,25742.7614295,25742.7614295,25742.7614295,25742.7614295,25742.7614295,25742.7614295,25742.7614295,25742.7614295,25742.7614295,25742.7614295,25742.7614295,25742.7614295,25742.7614295,25742.7614295,25742.7614295,25742.7614295,25742.7614295,25742.7614295,25742.7614295,25742.7614295,25742.7614295,25742.7614295,25742.7614295,25742.7614295,25742.7614295,25742.7614295,25742.7614295,25742.7614295,25742.7614295,25742.7614295,25742.7614295,25742.7614295,25742.7614295,25742.7614295,25742.7614295,25742.7614295,25742.7614295,25742.7614295,25742.7614295,25742.7614295,25742.7614295,25742.7614295,25742.7614295,25742.7614295,25742.7614295,25742.7614295,25742.7614295,25742.7614295,25742.7614295,25742.7614295,25742.7614295,25742.7614295,25742.7614295,25742.7614295,25742.7614295,25742.7614295,25742.7614295,25742.7614295,25742.7614295,25742.7614295,25742.7614295,25742.7614295,25742.7614295,25742.7614295,25742.7614295,25742.7614295,25742.7614295,25742.7614295,25742.7614295,25742.7614295,25742.7614295,25742.7614295,25742.7614295,25742.7614295,25742.7614295,25742.7614295,25742.7614295,25742.7614295,25742.7614295,25742.7614295,25742.7614295,25742.7614295,25742.7614295,25742.7614295,25742.7614295,25742.7614295,25742.7614295,25742.7614295,25742.7614295,25742.7614295,25742.7614295,25742.7614295,25742.7614295,25742.7614295,25742.7614295,25742.7614295,25742.7614295,25742.7614295,25742.7614295,25742.7614295,25742.7614295,25742.7614295,25742.7614295,25742.7614295,25742.7614295,25742.7614295,25742.7614295,25742.7614295,25742.7614295,25742.7614295,25742.7614295,25742.7614295,25742.7614295,25742.7614295,25742.7614295,25742.7614295,25742.7614295,25742.7614295,25742.7614295,25742.7614295,25742.7614295,25742.7614295,25742.7614295,25742.7614295,25742.7614295,25742.7614295,25742.7614295,25742.7614295,25742.7614295,25742.7614295,25742.7614295,25742.7614295,25742.7614295,25742.7614295,25742.7614295,25742.7614295,25742.7614295,25742.7614295,25742.7614295,25742.7614295,25742.7614295,25742.7614295,25742.7614295,25742.7614295,25742.7614295,25742.7614295,25742.7614295,25742.7614295,25742.7614295,25742.7614295,25742.7614295,25742.7614295,25742.7614295,25742.7614295,25742.7614295,25742.7614295,25742.7614295,25742.7614295,25742.7614295,25742.7614295,25742.7614295,25742.7614295,25742.7614295,25742.7614295,25742.7614295,25742.7614295,25742.7614295,25742.7614295,25742.7614295,25742.7614295,25742.7614295,25742.7614295,25742.7614295,25742.7614295,25742.7614295,25742.7614295,25742.7614295,25742.7614295,25742.7614295,25742.7614295,25742.7614295,25742.7614295,25742.7614295,25742.7614295,25742.7614295,25742.7614295,25742.7614295,25742.7614295,25742.7614295,25742.7614295,25742.7614295,25742.7614295,25742.7614295,25742.7614295,25742.7614295,25742.7614295,25742.7614295,25742.7614295,25742.7614295,25742.7614295,25742.7614295,25742.7614295,25742.7614295,25742.7614295,25742.7614295,25742.7614295,25742.7614295,25742.7614295,25742.7614295,25742.7614295,25742.7614295,25742.7614295,25742.7614295,25742.7614295,25742.7614295,25742.7614295,25742.7614295,25742.7614295,25742.7614295,25742.7614295,25742.7614295,25742.7614295,25742.7614295,25742.7614295,25742.7614295,25742.7614295,25742.7614295,25742.7614295,25742.7614295,25742.7614295,25742.7614295,25742.7614295,25742.7614295,25742.7614295,25742.7614295,25742.7614295,25742.7614295,25742.7614295,25742.7614295,25742.7614295,25742.7614295,25742.7614295,25742.7614295,25742.7614295,25742.7614295,25742.7614295,25742.7614295,25742.7614295,25742.7614295,25742.7614295,25742.7614295,25742.7614295,25742.7614295,25742.7614295,25742.7614295,25742.7614295,25742.7614295,25742.7614295,25742.7614295,25742.7614295,25742.7614295,25742.7614295,25742.7614295,25742.7614295,25742.7614295,25742.7614295,25742.7614295,25742.7614295,25742.7614295,25742.7614295,25742.7614295,25742.7614295,25742.7614295,25742.7614295,25742.7614295,25742.7614295,25742.7614295,25742.7614295,25742.7614295,25742.7614295,25742.7614295,25742.7614295,25742.7614295,25742.7614295,25742.7614295,25742.7614295,25742.7614295,25742.7614295,25742.7614295,25742.7614295,25742.7614295,25742.7614295,25742.7614295,25742.7614295,25742.7614295,25742.7614295,25742.7614295,25742.7614295,25742.7614295,25742.7614295,25742.7614295,25742.7614295,25742.7614295,25742.7614295,25742.7614295,25742.7614295,25742.7614295,25742.7614295,25742.7614295,25742.7614295,25742.7614295,25742.7614295,25742.7614295,25742.7614295,25742.7614295,25742.7614295,25742.7614295,25742.7614295,25742.7614295,25742.7614295,25742.7614295,25742.7614295,25742.7614295,25742.7614295,25742.7614295,25742.7614295,25742.7614295,25742.7614295,25742.7614295,25742.7614295,25742.7614295,25742.7614295,25742.7614295,25742.7614295,25742.7614295,25742.7614295,25742.7614295,25742.7614295,25742.7614295,25742.7614295,25742.7614295,25742.7614295,25742.7614295,25742.7614295,25742.7614295,25742.7614295,25742.7614295,25742.7614295,25742.7614295,25742.7614295,25742.7614295,25742.7614295,25742.7614295,25742.7614295,25742.7614295,25742.7614295,25742.7614295,25742.7614295,25742.7614295,25742.7614295,25742.7614295,25742.7614295,25742.7614295,25742.7614295,25742.7614295,25742.7614295,25742.7614295,25742.7614295,25742.7614295,25742.7614295,25742.7614295,25742.7614295,25742.7614295,25742.7614295,25742.7614295,25742.7614295,25742.7614295,25742.7614295,25742.7614295,25742.7614295,25742.7614295,25742.7614295,25742.7614295,25742.7614295,25742.7614295,25742.7614295,25742.7614295,25742.7614295,25742.7614295,25742.7614295,25742.7614295,25742.7614295,25742.7614295,25742.7614295,25742.7614295,25742.7614295,25742.7614295,25742.7614295,25742.7614295,25742.7614295,25742.7614295,25742.7614295,25742.7614295,25742.7614295,25742.7614295,25742.7614295,25742.7614295,25742.7614295,25742.7614295,25742.7614295,25742.7614295,25742.7614295,25742.7614295,25742.7614295,25742.7614295,25742.7614295,25742.7614295,25742.7614295,25742.7614295,25742.7614295,25742.7614295,25742.7614295,25742.7614295,25742.7614295,25742.7614295,25742.7614295,25742.7614295,25742.7614295,25742.7614295,25742.7614295,25742.7614295,25742.7614295,25742.7614295,25742.7614295,25742.7614295,25742.7614295,25742.7614295,25742.7614295,25742.7614295,25742.7614295,25742.7614295,25742.7614295,25742.7614295,25742.7614295,25742.7614295,25742.7614295,25742.7614295,25742.7614295,25742.7614295,25742.7614295,25742.7614295,25742.7614295,25742.7614295,25742.7614295,25742.7614295,25742.7614295,25742.7614295,25742.7614295,25742.7614295,25742.7614295,25742.7614295,25742.7614295,25742.7614295,25742.7614295,25742.7614295,25742.7614295,25742.7614295,25742.7614295,25742.7614295,25742.7614295,25742.7614295,25742.7614295,25742.7614295,25742.7614295,25742.7614295,25742.7614295,25742.7614295,25742.7614295,25742.7614295,25742.7614295,25742.7614295,25742.7614295,25742.7614295,25742.7614295,25742.7614295,25742.7614295,25742.7614295,25742.7614295,25742.7614295,25742.7614295,25742.7614295,25742.7614295,25742.7614295,25742.7614295,25742.7614295,25742.7614295,25742.7614295,25742.7614295,25742.7614295,25742.7614295,25742.7614295,25742.7614295,25742.7614295,25742.7614295,25742.7614295,25742.7614295,25742.7614295,25742.7614295,25742.7614295,25742.7614295,25742.7614295,25742.7614295,25742.7614295,25742.7614295,25742.7614295,25742.7614295,25742.7614295,25742.7614295,25742.7614295,25742.7614295,25742.7614295,25742.7614295,25742.7614295,25742.7614295,25742.7614295,25742.7614295,25742.7614295,25742.7614295,25742.7614295,25742.7614295,25742.7614295,25742.7614295,25742.7614295,25742.7614295,25742.7614295,25742.7614295,25742.7614295,25742.7614295,25742.7614295,25742.7614295,25742.7614295,25742.7614295,25742.7614295,25742.7614295,25742.7614295,25742.7614295,25742.7614295,25742.7614295,25742.7614295,25742.7614295,25742.7614295,25742.7614295,25742.7614295,25742.7614295,25742.7614295,25742.7614295,25742.7614295,25742.7614295,25742.7614295,25742.7614295,25742.7614295,25742.7614295,25742.7614295,25742.7614295,25742.7614295,25742.7614295,25742.7614295,25742.7614295,25742.7614295,25742.7614295,25742.7614295,25742.7614295,25742.7614295,25742.7614295,25742.7614295,25742.7614295,25742.7614295,25742.7614295,25742.7614295,25742.7614295,25742.7614295,25742.7614295,25742.7614295,25742.7614295,25742.7614295,25742.7614295,25742.7614295,25742.7614295,25742.7614295,25742.7614295,25742.7614295,25742.7614295,25742.7614295,25742.7614295,25742.7614295,25742.7614295,25742.7614295,25742.7614295,25742.7614295,25742.7614295,25742.7614295,25742.7614295,25742.7614295,25742.7614295,25742.7614295,25742.7614295,25742.7614295,25742.7614295,25742.7614295,25742.7614295,25742.7614295,25742.7614295,25742.7614295,25742.7614295,25742.7614295,25742.7614295,25742.7614295,25742.7614295,25742.7614295,25742.7614295,25742.7614295,25742.7614295,25742.7614295,25742.7614295,25742.7614295,25742.7614295,25742.7614295,25742.7614295,25742.7614295,25742.7614295,25742.7614295,25742.7614295,25742.7614295,25742.7614295,25742.7614295,25742.7614295,25742.7614295,25742.7614295,25742.7614295,25742.7614295,25742.7614295,25742.7614295,25742.7614295,25742.7614295,25742.7614295,25742.7614295,25742.7614295,25742.7614295,25742.7614295,25742.7614295,25742.7614295,25742.7614295,25742.7614295,25742.7614295,25742.7614295,25742.7614295,25742.7614295,25742.7614295,25742.7614295,25742.7614295,25742.7614295,25742.7614295,25742.7614295,25742.7614295,25742.7614295,25742.7614295,25742.7614295,25742.7614295,25742.7614295,25742.7614295,25742.7614295,25742.7614295,25742.7614295,25742.7614295,25742.7614295,25742.7614295,25742.7614295,25742.7614295,25742.7614295,25742.7614295,25742.7614295,25742.7614295,25742.7614295,25742.7614295,25742.7614295,25742.7614295,25742.7614295,25742.7614295,25742.7614295,25742.7614295,25742.7614295,25742.7614295,25742.7614295,25742.7614295,25742.7614295,25742.7614295,25742.7614295,25742.7614295,25742.7614295,25742.7614295,25742.7614295,25742.7614295,25742.7614295,25742.7614295,25742.7614295,25742.7614295,25742.7614295,25742.7614295,25742.7614295,25742.7614295,25742.7614295,25742.7614295,25742.7614295,25742.7614295,25742.7614295,25742.7614295,25742.7614295,25742.7614295,25742.7614295,25742.7614295,25742.7614295,25742.7614295,25742.7614295,25742.7614295,25742.7614295,25742.7614295,25742.7614295,25742.7614295,25742.7614295,25742.7614295,25742.7614295,25742.7614295,25742.7614295,25742.7614295,25742.7614295,25742.7614295,25742.7614295,25742.7614295,25742.7614295,25742.7614295,25742.7614295,25742.7614295,25742.7614295,25742.7614295,25742.7614295,25742.7614295,25742.7614295,25742.7614295,25742.7614295,25742.7614295,25742.7614295,25742.7614295,25742.7614295,25742.7614295,25742.7614295,25742.7614295,25742.7614295,25742.7614295,25742.7614295,25742.7614295,25742.7614295,25742.7614295,25742.7614295,25742.7614295,25742.7614295,25742.7614295,25742.7614295,25742.7614295,25742.7614295,25742.7614295,25742.7614295,25742.7614295,25742.7614295,25742.7614295,25742.7614295,25742.7614295,25742.7614295,25742.7614295,25742.7614295,25742.7614295,25742.7614295,25742.7614295,25742.7614295,25742.7614295,25742.7614295,25742.7614295,25742.7614295,25742.7614295,25742.7614295,25742.7614295,25742.7614295,25742.7614295,25742.7614295,25742.7614295,25742.7614295,25742.7614295,25742.7614295,25742.7614295,25742.7614295,25742.7614295,25742.7614295,25742.7614295,25742.7614295,25742.7614295,25742.7614295,25742.7614295,25742.7614295,25742.7614295,25742.7614295,25742.7614295,25742.7614295,25742.7614295,25742.7614295,25742.7614295,25742.7614295,25742.7614295,25742.7614295,25742.7614295,25742.7614295,25742.7614295,25742.7614295,25742.7614295,25742.7614295,25742.7614295,25742.7614295,25742.7614295,25742.7614295,25742.7614295,25742.7614295,25742.7614295,25742.7614295,25742.7614295,25742.7614295,25742.7614295,25742.7614295,25742.7614295,25742.7614295,25742.7614295,25742.7614295,25742.7614295,25742.7614295,25742.7614295,25742.7614295,25742.7614295,25742.7614295,25742.7614295,25742.7614295,25742.7614295,25742.7614295,25742.7614295,25742.7614295,25742.7614295,25742.7614295,25742.7614295,25742.7614295,25742.7614295,25742.7614295,25742.7614295,25742.7614295,25742.7614295,25742.7614295,25742.7614295,25742.7614295,25742.7614295,25742.7614295,25742.7614295,25742.7614295,25742.7614295,25742.7614295,25742.7614295,25742.7614295,25742.7614295,25742.7614295,25742.7614295,25742.7614295,25742.7614295,25742.7614295,25742.7614295,25742.7614295,25742.7614295,25742.7614295,25742.7614295,25742.7614295,25742.7614295,25742.7614295,25742.7614295,25742.7614295,25742.7614295,25742.7614295,25742.7614295,25742.7614295,25742.7614295,25742.7614295,25742.7614295,25742.7614295,25742.7614295,25742.7614295,25742.7614295,25742.7614295,25742.7614295,25742.7614295,25742.7614295,25742.7614295,25742.7614295,25742.7614295,25742.7614295,25742.7614295,25742.7614295,25742.7614295,25742.7614295,25742.7614295,25742.7614295,25742.7614295,25742.7614295,25742.7614295,25742.7614295,25742.7614295,25742.7614295,25742.7614295,25742.7614295,25742.7614295,25742.7614295,25742.7614295,25742.7614295,25742.7614295,25742.7614295,25742.7614295,25742.7614295,25742.7614295,25742.7614295,25742.7614295,25742.7614295,25742.7614295,25742.7614295,25742.7614295,25742.7614295,25742.7614295,25742.7614295,25742.7614295,25742.7614295,25742.7614295,25742.7614295,25742.7614295,25742.7614295,25742.7614295,25742.7614295,25742.7614295,25742.7614295,25742.7614295,25742.7614295,25742.7614295,25742.7614295,25742.7614295,25742.7614295,25742.7614295,25742.7614295,25742.7614295,25742.7614295,25742.7614295,25742.7614295,25742.7614295,25742.7614295,25742.7614295,25742.7614295,25742.7614295,25742.7614295,25742.7614295,25742.7614295,25742.7614295,25742.7614295,25742.7614295,25742.7614295,25742.7614295,25742.7614295,25742.7614295,25742.7614295,25742.7614295,25742.7614295,25742.7614295,25742.7614295,25742.7614295,25742.7614295,25742.7614295,25742.7614295,25742.7614295,25742.7614295,25742.7614295,25742.7614295,25742.7614295,25742.7614295,25742.7614295,25742.7614295,25742.7614295,25742.7614295,25742.7614295,25742.7614295,25742.7614295,25742.7614295,25742.7614295,25742.7614295,25742.7614295,25742.7614295,25742.7614295,25742.7614295,25742.7614295,25742.7614295,25742.7614295,25742.7614295,25742.7614295,25742.7614295,25742.7614295,25742.7614295,25742.7614295,25742.7614295,25742.7614295,25742.7614295,25742.7614295,25742.7614295,25742.7614295,25742.7614295,25742.7614295,25742.7614295,25742.7614295,25742.7614295,25742.7614295,25742.7614295,25742.7614295,25742.7614295,25742.7614295,25742.7614295,25742.7614295,25742.7614295,25742.7614295,25742.7614295,25742.7614295,25742.7614295,25742.7614295,25742.7614295,25742.7614295,25742.7614295,25742.7614295,25742.7614295,25742.7614295,25742.7614295,25742.7614295,25742.7614295,25742.7614295,25742.7614295,25742.7614295,25742.7614295,25742.7614295,25742.7614295,25742.7614295,25742.7614295,25742.7614295,25742.7614295,25742.7614295,25742.7614295,25742.7614295,25742.7614295,25742.7614295,25742.7614295,25742.7614295,25742.7614295,25742.7614295,25742.7614295,25742.7614295,25742.7614295,25742.7614295,25742.7614295,25742.7614295,25742.7614295,25742.7614295,25742.7614295,25742.7614295,25742.7614295,25742.7614295,25742.7614295,25742.7614295,25742.7614295,25742.7614295,25742.7614295,25742.7614295,25742.7614295,25742.7614295,25742.7614295,25742.7614295,25742.7614295,25742.7614295,25742.7614295,25742.7614295,25742.7614295,25742.7614295,25742.7614295,25742.7614295,25742.7614295,25742.7614295,25742.7614295,25742.7614295,25742.7614295,25742.7614295,25742.7614295,25742.7614295,25742.7614295,25742.7614295,25742.7614295,25742.7614295,25742.7614295,25742.7614295,25742.7614295,25742.7614295,25742.7614295,25742.7614295,25742.7614295,25742.7614295,25742.7614295,25742.7614295,25742.7614295,25742.7614295,25742.7614295,25742.7614295,25742.7614295,25742.7614295,25742.7614295,25742.7614295,25742.7614295,25742.7614295,25742.7614295,25742.7614295,25742.7614295,25742.7614295,25742.7614295,25742.7614295,25742.7614295,25742.7614295,25742.7614295,25742.7614295,25742.7614295,25742.7614295,25742.7614295,25742.7614295,25742.7614295,25742.7614295,25742.7614295,25742.7614295,25742.7614295,25742.7614295,25742.7614295,25742.7614295,25742.7614295,25742.7614295,25742.7614295,25742.7614295,25742.7614295,25742.7614295,25742.7614295,25742.7614295,25742.7614295,25742.7614295,25742.7614295,25742.7614295,25742.7614295,25742.7614295,25742.7614295,25742.7614295,25742.7614295,25742.7614295,25742.7614295,25742.7614295,25742.7614295,25742.7614295,25742.7614295,25742.7614295,25742.7614295,25742.7614295,25742.7614295,25742.7614295,25742.7614295,25742.7614295,25742.7614295,25742.7614295,25742.7614295,25742.7614295,25742.7614295,25742.7614295,25742.7614295,25742.7614295,25742.7614295,25742.7614295,25742.7614295,25742.7614295,25742.7614295,25742.7614295,25742.7614295,25742.7614295,25742.7614295,25742.7614295,25742.7614295,25742.7614295,25742.7614295,25742.7614295,25742.7614295,25742.7614295,25742.7614295,25742.7614295,25742.7614295,25742.7614295,25742.7614295,25742.7614295,25742.7614295,25742.7614295,25742.7614295,25742.7614295,25742.7614295,25742.7614295,25742.7614295,25742.7614295,25742.7614295,25742.7614295,25742.7614295,25742.7614295,25742.7614295,25742.7614295,25742.7614295,25742.7614295,25742.7614295,25742.7614295,25742.7614295,25742.7614295,25742.7614295,25742.7614295,25742.7614295,25742.7614295,25742.7614295,25742.7614295,25742.7614295,25742.7614295,25742.7614295,25742.7614295,25742.7614295,25742.7614295,25742.7614295,25742.7614295,25742.7614295,25742.7614295,25742.7614295,25742.7614295,25742.7614295,25742.7614295,25742.7614295,25742.7614295,25742.7614295,25742.7614295,25742.7614295,25742.7614295,25742.7614295,25742.7614295,25742.7614295,25742.7614295,25742.7614295,25742.7614295,25742.7614295,25742.7614295,25742.7614295,25742.7614295,25742.7614295,25742.7614295,25742.7614295,25742.7614295,25742.7614295,25742.7614295,25742.7614295,25742.7614295,25742.7614295,25742.7614295,25742.7614295,25742.7614295,25742.7614295,25742.7614295,25742.7614295,25742.7614295,25742.7614295,25742.7614295,25742.7614295,25742.7614295,25742.7614295,25742.7614295,25742.7614295,25742.7614295,25742.7614295,25742.7614295,25742.7614295,25742.7614295,25742.7614295,25742.7614295,25742.7614295,25742.7614295,25742.7614295,25742.7614295,25742.7614295,25742.7614295,25742.7614295,25742.7614295,25742.7614295,25742.7614295,25742.7614295,25742.7614295,25742.7614295,25742.7614295,25742.7614295,25742.7614295,25742.7614295,25742.7614295,25742.7614295,25742.7614295,25742.7614295,25742.7614295,25742.7614295,25742.7614295,25742.7614295,25742.7614295,25742.7614295,25742.7614295,25742.7614295,25742.7614295,25742.7614295,25742.7614295,25742.7614295,25742.7614295,25742.7614295,25742.7614295,25742.7614295,25742.7614295,25742.7614295,25742.7614295,25742.7614295,25742.7614295,25742.7614295,25742.7614295,25742.7614295,25742.7614295,25742.7614295,25742.7614295,25742.7614295,25742.7614295,25742.7614295,25742.7614295,25742.7614295,25742.7614295,25742.7614295,25742.7614295,25742.7614295,25742.7614295,25742.7614295,25742.7614295,25742.7614295,25742.7614295,25742.7614295,25742.7614295,25742.7614295,25742.7614295,25742.7614295,25742.7614295,25742.7614295,25742.7614295,25742.7614295,25742.7614295,25742.7614295,25742.7614295,25742.7614295,25742.7614295,25742.7614295,25742.7614295,25742.7614295,25742.7614295,25742.7614295,25742.7614295,25742.7614295,25742.7614295,25742.7614295,25742.7614295,25742.7614295,25742.7614295,25742.7614295,25742.7614295,25742.7614295,25742.7614295,25742.7614295,25742.7614295,25742.7614295,25742.7614295,25742.7614295,25742.7614295,25742.7614295,25742.7614295,25742.7614295,25742.7614295,25742.7614295,25742.7614295,25742.7614295,25742.7614295,25742.7614295,25742.7614295,25742.7614295,25742.7614295,25742.7614295,25742.7614295,25742.7614295,25742.7614295,25742.7614295,25742.7614295,25742.7614295,25742.7614295,25742.7614295,25742.7614295,25742.7614295,25742.7614295,25742.7614295,25742.7614295,25742.7614295,25742.7614295,25742.7614295,25742.7614295,25742.7614295,25742.7614295,25742.7614295,25742.7614295,25742.7614295,25742.7614295,25742.7614295,25742.7614295,25742.7614295,25742.7614295,25742.7614295,25742.7614295,25742.7614295,25742.7614295,25742.7614295,25742.7614295,25742.7614295,25742.7614295,25742.7614295,25742.7614295,25742.7614295,25742.7614295,25742.7614295,25742.7614295,25742.7614295,25742.7614295,25742.7614295,25742.7614295,25742.7614295,25742.7614295,25742.7614295,25742.7614295,25742.7614295,25742.7614295,25742.7614295,25742.7614295,25742.7614295,25742.7614295,25742.7614295,25742.7614295,25742.7614295,25742.7614295,25742.7614295,25742.7614295,25742.7614295,25742.7614295,25742.7614295,25742.7614295,25742.7614295,25742.7614295,25742.7614295,25742.7614295,25742.7614295,25742.7614295,25742.7614295,25742.7614295,25742.7614295,25742.7614295,25742.7614295,25742.7614295,25742.7614295,25742.7614295,25742.7614295,25742.7614295,25742.7614295,25742.7614295,25742.7614295,25742.7614295,25742.7614295,25742.7614295,25742.7614295,25742.7614295,25742.7614295,25742.7614295,25742.7614295,25742.7614295,25742.7614295,25742.7614295,25742.7614295,25742.7614295,25742.7614295,25742.7614295,25742.7614295,25742.7614295,25742.7614295,25742.7614295,25742.7614295,25742.7614295,25742.7614295,25742.7614295,25742.7614295,25742.7614295,25742.7614295,25742.7614295,25742.7614295,25742.7614295,25742.7614295,25742.7614295,25742.7614295,25742.7614295,25742.7614295,25742.7614295,25742.7614295,25742.7614295,25742.7614295,25742.7614295,25742.7614295,25742.7614295,25742.7614295,25742.7614295,25742.7614295,25742.7614295,25742.7614295,25742.7614295,25742.7614295,25742.7614295,25742.7614295,25742.7614295,25742.7614295,25742.7614295,25742.7614295,25742.7614295,25742.7614295,25742.7614295,25742.7614295,25742.7614295,25742.7614295,25742.7614295,25742.7614295,25742.7614295,25742.7614295,25742.7614295,25742.7614295,25742.7614295,25742.7614295,25742.7614295,25742.7614295,25742.7614295,25742.7614295,25742.7614295,25742.7614295,25742.7614295,25742.7614295,25742.7614295,25742.7614295,25742.7614295,25742.7614295,25742.7614295,25742.7614295,25742.7614295,25742.7614295,25742.7614295,25742.7614295,25742.7614295,25742.7614295,25742.7614295,25742.7614295,25742.7614295,25742.7614295,25742.7614295,25742.7614295,25742.7614295,25742.7614295,25742.7614295,25742.7614295,25742.7614295,25742.7614295,25742.7614295,25742.7614295,25742.7614295,25742.7614295,25742.7614295,25742.7614295,25742.7614295,25742.7614295,25742.7614295,25742.7614295,25742.7614295,25742.7614295,25742.7614295,25742.7614295,25742.7614295,25742.7614295,25742.7614295,25742.7614295,25742.7614295,25742.7614295,25742.7614295,25742.7614295,25742.7614295,25742.7614295,25742.7614295,25742.7614295,25742.7614295,25742.7614295,25742.7614295,25742.7614295,25742.7614295,25742.7614295,25742.7614295,25742.7614295,25742.7614295,25742.7614295,25742.7614295,25742.7614295,25742.7614295,25742.7614295,25742.7614295,25742.7614295,25742.7614295,25742.7614295,25742.7614295,25742.7614295,25742.7614295,25742.7614295,25742.7614295,25742.7614295,25742.7614295,25742.7614295,25742.7614295,25742.7614295,25742.7614295,25742.7614295,25742.7614295,25742.7614295,25742.7614295,25742.7614295,25742.7614295,25742.7614295,25742.7614295,25742.7614295,25742.7614295,25742.7614295,25742.7614295,25742.7614295,25742.7614295,25742.7614295,25742.7614295,25742.7614295,25742.7614295,25742.7614295,25742.7614295,25742.7614295,25742.7614295,25742.7614295,25742.7614295,25742.7614295,25742.7614295,25742.7614295,25742.7614295,25742.7614295,25742.7614295,25742.7614295,25742.7614295,25742.7614295,25742.7614295,25742.7614295,25742.7614295,25742.7614295,25742.7614295,25742.7614295,25742.7614295,25742.7614295,25742.7614295,25742.7614295,25742.7614295,25742.7614295,25742.7614295,25742.7614295,25742.7614295,25742.7614295,25742.7614295,25742.7614295,25742.7614295,25742.7614295,25742.7614295,25742.7614295,25742.7614295,25742.7614295,25742.7614295,25742.7614295,25742.7614295,25742.7614295,25742.7614295,25742.7614295,25742.7614295,25742.7614295,25742.7614295,25742.7614295,25742.7614295,25742.7614295,25742.7614295,25742.7614295,25742.7614295,25742.7614295,25742.7614295,25742.7614295,25742.7614295,25742.7614295,25742.7614295,25742.7614295,25742.7614295,25742.7614295,25742.7614295,25742.7614295,25742.7614295,25742.7614295,25742.7614295,25742.7614295,25742.7614295,25742.7614295,25742.7614295,25742.7614295,25742.7614295,25742.7614295,25742.7614295,25742.7614295,25742.7614295,25742.7614295,25742.7614295,25742.7614295,25742.7614295,25742.7614295,25742.7614295,25742.7614295,25742.7614295,25742.7614295,25742.7614295,25742.7614295,25742.7614295,25742.7614295,25742.7614295,25742.7614295,25742.7614295,25742.7614295,25742.7614295,25742.7614295,25742.7614295,25742.7614295,25742.7614295,25742.7614295,25742.7614295,25742.7614295,25742.7614295,25742.7614295,25742.7614295,25742.7614295,25742.7614295,25742.7614295,25742.7614295,25742.7614295,25742.7614295,25742.7614295,25742.7614295,25742.7614295,25742.7614295,25742.7614295,25742.7614295,25742.7614295,25742.7614295,25742.7614295,25742.7614295,25742.7614295,25742.7614295,25742.7614295,25742.7614295,25742.7614295,25742.7614295,25742.7614295,25742.7614295,25742.7614295,25742.7614295,25742.7614295,25742.7614295,25742.7614295,25742.7614295,25742.7614295,25742.7614295,25742.7614295,25742.7614295,25742.7614295,25742.7614295,25742.7614295,25742.7614295,25742.7614295,25742.7614295,25742.7614295,25742.7614295,25742.7614295,25742.7614295,25742.7614295,25742.7614295,25742.7614295,25742.7614295,25742.7614295,25742.7614295,25742.7614295,25742.7614295,25742.7614295,25742.7614295,25742.7614295,25742.7614295,25742.7614295,25742.7614295,25742.7614295,25742.7614295,25742.7614295,25742.7614295,25742.7614295,25742.7614295,25742.7614295,25742.7614295,25742.7614295,25742.7614295,25742.7614295,25742.7614295,25742.7614295,25742.7614295,25742.7614295,25742.7614295,25742.7614295,25742.7614295,25742.7614295,25742.7614295,25742.7614295,25742.7614295,25742.7614295,25742.7614295,25742.7614295,25742.7614295,25742.7614295,25742.7614295,25742.7614295,25742.7614295,25742.7614295,25742.7614295,25742.7614295,25742.7614295,25742.7614295,25742.7614295,25742.7614295,25742.7614295,25742.7614295,25742.7614295,25742.7614295,25742.7614295,25742.7614295,25742.7614295,25742.7614295,25742.7614295,25742.7614295,25742.7614295,25742.7614295,25742.7614295,25742.7614295,25742.7614295,25742.7614295,25742.7614295,25742.7614295,25742.7614295,25742.7614295,25742.7614295,25742.7614295,25742.7614295,25742.7614295,25742.7614295,25742.7614295,25742.7614295,25742.7614295,25742.7614295,25742.7614295,25742.7614295,25742.7614295,25742.7614295,25742.7614295,25742.7614295,25742.7614295,25742.7614295,25742.7614295,25742.7614295,25742.7614295,25742.7614295,25742.7614295,25742.7614295,25742.7614295,25742.7614295,25742.7614295,25742.7614295,25742.7614295,25742.7614295,25742.7614295,25742.7614295,25742.7614295,25742.7614295,25742.7614295,25742.7614295,25742.7614295,25742.7614295,25742.7614295,25742.7614295,25742.7614295,25742.7614295,25742.7614295,25742.7614295,25742.7614295,25742.7614295,25742.7614295,25742.7614295,25742.7614295,25742.7614295,25742.7614295,25742.7614295,25742.7614295,25742.7614295,25742.7614295,25742.7614295,25742.7614295,25742.7614295,25742.7614295,25742.7614295,25742.7614295,25742.7614295,25742.7614295,25742.7614295,25742.7614295,25742.7614295,25742.7614295,25742.7614295,25742.7614295,25742.7614295,25742.7614295,25742.7614295,25742.7614295,25742.7614295,25742.7614295,25742.7614295,25742.7614295,25742.7614295,25742.7614295,25742.7614295,25742.7614295,25742.7614295,25742.7614295,25742.7614295,25742.7614295,25742.7614295,25742.7614295,25742.7614295,25742.7614295,25742.7614295,25742.7614295,25742.7614295,25742.7614295,25742.7614295,25742.7614295,25742.7614295,25742.7614295,25742.7614295,25742.7614295,25742.7614295,25742.7614295,25742.7614295,25742.7614295,25742.7614295,25742.7614295,25742.7614295,25742.7614295,25742.7614295,25742.7614295,25742.7614295,25742.7614295,25742.7614295,25742.7614295,25742.7614295,25742.7614295,25742.7614295,25742.7614295,25742.7614295,25742.7614295,25742.7614295,25742.7614295,25742.7614295,25742.7614295,25742.7614295,25742.7614295,25742.7614295,25742.7614295,25742.7614295,25742.7614295,25742.7614295,25742.7614295,25742.7614295,25742.7614295,25742.7614295,25742.7614295,25742.7614295,25742.7614295,25742.7614295,25742.7614295,25742.7614295,25742.7614295,25742.7614295,25742.7614295,25742.7614295,25742.7614295,25742.7614295,25742.7614295,25742.7614295,25742.7614295,25742.7614295,25742.7614295,25742.7614295,25742.7614295,25742.7614295,25742.7614295,25742.7614295,25742.7614295,25742.7614295,25742.7614295,25742.7614295,25742.7614295,25742.7614295,25742.7614295,25742.7614295,25742.7614295,25742.7614295,25742.7614295,25742.7614295,25742.7614295,25742.7614295,25742.7614295,25742.7614295,25742.7614295,25742.7614295,25742.7614295,25742.7614295,25742.7614295,25742.7614295,25742.7614295,25742.7614295,25742.7614295,25742.7614295,25742.7614295,25742.7614295,25742.7614295,25742.7614295,25742.7614295,25742.7614295,25742.7614295,25742.7614295,25742.7614295,25742.7614295,25742.7614295,25742.7614295,25742.7614295,25742.7614295,25742.7614295,25742.7614295,25742.7614295,25742.7614295,25742.7614295,25742.7614295,25742.7614295,25742.7614295,25742.7614295,25742.7614295,25742.7614295,25742.7614295,25742.7614295,25742.7614295,25742.7614295,25742.7614295,25742.7614295,25742.7614295,25742.7614295,25742.7614295,25742.7614295,25742.7614295,25742.7614295,25742.7614295,25742.7614295,25742.7614295,25742.7614295,25742.7614295,25742.7614295,25742.7614295,25742.7614295,25742.7614295,25742.7614295,25742.7614295,25742.7614295,25742.7614295,25742.7614295,25742.7614295,25742.7614295,25742.7614295,25742.7614295,25742.7614295,25742.7614295,25742.7614295,25742.7614295,25742.7614295,25742.7614295,25742.7614295,25742.7614295,25742.7614295,25742.7614295,25742.7614295,25742.7614295,25742.7614295,25742.7614295,25742.7614295,25742.7614295,25742.7614295,25742.7614295,25742.7614295,25742.7614295,25742.7614295,25742.7614295,25742.7614295,25742.7614295,25742.7614295,25742.7614295,25742.7614295,25742.7614295,25742.7614295,25742.7614295,25742.7614295,25742.7614295,25742.7614295,25742.7614295,25742.7614295,25742.7614295,25742.7614295,25742.7614295,25742.7614295,25742.7614295,25742.7614295,25742.7614295,25742.7614295,25742.7614295,25742.7614295,25742.7614295,25742.7614295,25742.7614295,25742.7614295,25742.7614295,25742.7614295,25742.7614295,25742.7614295,25742.7614295,25742.7614295,25742.7614295,25742.7614295,25742.7614295,25742.7614295,25742.7614295,25742.7614295,25742.7614295,25742.7614295,25742.7614295,25742.7614295,25742.7614295,25742.7614295,25742.7614295,25742.7614295,25742.7614295,25742.7614295,25742.7614295,25742.7614295,25742.7614295,25742.7614295,25742.7614295,25742.7614295,25742.7614295,25742.7614295,25742.7614295,25742.7614295,25742.7614295,25742.7614295,25742.7614295,25742.7614295,25742.7614295,25742.7614295,25742.7614295,25742.7614295,25742.7614295,25742.7614295,25742.7614295,25742.7614295,25742.7614295,25742.7614295,25742.7614295,25742.7614295,25742.7614295,25742.7614295,25742.7614295,25742.7614295,25742.7614295,25742.7614295,25742.7614295,25742.7614295,25742.7614295,25742.7614295,25742.7614295,25742.7614295,25742.7614295,25742.7614295,25742.7614295,25742.7614295,25742.7614295,25742.7614295,25742.7614295,25742.7614295,25742.7614295,25742.7614295,25742.7614295,25742.7614295,25742.7614295,25742.7614295,25742.7614295,25742.7614295,25742.7614295,25742.7614295,25742.7614295,25742.7614295,25742.7614295,25742.7614295,25742.7614295,25742.7614295,25742.7614295,25742.7614295,25742.7614295,25742.7614295,25742.7614295,25742.7614295,25742.7614295,25742.7614295,25742.7614295,25742.7614295,25742.7614295,25742.7614295,25742.7614295,25742.7614295,25742.7614295,25742.7614295,25742.7614295,25742.7614295,25742.7614295,25742.7614295,25742.7614295,25742.7614295,25742.7614295,25742.7614295,25742.7614295,25742.7614295,25742.7614295,25742.7614295,25742.7614295,25742.7614295,25742.7614295,25742.7614295,25742.7614295,25742.7614295,25742.7614295,25742.7614295,25742.7614295,25742.7614295,25742.7614295,25742.7614295,25742.7614295,25742.7614295,25742.7614295,25742.7614295,25742.7614295,25742.7614295,25742.7614295,25742.7614295,25742.7614295,25742.7614295,25742.7614295,25742.7614295,25742.7614295,25742.7614295,25742.7614295,25742.7614295,25742.7614295,25742.7614295,25742.7614295,25742.7614295,25742.7614295,25742.7614295,25742.7614295,25742.7614295,25742.7614295,25742.7614295,25742.7614295,25742.7614295,25742.7614295,25742.7614295,25742.7614295,25742.7614295,25742.7614295,25742.7614295,25742.7614295,25742.7614295,25742.7614295,25742.7614295,25742.7614295,25742.7614295,25742.7614295,25742.7614295,25742.7614295,25742.7614295,25742.7614295,25742.7614295,25742.7614295,25742.7614295,25742.7614295,25742.7614295,25742.7614295,25742.7614295,25742.7614295,25742.7614295,25742.7614295,25742.7614295,25742.7614295,25742.7614295,25742.7614295,25742.7614295,25742.7614295,25742.7614295,25742.7614295,25742.7614295,25742.7614295,25742.7614295,25742.7614295,25742.7614295,25742.7614295,25742.7614295,25742.7614295,25742.7614295,25742.7614295,25742.7614295,25742.7614295,25742.7614295,25742.7614295,25742.7614295,25742.7614295,25742.7614295,25742.7614295,25742.7614295,25742.7614295,25742.7614295,25742.7614295,25742.7614295,25742.7614295,25742.7614295,25742.7614295,25742.7614295,25742.7614295,25742.7614295,25742.7614295,25742.7614295,25742.7614295,25742.7614295,25742.7614295,25742.7614295,25742.7614295,25742.7614295,25742.7614295,25742.7614295,25742.7614295,25742.7614295,25742.7614295,25742.7614295,25742.7614295,25742.7614295,25742.7614295,25742.7614295,25742.7614295,25742.7614295,25742.7614295,25742.7614295,25742.7614295,25742.7614295,25742.7614295,25742.7614295,25742.7614295,25742.7614295,25742.7614295,25742.7614295,25742.7614295,25742.7614295,25742.7614295,25742.7614295,25742.7614295,25742.7614295,25742.7614295,25742.7614295,25742.7614295,25742.7614295,25742.7614295,25742.7614295,25742.7614295,25742.7614295,25742.7614295,25742.7614295,25742.7614295,25742.7614295,25742.7614295,25742.7614295,25742.7614295,25742.7614295,25742.7614295,25742.7614295,25742.7614295,25742.7614295,25742.7614295,25742.7614295,25742.7614295,25742.7614295,25742.7614295,25742.7614295,25742.7614295,25742.7614295,25742.7614295,25742.7614295,25742.7614295,25742.7614295,25742.7614295,25742.7614295,25742.7614295,25742.7614295,25742.7614295,25742.7614295,25742.7614295,25742.7614295,25742.7614295,25742.7614295,25742.7614295,25742.7614295,25742.7614295,25742.7614295,25742.7614295,25742.7614295,25742.7614295,25742.7614295,25742.7614295,25742.7614295,25742.7614295,25742.7614295,25742.7614295,25742.7614295,25742.7614295,25742.7614295,25742.7614295,25742.7614295,25742.7614295,25742.7614295,25742.7614295,25742.7614295,25742.7614295,25742.7614295,25742.7614295,25742.7614295,25742.7614295,25742.7614295,25742.7614295,25742.7614295,25742.7614295,25742.7614295,25742.7614295,25742.7614295,25742.7614295,25742.7614295,25742.7614295,25742.7614295,25742.7614295,25742.7614295,25742.7614295,25742.7614295,25742.7614295,25742.7614295,25742.7614295,25742.7614295,25742.7614295,25742.7614295,25742.7614295,25742.7614295,25742.7614295,25742.7614295,25742.7614295,25742.7614295,25742.7614295,25742.7614295,25742.7614295,25742.7614295,25742.7614295,25742.7614295,25742.7614295,25742.7614295,25742.7614295,25742.7614295,25742.7614295,25742.7614295,25742.7614295,25742.7614295,25742.7614295,25742.7614295,25742.7614295,25742.7614295,25742.7614295,25742.7614295,25742.7614295,25742.7614295,25742.7614295,25742.7614295,25742.7614295,25742.7614295,25742.7614295,25742.7614295,25742.7614295,25742.7614295,25742.7614295,25742.7614295,25742.7614295,25742.7614295,25742.7614295,25742.7614295,25742.7614295,25742.7614295,25742.7614295,25742.7614295,25742.7614295,25742.7614295,25742.7614295,25742.7614295,25742.7614295,25742.7614295,25742.7614295,25742.7614295,25742.7614295,25742.7614295,25742.7614295,25742.7614295,25742.7614295,25742.7614295,25742.7614295,25742.7614295,25742.7614295,25742.7614295,25742.7614295,25742.7614295,25742.7614295,25742.7614295,25742.7614295,25742.7614295,25742.7614295,25742.7614295,25742.7614295,25742.7614295,25742.7614295,25742.7614295,25742.7614295,25742.7614295,25742.7614295,25742.7614295,25742.7614295,25742.7614295,25742.7614295,25742.7614295,25742.7614295,25742.7614295,25742.7614295,25742.7614295,25742.7614295,25742.7614295,25742.7614295,25742.7614295,25742.7614295,25742.7614295,25742.7614295,25742.7614295,25742.7614295,25742.7614295,25742.7614295,25742.7614295,25742.7614295,25742.7614295,25742.7614295,25742.7614295,25742.7614295,25742.7614295,25742.7614295,25742.7614295,25742.7614295,25742.7614295,25742.7614295,25742.7614295,25742.7614295,25742.7614295,25742.7614295,25742.7614295,25742.7614295,25742.7614295,25742.7614295,25742.7614295,25742.7614295,25742.7614295,25742.7614295,25742.7614295,25742.7614295,25742.7614295,25742.7614295,25742.7614295,25742.7614295,25742.7614295,25742.7614295,25742.7614295,25742.7614295,25742.7614295,25742.7614295,25742.7614295,25742.7614295,25742.7614295,25742.7614295,25742.7614295,25742.7614295,25742.7614295,25742.7614295,25742.7614295,25742.7614295,25742.7614295,25742.7614295,25742.7614295,25742.7614295,25742.7614295,25742.7614295,25742.7614295,25742.7614295,25742.7614295,25742.7614295,25742.7614295,25742.7614295,25742.7614295,25742.7614295,25742.7614295,25742.7614295,25742.7614295,25742.7614295,25742.7614295,25742.7614295,25742.7614295,25742.7614295,25742.7614295,25742.7614295,25742.7614295,25742.7614295,25742.7614295,25742.7614295,25742.7614295,25742.7614295,25742.7614295,25742.7614295,25742.7614295,25742.7614295,25742.7614295,25742.7614295,25742.7614295,25742.7614295,25742.7614295,25742.7614295,25742.7614295,25742.7614295,25742.7614295,25742.7614295,25742.7614295,25742.7614295,25742.7614295,25742.7614295,25742.7614295,25742.7614295,25742.7614295,25742.7614295,25742.7614295,25742.7614295,25742.7614295,25742.7614295,25742.7614295,25742.7614295,25742.7614295,25742.7614295,25742.7614295,25742.7614295,25742.7614295,25742.7614295,25742.7614295,25742.7614295,25742.7614295,25742.7614295,25742.7614295,25742.7614295,25742.7614295,25742.7614295,25742.7614295,25742.7614295,25742.7614295,25742.7614295,25742.7614295,25742.7614295,25742.7614295,25742.7614295,25742.7614295,25742.7614295,25742.7614295,25742.7614295,25742.7614295,25742.7614295,25742.7614295,25742.7614295,25742.7614295,25742.7614295,25742.7614295,25742.7614295,25742.7614295,25742.7614295,25742.7614295,25742.7614295,25742.7614295,25742.7614295,25742.7614295,25742.7614295,25742.7614295,25742.7614295,25742.7614295,25742.7614295,25742.7614295,25742.7614295,25742.7614295,25742.7614295,25742.7614295,25742.7614295,25742.7614295,25742.7614295,25742.7614295,25742.7614295,25742.7614295,25742.7614295,25742.7614295,25742.7614295,25742.7614295,25742.7614295,25742.7614295,25742.7614295,25742.7614295,25742.7614295,25742.7614295,25742.7614295,25742.7614295,25742.7614295,25742.7614295,25742.7614295,25742.7614295,25742.7614295,25742.7614295,25742.7614295,25742.7614295,25742.7614295,25742.7614295,25742.7614295,25742.7614295,25742.7614295,25742.7614295,25742.7614295,25742.7614295,25742.7614295,25742.7614295,25742.7614295,25742.7614295,25742.7614295,25742.7614295,25742.7614295,25742.7614295,25742.7614295,25742.7614295,25742.7614295,25742.7614295,25742.7614295,25742.7614295,25742.7614295,25742.7614295,25742.7614295,25742.7614295,25742.7614295,25742.7614295,25742.7614295,25742.7614295,25742.7614295,25742.7614295,25742.7614295,25742.7614295,25742.7614295,25742.7614295,25742.7614295,25742.7614295,25742.7614295,25742.7614295,25742.7614295,25742.7614295,25742.7614295,25742.7614295,25742.7614295,25742.7614295,25742.7614295,25742.7614295,25742.7614295,25742.7614295,25742.7614295,25742.7614295,25742.7614295,25742.7614295,25742.7614295,25742.7614295,25742.7614295,25742.7614295,25742.7614295,25742.7614295,25742.7614295,25742.7614295,25742.7614295,25742.7614295,25742.7614295,25742.7614295,25742.7614295,25742.7614295,25742.7614295,25742.7614295,25742.7614295,25742.7614295,25742.7614295,25742.7614295,25742.7614295,25742.7614295,25742.7614295,25742.7614295,25742.7614295,25742.7614295,25742.7614295,25742.7614295,25742.7614295,25742.7614295,25742.7614295,25742.7614295,25742.7614295,25742.7614295,25742.7614295,25742.7614295,25742.7614295,25742.7614295,25742.7614295,25742.7614295,25742.7614295,25742.7614295,25742.7614295,25742.7614295,25742.7614295,25742.7614295,25742.7614295,25742.7614295,25742.7614295,25742.7614295,25742.7614295,25742.7614295,25742.7614295,25742.7614295,25742.7614295,25742.7614295,25742.7614295,25742.7614295,25742.7614295,25742.7614295,25742.7614295,25742.7614295,25742.7614295,25742.7614295,25742.7614295,25742.7614295,25742.7614295,25742.7614295,25742.7614295,25742.7614295,25742.7614295,25742.7614295,25742.7614295,25742.7614295,25742.7614295,25742.7614295,25742.7614295,25742.7614295,25742.7614295,25742.7614295,25742.7614295,25742.7614295,25742.7614295,25742.7614295,25742.7614295,25742.7614295,25742.7614295,25742.7614295,25742.7614295,25742.7614295,25742.7614295,25742.7614295,25742.7614295,25742.7614295,25742.7614295,25742.7614295,25742.7614295,25742.7614295,25742.7614295,25742.7614295,25742.7614295,25742.7614295,25742.7614295,25742.7614295,25742.7614295,25742.7614295,25742.7614295,25742.7614295,25742.7614295,25742.7614295,25742.7614295,25742.7614295,25742.7614295,25742.7614295,25742.7614295,25742.7614295,25742.7614295,25742.7614295,25742.7614295,25742.7614295,25742.7614295,25742.7614295,25742.7614295,25742.7614295,25742.7614295,25742.7614295,25742.7614295,25742.7614295,25742.7614295,25742.7614295,25742.7614295,25742.7614295,25742.7614295,25742.7614295,25742.7614295,25742.7614295,25742.7614295,25742.7614295,25742.7614295,25742.7614295,25742.7614295,25742.7614295,25742.7614295,25742.7614295,25742.7614295,25742.7614295,25742.7614295,25742.7614295,25742.7614295,25742.7614295,25742.7614295,25742.7614295,25742.7614295,25742.7614295,25742.7614295,25742.7614295,25742.7614295,25742.7614295,25742.7614295,25742.7614295,25742.7614295,25742.7614295,25742.7614295,25742.7614295,25742.7614295,25742.7614295,25742.7614295,25742.7614295,25742.7614295,25742.7614295,25742.7614295,25742.7614295,25742.7614295,25742.7614295,25742.7614295,25742.7614295,25742.7614295,25742.7614295,25742.7614295,25742.7614295,25742.7614295,25742.7614295,25742.7614295,25742.7614295,25742.7614295,25742.7614295,25742.7614295,25742.7614295,25742.7614295,25742.7614295,25742.7614295,25742.7614295,25742.7614295,25742.7614295,25742.7614295,25742.7614295,25742.7614295,25742.7614295,25742.7614295,25742.7614295,25742.7614295,25742.7614295,25742.7614295,25742.7614295,25742.7614295,25742.7614295,25742.7614295,25742.7614295,25742.7614295,25742.7614295,25742.7614295,25742.7614295,25742.7614295,25742.7614295,25742.7614295,25742.7614295,25742.7614295,25742.7614295,25742.7614295,25742.7614295,25742.7614295,25742.7614295,25742.7614295,25742.7614295,25742.7614295,25742.7614295,25742.7614295,25742.7614295,25742.7614295,25742.7614295,25742.7614295,25742.7614295,25742.7614295,25742.7614295,25742.7614295,25742.7614295,25742.7614295,25742.7614295,25742.7614295,25742.7614295,25742.7614295,25742.7614295,25742.7614295,25742.7614295,25742.7614295,25742.7614295,25742.7614295,25742.7614295,25742.7614295,25742.7614295,25742.7614295,25742.7614295,25742.7614295,25742.7614295,25742.7614295,25742.7614295,25742.7614295,25742.7614295,25742.7614295,25742.7614295,25742.7614295,25742.7614295,25742.7614295,25742.7614295,25742.7614295,25742.7614295,25742.7614295,25742.7614295,25742.7614295,25742.7614295,25742.7614295,25742.7614295,25742.7614295,25742.7614295,25742.7614295,25742.7614295,25742.7614295,25742.7614295,25742.7614295,25742.7614295,25742.7614295,25742.7614295,25742.7614295,25742.7614295,25742.7614295,25742.7614295,25742.7614295,25742.7614295,25742.7614295,25742.7614295,25742.7614295,25742.7614295,25742.7614295,25742.7614295,25742.7614295,25742.7614295,25742.7614295,25742.7614295,25742.7614295,25742.7614295,25742.7614295,25742.7614295,25742.7614295,25742.7614295,25742.7614295,25742.7614295,25742.7614295,25742.7614295,25742.7614295,25742.7614295,25742.7614295,25742.7614295,25742.7614295,25742.7614295,25742.7614295,25742.7614295,25742.7614295,25742.7614295,25742.7614295,25742.7614295,25742.7614295,25742.7614295,25742.7614295,25742.7614295,25742.7614295,25742.7614295,25742.7614295,25742.7614295,25742.7614295,25742.7614295,25742.7614295,25742.7614295,25742.7614295,25742.7614295,25742.7614295,25742.7614295,25742.7614295,25742.7614295,25742.7614295,25742.7614295,25742.7614295,25742.7614295,25742.7614295,25742.7614295,25742.7614295,25742.7614295,25742.7614295,25742.7614295,25742.7614295,25742.7614295,25742.7614295,25742.7614295,25742.7614295,25742.7614295,25742.7614295,25742.7614295,25742.7614295,25742.7614295,25742.7614295,25742.7614295,25742.7614295,25742.7614295,25742.7614295,25742.7614295,25742.7614295,25742.7614295,25742.7614295,25742.7614295,25742.7614295,25742.7614295,25742.7614295,25742.7614295,25742.7614295,25742.7614295,25742.7614295,25742.7614295,25742.7614295,25742.7614295,25742.7614295,25742.7614295,25742.7614295,25742.7614295,25742.7614295,25742.7614295,25742.7614295,25742.7614295,25742.7614295,25742.7614295,25742.7614295,25742.7614295,25742.7614295,25742.7614295,25742.7614295,25742.7614295,25742.7614295,25742.7614295,25742.7614295,25742.7614295,25742.7614295,25742.7614295,25742.7614295,25742.7614295,25742.7614295,25742.7614295,25742.7614295,25742.7614295,25742.7614295,25742.7614295,25742.7614295,25742.7614295,25742.7614295,25742.7614295,25742.7614295,25742.7614295,25742.7614295,25742.7614295,25742.7614295,25742.7614295,25742.7614295,25742.7614295,25742.7614295,25742.7614295,25742.7614295,25742.7614295,25742.7614295,25742.7614295,25742.7614295,25742.7614295,25742.7614295,25742.7614295,25742.7614295,25742.7614295,25742.7614295,25742.7614295,25742.7614295,25742.7614295,25742.7614295,25742.7614295,25742.7614295,25742.7614295,25742.7614295,25742.7614295,25742.7614295,25742.7614295,25742.7614295,25742.7614295,25742.7614295,25742.7614295,25742.7614295,25742.7614295,25742.7614295,25742.7614295,25742.7614295,25742.7614295,25742.7614295,25742.7614295,25742.7614295,25742.7614295,25742.7614295,25742.7614295,25742.7614295,25742.7614295,25742.7614295,25742.7614295,25742.7614295,25742.7614295,25742.7614295,25742.7614295,25742.7614295,25742.7614295,25742.7614295,25742.7614295,25742.7614295,25742.7614295,25742.7614295,25742.7614295,25742.7614295,25742.7614295,25742.7614295,25742.7614295,25742.7614295,25742.7614295,25742.7614295,25742.7614295,25742.7614295,25742.7614295,25742.7614295,25742.7614295,25742.7614295,25742.7614295,25742.7614295,25742.7614295,25742.7614295,25742.7614295,25742.7614295,25742.7614295,25742.7614295,25742.7614295,25742.7614295,25742.7614295,25742.7614295,25742.7614295,25742.7614295,25742.7614295,25742.7614295,25742.7614295,25742.7614295,25742.7614295,25742.7614295,25742.7614295,25742.7614295,25742.7614295,25742.7614295,25742.7614295,25742.7614295,25742.7614295,25742.7614295,25742.7614295,25742.7614295,25742.7614295,25742.7614295,25742.7614295,25742.7614295,25742.7614295,25742.7614295,25742.7614295,25742.7614295,25742.7614295,25742.7614295,25742.7614295,25742.7614295,25742.7614295,25742.7614295,25742.7614295,25742.7614295,25742.7614295,25742.7614295,25742.7614295,25742.7614295,25742.7614295,25742.7614295,25742.7614295,25742.7614295,25742.7614295,25742.7614295,25742.7614295,25742.7614295,25742.7614295,25742.7614295,25742.7614295,25742.7614295,25742.7614295,25742.7614295,25742.7614295,25742.7614295,25742.7614295,25742.7614295,25742.7614295,25742.7614295,25742.7614295,25742.7614295,25742.7614295,25742.7614295,25742.7614295,25742.7614295,25742.7614295,25742.7614295,25742.7614295,25742.7614295,25742.7614295,25742.7614295,25742.7614295,25742.7614295,25742.7614295,25742.7614295,25742.7614295,25742.7614295,25742.7614295,25742.7614295,25742.7614295,25742.7614295,25742.7614295,25742.7614295,25742.7614295,25742.7614295,25742.7614295,25742.7614295,25742.7614295,25742.7614295,25742.7614295,25742.7614295,25742.7614295,25742.7614295,25742.7614295,25742.7614295,25742.7614295,25742.7614295,25742.7614295,25742.7614295,25742.7614295,25742.7614295,25742.7614295,25742.7614295,25742.7614295,25742.7614295,25742.7614295,25742.7614295,25742.7614295,25742.7614295,25742.7614295,25742.7614295,25742.7614295,25742.7614295,25742.7614295,25742.7614295,25742.7614295,25742.7614295,25742.7614295,25742.7614295,25742.7614295,25742.7614295,25742.7614295,25742.7614295,25742.7614295,25742.7614295,25742.7614295,25742.7614295,25742.7614295,25742.7614295,25742.7614295,25742.7614295,25742.7614295,25742.7614295,25742.7614295,25742.7614295,25742.7614295,25742.7614295,25742.7614295,25742.7614295,25742.7614295,25742.7614295,25742.7614295,25742.7614295,25742.7614295,25742.7614295,25742.7614295,25742.7614295,25742.7614295,25742.7614295,25742.7614295,25742.7614295,25742.7614295,25742.7614295,25742.7614295,25742.7614295,25742.7614295,25742.7614295,25742.7614295,25742.7614295,25742.7614295,25742.7614295,25742.7614295,25742.7614295,25742.7614295,25742.7614295,25742.7614295,25742.7614295,25742.7614295,25742.7614295,25742.7614295,25742.7614295,25742.7614295,25742.7614295,25742.7614295,25742.7614295,25742.7614295,25742.7614295,25742.7614295,25742.7614295,25742.7614295,25742.7614295,25742.7614295,25742.7614295,25742.7614295,25742.7614295,25742.7614295,25742.7614295,25742.7614295,25742.7614295,25742.7614295,25742.7614295,25742.7614295,25742.7614295,25742.7614295,25742.7614295,25742.7614295,25742.7614295,25742.7614295,25742.7614295,25742.7614295,25742.7614295,25742.7614295,25742.7614295,25742.7614295,25742.7614295,25742.7614295,25742.7614295,25742.7614295,25742.7614295,25742.7614295,25742.7614295,25742.7614295,25742.7614295,25742.7614295,25742.7614295,25742.7614295,25742.7614295,25742.7614295,25742.7614295,25742.7614295,25742.7614295,25742.7614295,25742.7614295,25742.7614295,25742.7614295,25742.7614295,25742.7614295,25742.7614295,25742.7614295,25742.7614295,25742.7614295,25742.7614295,25742.7614295,25742.7614295,25742.7614295,25742.7614295,25742.7614295,25742.7614295,25742.7614295,25742.7614295,25742.7614295,25742.7614295,25742.7614295,25742.7614295,25742.7614295,25742.7614295,25742.7614295,25742.7614295,25742.7614295,25742.7614295,25742.7614295,25742.7614295,25742.7614295,25742.7614295,25742.7614295,25742.7614295,25742.7614295,25742.7614295,25742.7614295,25742.7614295,25742.7614295,25742.7614295,25742.7614295,25742.7614295,25742.7614295,25742.7614295,25742.7614295,25742.7614295,25742.7614295,25742.7614295,25742.7614295,25742.7614295,25742.7614295,25742.7614295,25742.7614295,25742.7614295,25742.7614295,25742.7614295,25742.7614295,25742.7614295,25742.7614295,25742.7614295,25742.7614295,25742.7614295,25742.7614295,25742.7614295,25742.7614295,25742.7614295,25742.7614295,25742.7614295,25742.7614295,25742.7614295,25742.7614295,25742.7614295,25742.7614295,25742.7614295,25742.7614295,25742.7614295,25742.7614295,25742.7614295,25742.7614295,25742.7614295,25742.7614295,25742.7614295,25742.7614295,25742.7614295,25742.7614295,25742.7614295,25742.7614295,25742.7614295,25742.7614295,25742.7614295,25742.7614295,25742.7614295,25742.7614295,25742.7614295,25742.7614295,25742.7614295,25742.7614295,25742.7614295,25742.7614295,25742.7614295,25742.7614295,25742.7614295,25742.7614295,25742.7614295,25742.7614295,25742.7614295,25742.7614295,25742.7614295,25742.7614295,25742.7614295,25742.7614295,25742.7614295,25742.7614295,25742.7614295,25742.7614295,25742.7614295,25742.7614295,25742.7614295,25742.7614295,25742.7614295,25742.7614295,25742.7614295,25742.7614295,25742.7614295,25742.7614295,25742.7614295,25742.7614295,25742.7614295,25742.7614295,25742.7614295,25742.7614295,25742.7614295,25742.7614295,25742.7614295,25742.7614295,25742.7614295,25742.7614295,25742.7614295,25742.7614295,25742.7614295,25742.7614295,25742.7614295,25742.7614295,25742.7614295,25742.7614295,25742.7614295,25742.7614295,25742.7614295,25742.7614295,25742.7614295,25742.7614295,25742.7614295,25742.7614295,25742.7614295,25742.7614295,25742.7614295,25742.7614295,25742.7614295,25742.7614295,25742.7614295,25742.7614295,25742.7614295,25742.7614295,25742.7614295,25742.7614295,25742.7614295,25742.7614295,25742.7614295,25742.7614295,25742.7614295,25742.7614295,25742.7614295,25742.7614295,25742.7614295,25742.7614295,25742.7614295,25742.7614295,25742.7614295,25742.7614295,25742.7614295,25742.7614295,25742.7614295,25742.7614295,25742.7614295,25742.7614295,25742.7614295,25742.7614295,25742.7614295,25742.7614295,25742.7614295,25742.7614295,25742.7614295,25742.7614295,25742.7614295,25742.7614295,25742.7614295,25742.7614295,25742.7614295,25742.7614295,25742.7614295,25742.7614295,25742.7614295,25742.7614295,25742.7614295,25742.7614295,25742.7614295,25742.7614295,25742.7614295,25742.7614295,25742.7614295,25742.7614295,25742.7614295,25742.7614295,25742.7614295,25742.7614295,25742.7614295,25742.7614295,25742.7614295,25742.7614295,25742.7614295,25742.7614295,25742.7614295,25742.7614295,25742.7614295,25742.7614295,25742.7614295,25742.7614295,25742.7614295,25742.7614295,25742.7614295,25742.7614295,25742.7614295,25742.7614295,25742.7614295,25742.7614295,25742.7614295,25742.7614295,25742.7614295,25742.7614295,25742.7614295,25742.7614295,25742.7614295,25742.7614295,25742.7614295,25742.7614295,25742.7614295,25742.7614295,25742.7614295,25742.7614295,25742.7614295,25742.7614295,25742.7614295,25742.7614295,25742.7614295,25742.7614295,25742.7614295,25742.7614295,25742.7614295,25742.7614295,25742.7614295,25742.7614295,25742.7614295,25742.7614295,25742.7614295,25742.7614295,25742.7614295,25742.7614295,25742.7614295,25742.7614295,25742.7614295,25742.7614295,25742.7614295,25742.7614295,25742.7614295,25742.7614295,25742.7614295,25742.7614295,25742.7614295,25742.7614295,25742.7614295,25742.7614295,25742.7614295,25742.7614295,25742.7614295,25742.7614295,25742.7614295,25742.7614295,25742.7614295,25742.7614295,25742.7614295,25742.7614295,25742.7614295,25742.7614295,25742.7614295,25742.7614295,25742.7614295,25742.7614295,25742.7614295,25742.7614295,25742.7614295,25742.7614295,25742.7614295,25742.7614295,25742.7614295,25742.7614295,25742.7614295,25742.7614295,25742.7614295,25742.7614295,25742.7614295,25742.7614295,25742.7614295,25742.7614295,25742.7614295,25742.7614295,25742.7614295,25742.7614295,25742.7614295,25742.7614295,25742.7614295,25742.7614295,25742.7614295,25742.7614295,25742.7614295,25742.7614295,25742.7614295,25742.7614295,25742.7614295,25742.7614295,25742.7614295,25742.7614295,25742.7614295,25742.7614295,25742.7614295,25742.7614295,25742.7614295,25742.7614295,25742.7614295,25742.7614295,25742.7614295,25742.7614295,25742.7614295,25742.7614295,25742.7614295,25742.7614295,25742.7614295,25742.7614295,25742.7614295,25742.7614295,25742.7614295,25742.7614295,25742.7614295,25742.7614295,25742.7614295,25742.7614295,25742.7614295,25742.7614295,25742.7614295,25742.7614295,25742.7614295,25742.7614295,25742.7614295,25742.7614295,25742.7614295,25742.7614295,25742.7614295,25742.7614295,25742.7614295,25742.7614295,25742.7614295,25742.7614295,25742.7614295,25742.7614295,25742.7614295,25742.7614295,25742.7614295,25742.7614295,25742.7614295,25742.7614295,25742.7614295,25742.7614295,25742.7614295,25742.7614295,25742.7614295,25742.7614295,25742.7614295,25742.7614295,25742.7614295,25742.7614295,25742.7614295,25742.7614295,25742.7614295,25742.7614295,25742.7614295,25742.7614295,25742.7614295,25742.7614295,25742.7614295,25742.7614295,25742.7614295,25742.7614295,25742.7614295,25742.7614295,25742.7614295,25742.7614295,25742.7614295,25742.7614295,25742.7614295,25742.7614295,25742.7614295,25742.7614295,25742.7614295,25742.7614295,25742.7614295,25742.7614295,25742.7614295,25742.7614295,25742.7614295,25742.7614295,25742.7614295,25742.7614295,25742.7614295,25742.7614295,25742.7614295,25742.7614295,25742.7614295,25742.7614295,25742.7614295,25742.7614295,25742.7614295,25742.7614295,25742.7614295,25742.7614295,25742.7614295,25742.7614295,25742.7614295,25742.7614295,25742.7614295,25742.7614295,25742.7614295,25742.7614295,25742.7614295,25742.7614295,25742.7614295,25742.7614295,25742.7614295,25742.7614295,25742.7614295,25742.7614295,25742.7614295,25742.7614295,25742.7614295,25742.7614295,25742.7614295,25742.7614295,25742.7614295,25742.7614295,25742.7614295,25742.7614295,25742.7614295,25742.7614295,25742.7614295,25742.7614295,25742.7614295,25742.7614295,25742.7614295,25742.7614295,25742.7614295,25742.7614295,25742.7614295,25742.7614295,25742.7614295,25742.7614295,25742.7614295,25742.7614295,25742.7614295,25742.7614295,25742.7614295,25742.7614295,25742.7614295,25742.7614295,25742.7614295,25742.7614295,25742.7614295,25742.7614295,25742.7614295,25742.7614295,25742.7614295,25742.7614295,25742.7614295,25742.7614295,25742.7614295,25742.7614295,25742.7614295,25742.7614295,25742.7614295,25742.7614295,25742.7614295,25742.7614295,25742.7614295,25742.7614295,25742.7614295,25742.7614295,25742.7614295,25742.7614295,25742.7614295,25742.7614295,25742.7614295,25742.7614295,25742.7614295,25742.7614295,25742.7614295,25742.7614295,25742.7614295,25742.7614295,25742.7614295,25742.7614295,25742.7614295,25742.7614295,25742.7614295,25742.7614295,25742.7614295,25742.7614295,25742.7614295,25742.7614295,25742.7614295,25742.7614295,25742.7614295,25742.7614295,25742.7614295,25742.7614295,25742.7614295,25742.7614295,25742.7614295,25742.7614295,25742.7614295,25742.7614295,25742.7614295,25742.7614295,25742.7614295,25742.7614295,25742.7614295,25742.7614295,25742.7614295,25742.7614295,25742.7614295,25742.7614295,25742.7614295,25742.7614295,25742.7614295,25742.7614295,25742.7614295,25742.7614295,25742.7614295,25742.7614295,25742.7614295,25742.7614295,25742.7614295,25742.7614295,25742.7614295,25742.7614295,25742.7614295,25742.7614295,25742.7614295,25742.7614295,25742.7614295,25742.7614295,25742.7614295,25742.7614295,25742.7614295,25742.7614295,25742.7614295,25742.7614295,25742.7614295,25742.7614295,25742.7614295,25742.7614295,25742.7614295,25742.7614295,25742.7614295,25742.7614295,25742.7614295,25742.7614295,25742.7614295,25742.7614295,25742.7614295,25742.7614295,25742.7614295,25742.7614295,25742.7614295,25742.7614295,25742.7614295,25742.7614295,25742.7614295,25742.7614295,25742.7614295,25742.7614295,25742.7614295,25742.7614295,25742.7614295,25742.7614295,25742.7614295,25742.7614295,25742.7614295,25742.7614295,25742.7614295,25742.7614295,25742.7614295,25742.7614295,25742.7614295,25742.7614295,25742.7614295,25742.7614295,25742.7614295,25742.7614295,25742.7614295,25742.7614295,25742.7614295,25742.7614295,25742.7614295,25742.7614295,25742.7614295,25742.7614295,25742.7614295,25742.7614295,25742.7614295,25742.7614295,25742.7614295,25742.7614295,25742.7614295,25742.7614295,25742.7614295,25742.7614295,25742.7614295,25742.7614295,25742.7614295,25742.7614295,25742.7614295,25742.7614295,25742.7614295,25742.7614295,25742.7614295,25742.7614295,25742.7614295,25742.7614295,25742.7614295,25742.7614295,25742.7614295,25742.7614295,25742.7614295,25742.7614295,25742.7614295,25742.7614295,25742.7614295,25742.7614295,25742.7614295,25742.7614295,25742.7614295,25742.7614295,25742.7614295,25742.7614295,25742.7614295,25742.7614295,25742.7614295,25742.7614295,25742.7614295,25742.7614295,25742.7614295,25742.7614295,25742.7614295,25742.7614295,25742.7614295,25742.7614295,25742.7614295,25742.7614295,25742.7614295,25742.7614295,25742.7614295,25742.7614295,25742.7614295,25742.7614295,25742.7614295,25742.7614295,25742.7614295,25742.7614295,25742.7614295,25742.7614295,25742.7614295,25742.7614295,25742.7614295,25742.7614295,25742.7614295,25742.7614295,25742.7614295,25742.7614295,25742.7614295,25742.7614295,25742.7614295,25742.7614295,25742.7614295,25742.7614295,25742.7614295,25742.7614295,25742.7614295,25742.7614295,25742.7614295,25742.7614295,25742.7614295,25742.7614295,25742.7614295,25742.7614295,25742.7614295,25742.7614295,25742.7614295,25742.7614295,25742.7614295,25742.7614295,25742.7614295,25742.7614295,25742.7614295,25742.7614295,25742.7614295,25742.7614295,25742.7614295,25742.7614295,25742.7614295,25742.7614295,25742.7614295,25742.7614295,25742.7614295,25742.7614295,25742.7614295,25742.7614295,25742.7614295,25742.7614295,25742.7614295,25742.7614295,25742.7614295,25742.7614295,25742.7614295,25742.7614295,25742.7614295,25742.7614295,25742.7614295,25742.7614295,25742.7614295,25742.7614295,25742.7614295,25742.7614295,25742.7614295,25742.7614295,25742.7614295,25742.7614295,25742.7614295,25742.7614295,25742.7614295,25742.7614295,25742.7614295,25742.7614295,25742.7614295,25742.7614295,25742.7614295,25742.7614295,25742.7614295,25742.7614295,25742.7614295,25742.7614295,25742.7614295,25742.7614295,25742.7614295,25742.7614295,25742.7614295,25742.7614295,25742.7614295,25742.7614295,25742.7614295,25742.7614295,25742.7614295,25742.7614295,25742.7614295,25742.7614295,25742.7614295,25742.7614295,25742.7614295,25742.7614295,25742.7614295,25742.7614295,25742.7614295,25742.7614295,25742.7614295,25742.7614295,25742.7614295,25742.7614295,25742.7614295,25742.7614295,25742.7614295,25742.7614295,25742.7614295,25742.7614295,25742.7614295,25742.7614295,25742.7614295,25742.7614295,25742.7614295,25742.7614295,25742.7614295,25742.7614295,25742.7614295,25742.7614295,25742.7614295,25742.7614295,25742.7614295,25742.7614295,25742.7614295,25742.7614295,25742.7614295,25742.7614295,25742.7614295,25742.7614295,25742.7614295,25742.7614295,25742.7614295,25742.7614295,25742.7614295,25742.7614295,25742.7614295,25742.7614295,25742.7614295,25742.7614295,25742.7614295,25742.7614295,25742.7614295,25742.7614295,25742.7614295,25742.7614295,25742.7614295,25742.7614295,25742.7614295,25742.7614295,25742.7614295,25742.7614295,25742.7614295,25742.7614295,25742.7614295,25742.7614295,25742.7614295,25742.7614295,25742.7614295,25742.7614295,25742.7614295,25742.7614295,25742.7614295,25742.7614295,25742.7614295,25742.7614295,25742.7614295,25742.7614295,25742.7614295,25742.7614295,25742.7614295,25742.7614295,25742.7614295,25742.7614295,25742.7614295,25742.7614295,25742.7614295,25742.7614295,25742.7614295,25742.7614295,25742.7614295,25742.7614295,25742.7614295,25742.7614295,25742.7614295,25742.7614295,25742.7614295,25742.7614295,25742.7614295,25742.7614295,25742.7614295,25742.7614295,25742.7614295,25742.7614295,25742.7614295,25742.7614295,25742.7614295,25742.7614295,25742.7614295,25742.7614295,25742.7614295,25742.7614295,25742.7614295,25742.7614295,25742.7614295,25742.7614295,25742.7614295,25742.7614295,25742.7614295,25742.7614295,25742.7614295,25742.7614295,25742.7614295,25742.7614295,25742.7614295,25742.7614295,25742.7614295,25742.7614295,25742.7614295,25742.7614295,25742.7614295,25742.7614295,25742.7614295,25742.7614295,25742.7614295,25742.7614295,25742.7614295,25742.7614295,25742.7614295,25742.7614295,25742.7614295,25742.7614295,25742.7614295,25742.7614295,25742.7614295,25742.7614295,25742.7614295,25742.7614295,25742.7614295,25742.7614295,25742.7614295,25742.7614295,25742.7614295,25742.7614295,25742.7614295,25742.7614295,25742.7614295,25742.7614295,25742.7614295,25742.7614295,25742.7614295,25742.7614295,25742.7614295,25742.7614295,25742.7614295,25742.7614295,25742.7614295,25742.7614295,25742.7614295,25742.7614295,25742.7614295,25742.7614295,25742.7614295,25742.7614295,25742.7614295,25742.7614295,25742.7614295,25742.7614295,25742.7614295,25742.7614295,25742.7614295,25742.7614295,25742.7614295,25742.7614295,25742.7614295,25742.7614295,25742.7614295,25742.7614295,25742.7614295,25742.7614295,25742.7614295,25742.7614295,25742.7614295,25742.7614295,25742.7614295,25742.7614295,25742.7614295,25742.7614295,25742.7614295,25742.7614295,25742.7614295,25742.7614295,25742.7614295,25742.7614295,25742.7614295,25742.7614295,25742.7614295,25742.7614295,25742.7614295,25742.7614295,25742.7614295,25742.7614295,25742.7614295,25742.7614295,25742.7614295,25742.7614295,25742.7614295,25742.7614295,25742.7614295,25742.7614295,25742.7614295,25742.7614295,25742.7614295,25742.7614295,25742.7614295,25742.7614295,25742.7614295,25742.7614295,25742.7614295,25742.7614295,25742.7614295,25742.7614295,25742.7614295,25742.7614295,25742.7614295,25742.7614295,25742.7614295,25742.7614295,25742.7614295,25742.7614295,25742.7614295,25742.7614295,25742.7614295,25742.7614295,25742.7614295,25742.7614295,25742.7614295,25742.7614295,25742.7614295,25742.7614295,25742.7614295,25742.7614295,25742.7614295,25742.7614295,25742.7614295,25742.7614295,25742.7614295,25742.7614295,25742.7614295,25742.7614295,25742.7614295,25742.7614295,25742.7614295,25742.7614295,25742.7614295,25742.7614295,25742.7614295,25742.7614295,25742.7614295,25742.7614295,25742.7614295,25742.7614295,25742.7614295,25742.7614295,25742.7614295,25742.7614295,25742.7614295,25742.7614295,25742.7614295,25742.7614295,25742.7614295,25742.7614295,25742.7614295,25742.7614295,25742.7614295,25742.7614295,25742.7614295,25742.7614295,25742.7614295,25742.7614295,25742.7614295,25742.7614295,25742.7614295,25742.7614295,25742.7614295,25742.7614295,25742.7614295,25742.7614295,25742.7614295,25742.7614295,25742.7614295,25742.7614295,25742.7614295,25742.7614295,25742.7614295,25742.7614295,25742.7614295,25742.7614295,25742.7614295,25742.7614295,25742.7614295,25742.7614295,25742.7614295,25742.7614295,25742.7614295,25742.7614295,25742.7614295,25742.7614295,25742.7614295,25742.7614295,25742.7614295,25742.7614295,25742.7614295,25742.7614295,25742.7614295,25742.7614295,25742.7614295,25742.7614295,25742.7614295,25742.7614295,25742.7614295,25742.7614295,25742.7614295,25742.7614295,25742.7614295,25742.7614295,25742.7614295,25742.7614295,25742.7614295,25742.7614295,25742.7614295,25742.7614295,25742.7614295,25742.7614295,25742.7614295,25742.7614295,25742.7614295,25742.7614295,25742.7614295,25742.7614295,25742.7614295,25742.7614295,25742.7614295,25742.7614295,25742.7614295,25742.7614295,25742.7614295,25742.7614295,25742.7614295,25742.7614295,25742.7614295,25742.7614295,25742.7614295,25742.7614295,25742.7614295,25742.7614295,25742.7614295,25742.7614295,25742.7614295,25742.7614295,25742.7614295,25742.7614295,25742.7614295,25742.7614295,25742.7614295,25742.7614295,25742.7614295,25742.7614295,25742.7614295,25742.7614295,25742.7614295,25742.7614295,25742.7614295,25742.7614295,25742.7614295,25742.7614295,25742.7614295,25742.7614295,25742.7614295,25742.7614295,25742.7614295,25742.7614295,25742.7614295,25742.7614295,25742.7614295,25742.7614295,25742.7614295,25742.7614295,25742.7614295,25742.7614295,25742.7614295,25742.7614295,25742.7614295,25742.7614295,25742.7614295,25742.7614295,25742.7614295,25742.7614295,25742.7614295,25742.7614295,25742.7614295,25742.7614295,25742.7614295,25742.7614295,25742.7614295,25742.7614295,25742.7614295,25742.7614295,25742.7614295,25742.7614295,25742.7614295,25742.7614295,25742.7614295,25742.7614295,25742.7614295,25742.7614295,25742.7614295,25742.7614295,25742.7614295,25742.7614295,25742.7614295,25742.7614295,25742.7614295,25742.7614295,25742.7614295,25742.7614295,25742.7614295,25742.7614295,25742.7614295,25742.7614295,25742.7614295,25742.7614295,25742.7614295,25742.7614295,25742.7614295,25742.7614295,25742.7614295,25742.7614295,25742.7614295,25742.7614295,25742.7614295,25742.7614295,25742.7614295,25742.7614295,25742.7614295,25742.7614295,25742.7614295,25742.7614295,25742.7614295,25742.7614295,25742.7614295,25742.7614295,25742.7614295,25742.7614295,25742.7614295,25742.7614295,25742.7614295,25742.7614295,25742.7614295,25742.7614295,25742.7614295,25742.7614295,25742.7614295,25742.7614295,25742.7614295,25742.7614295,25742.7614295,25742.7614295,25742.7614295,25742.7614295,25742.7614295,25742.7614295,25742.7614295,25742.7614295,25742.7614295,25742.7614295,25742.7614295,25742.7614295,25742.7614295,25742.7614295,25742.7614295,25742.7614295,25742.7614295,25742.7614295,25742.7614295,25742.7614295,25742.7614295,25742.7614295,25742.7614295,25742.7614295,25742.7614295,25742.7614295,25742.7614295,25742.7614295,25742.7614295,25742.7614295,25742.7614295,25742.7614295,25742.7614295,25742.7614295,25742.7614295,25742.7614295,25742.7614295,25742.7614295,25742.7614295,25742.7614295,25742.7614295,25742.7614295,25742.7614295,25742.7614295,25742.7614295,25742.7614295,25742.7614295,25742.7614295,25742.7614295,25742.7614295,25742.7614295,25742.7614295,25742.7614295,25742.7614295,25742.7614295,25742.7614295,25742.7614295,25742.7614295,25742.7614295,25742.7614295,25742.7614295,25742.7614295,25742.7614295,25742.7614295,25742.7614295,25742.7614295,25742.7614295,25742.7614295,25742.7614295,25742.7614295,25742.7614295,25742.7614295,25742.7614295,25742.7614295,25742.7614295,25742.7614295,25742.7614295,25742.7614295,25742.7614295,25742.7614295,25742.7614295,25742.7614295,25742.7614295,25742.7614295,25742.7614295,25742.7614295,25742.7614295,25742.7614295,25742.7614295,25742.7614295,25742.7614295,25742.7614295,25742.7614295,25742.7614295,25742.7614295,25742.7614295,25742.7614295,25742.7614295,25742.7614295,25742.7614295,25742.7614295,25742.7614295,25742.7614295,25742.7614295,25742.7614295,25742.7614295,25742.7614295,25742.7614295,25742.7614295,25742.7614295,25742.7614295,25742.7614295,25742.7614295,25742.7614295,25742.7614295,25742.7614295,25742.7614295,25742.7614295,25742.7614295,25742.7614295,25742.7614295,25742.7614295,25742.7614295,25742.7614295,25742.7614295,25742.7614295,25742.7614295,25742.7614295,25742.7614295,25742.7614295,25742.7614295,25742.7614295,25742.7614295,25742.7614295,25742.7614295,25742.7614295,25742.7614295,25742.7614295,25742.7614295,25742.7614295,25742.7614295,25742.7614295,25742.7614295,25742.7614295,25742.7614295,25742.7614295,25742.7614295,25742.7614295,25742.7614295,25742.7614295,25742.7614295,25742.7614295,25742.7614295,25742.7614295,25742.7614295,25742.7614295,25742.7614295,25742.7614295,25742.7614295,25742.7614295,25742.7614295,25742.7614295,25742.7614295,25742.7614295,25742.7614295,25742.7614295,25742.7614295,25742.7614295,25742.7614295,25742.7614295,25742.7614295,25742.7614295,25742.7614295,25742.7614295,25742.7614295,25742.7614295,25742.7614295,25742.7614295,25742.7614295,25742.7614295,25742.7614295,25742.7614295,25742.7614295,25742.7614295,25742.7614295,25742.7614295,25742.7614295,25742.7614295,25742.7614295,25742.7614295,25742.7614295,25742.7614295,25742.7614295,25742.7614295,25742.7614295,25742.7614295,25742.7614295,25742.7614295,25742.7614295,25742.7614295,25742.7614295,25742.7614295,25742.7614295,25742.7614295,25742.7614295,25742.7614295,25742.7614295,25742.7614295,25742.7614295,25742.7614295,25742.7614295,25742.7614295,25742.7614295,25742.7614295,25742.7614295,25742.7614295,25742.7614295,25742.7614295,25742.7614295,25742.7614295,25742.7614295,25742.7614295,25742.7614295,25742.7614295,25742.7614295,25742.7614295,25742.7614295,25742.7614295,25742.7614295,25742.7614295,25742.7614295,25742.7614295,25742.7614295,25742.7614295,25742.7614295,25742.7614295,25742.7614295,25742.7614295,25742.7614295,25742.7614295,25742.7614295,25742.7614295,25742.7614295,25742.7614295,25742.7614295,25742.7614295,25742.7614295,25742.7614295,25742.7614295,25742.7614295,25742.7614295,25742.7614295,25742.7614295,25742.7614295,25742.7614295,25742.7614295,25742.7614295,25742.7614295,25742.7614295,25742.7614295,25742.7614295,25742.7614295,25742.7614295,25742.7614295,25742.7614295,25742.7614295,25742.7614295,25742.7614295,25742.7614295,25742.7614295,25742.7614295,25742.7614295,25742.7614295,25742.7614295,25742.7614295,25742.7614295,25742.7614295,25742.7614295,25742.7614295,25742.7614295,25742.7614295,25742.7614295,25742.7614295,25742.7614295,25742.7614295,25742.7614295,25742.7614295,25742.7614295,25742.7614295,25742.7614295,25742.7614295,25742.7614295,25742.7614295,25742.7614295,25742.7614295,25742.7614295,25742.7614295,25742.7614295,25742.7614295,25742.7614295,25742.7614295,25742.7614295,25742.7614295,25742.7614295,25742.7614295,25742.7614295,25742.7614295,25742.7614295,25742.7614295,25742.7614295,25742.7614295,25742.7614295,25742.7614295,25742.7614295,25742.7614295,25742.7614295,25742.7614295,25742.7614295,25742.7614295,25742.7614295,25742.7614295,25742.7614295,25742.7614295,25742.7614295,25742.7614295,25742.7614295,25742.7614295,25742.7614295,25742.7614295,25742.7614295,25742.7614295,25742.7614295,25742.7614295,25742.7614295,25742.7614295,25742.7614295,25742.7614295,25742.7614295,25742.7614295,25742.7614295,25742.7614295,25742.7614295,25742.7614295,25742.7614295,25742.7614295,25742.7614295,25742.7614295,25742.7614295,25742.7614295,25742.7614295,25742.7614295,25742.7614295,25742.7614295,25742.7614295,25742.7614295,25742.7614295,25742.7614295,25742.7614295,25742.7614295,25742.7614295,25742.7614295,25742.7614295,25742.7614295,25742.7614295,25742.7614295,25742.7614295,25742.7614295,25742.7614295,25742.7614295,25742.7614295,25742.7614295,25742.7614295,25742.7614295,25742.7614295,25742.7614295,25742.7614295,25742.7614295,25742.7614295,25742.7614295,25742.7614295,25742.7614295,25742.7614295,25742.7614295,25742.7614295,25742.7614295,25742.7614295,25742.7614295,25742.7614295,25742.7614295,25742.7614295,25742.7614295,25742.7614295,25742.7614295,25742.7614295,25742.7614295,25742.7614295,25742.7614295,25742.7614295,25742.7614295,25742.7614295,25742.7614295,25742.7614295,25742.7614295,25742.7614295,25742.7614295,25742.7614295,25742.7614295,25742.7614295,25742.7614295,25742.7614295,25742.7614295,25742.7614295,25742.7614295,25742.7614295,25742.7614295,25742.7614295,25742.7614295,25742.7614295,25742.7614295,25742.7614295,25742.7614295,25742.7614295,25742.7614295,25742.7614295,25742.7614295,25742.7614295,25742.7614295,25742.7614295,25742.7614295,25742.7614295,25742.7614295,25742.7614295,25742.7614295,25742.7614295,25742.7614295,25742.7614295,25742.7614295,25742.7614295,25742.7614295,25742.7614295,25742.7614295,25742.7614295,25742.7614295,25742.7614295,25742.7614295,25742.7614295,25742.7614295,25742.7614295,25742.7614295,25742.7614295,25742.7614295,25742.7614295,25742.7614295,25742.7614295,25742.7614295,25742.7614295,25742.7614295,25742.7614295,25742.7614295,25742.7614295,25742.7614295,25742.7614295,25742.7614295,25742.7614295,25742.7614295,25742.7614295,25742.7614295,25742.7614295,25742.7614295,25742.7614295,25742.7614295,25742.7614295,25742.7614295,25742.7614295,25742.7614295,25742.7614295,25742.7614295,25742.7614295,25742.7614295,25742.7614295,25742.7614295,25742.7614295,25742.7614295,25742.7614295,25742.7614295,25742.7614295,25742.7614295,25742.7614295,25742.7614295,25742.7614295,25742.7614295,25742.7614295,25742.7614295,25742.7614295,25742.7614295,25742.7614295,25742.7614295,25742.7614295,25742.7614295,25742.7614295,25742.7614295,25742.7614295,25742.7614295,25742.7614295,25742.7614295,25742.7614295,25742.7614295,25742.7614295,25742.7614295,25742.7614295,25742.7614295,25742.7614295,25742.7614295,25742.7614295,25742.7614295,25742.7614295,25742.7614295,25742.7614295,25742.7614295,25742.7614295,25742.7614295,25742.7614295,25742.7614295,25742.7614295,25742.7614295,25742.7614295,25742.7614295,25742.7614295,25742.7614295,25742.7614295,25742.7614295,25742.7614295,25742.7614295,25742.7614295,25742.7614295,25742.7614295,25742.7614295,25742.7614295,25742.7614295,25742.7614295,25742.7614295,25742.7614295,25742.7614295,25742.7614295,25742.7614295,25742.7614295,25742.7614295,25742.7614295,25742.7614295,25742.7614295,25742.7614295,25742.7614295,25742.7614295,25742.7614295,25742.7614295,25742.7614295,25742.7614295,25742.7614295,25742.7614295,25742.7614295,25742.7614295,25742.7614295,25742.7614295,25742.7614295,25742.7614295,25742.7614295,25742.7614295,25742.7614295,25742.7614295,25742.7614295,25742.7614295,25742.7614295,25742.7614295,25742.7614295,25742.7614295,25742.7614295,25742.7614295,25742.7614295,25742.7614295,25742.7614295,25742.7614295,25742.7614295,25742.7614295,25742.7614295,25742.7614295,25742.7614295,25742.7614295,25742.7614295,25742.7614295,25742.7614295,25742.7614295,25742.7614295,25742.7614295,25742.7614295,25742.7614295,25742.7614295,25742.7614295,25742.7614295,25742.7614295,25742.7614295,25742.7614295,25742.7614295,25742.7614295,25742.7614295,25742.7614295,25742.7614295,25742.7614295,25742.7614295,25742.7614295,25742.7614295,25742.7614295,25742.7614295,25742.7614295,25742.7614295,25742.7614295,25742.7614295,25742.7614295,25742.7614295,25742.7614295,25742.7614295,25742.7614295,25742.7614295,25742.7614295,25742.7614295,25742.7614295,25742.7614295,25742.7614295,25742.7614295,25742.7614295,25742.7614295,25742.7614295,25742.7614295,25742.7614295,25742.7614295,25742.7614295,25742.7614295,25742.7614295,25742.7614295,25742.7614295,25742.7614295,25742.7614295,25742.7614295,25742.7614295,25742.7614295,25742.7614295,25742.7614295,25742.7614295,25742.7614295,25742.7614295,25742.7614295,25742.7614295,25742.7614295,25742.7614295,25742.7614295,25742.7614295,25742.7614295,25742.7614295,25742.7614295,25742.7614295,25742.7614295,25742.7614295,25742.7614295,25742.7614295,25742.7614295,25742.7614295,25742.7614295,25742.7614295,25742.7614295,25742.7614295,25742.7614295,25742.7614295,25742.7614295,25742.7614295,25742.7614295,25742.7614295,25742.7614295,25742.7614295,25742.7614295,25742.7614295,25742.7614295,25742.7614295,25742.7614295,25742.7614295,25742.7614295,25742.7614295,25742.7614295,25742.7614295,25742.7614295,25742.7614295,25742.7614295,25742.7614295,25742.7614295,25742.7614295,25742.7614295,25742.7614295,25742.7614295,25742.7614295,25742.7614295,25742.7614295,25742.7614295,25742.7614295,25742.7614295,25742.7614295,25742.7614295,25742.7614295,25742.7614295,25742.7614295,25742.7614295,25742.7614295,25742.7614295,25742.7614295,25742.7614295,25742.7614295,25742.7614295,25742.7614295,25742.7614295,25742.7614295,25742.7614295,25742.7614295,25742.7614295,25742.7614295,25742.7614295,25742.7614295,25742.7614295,25742.7614295,25742.7614295,25742.7614295,25742.7614295,25742.7614295,25742.7614295,25742.7614295,25742.7614295,25742.7614295,25742.7614295,25742.7614295,25742.7614295,25742.7614295,25742.7614295,25742.7614295,25742.7614295,25742.7614295,25742.7614295,25742.7614295,25742.7614295,25742.7614295,25742.7614295,25742.7614295,25742.7614295,25742.7614295,25742.7614295,25742.7614295,25742.7614295,25742.7614295,25742.7614295,25742.7614295,25742.7614295,25742.7614295,25742.7614295,25742.7614295,25742.7614295,25742.7614295,25742.7614295,25742.7614295,25742.7614295,25742.7614295,25742.7614295,25742.7614295,25742.7614295,25742.7614295,25742.7614295,25742.7614295,25742.7614295,25742.7614295,25742.7614295,25742.7614295,25742.7614295,25742.7614295,25742.7614295,25742.7614295,25742.7614295,25742.7614295,25742.7614295,25742.7614295,25742.7614295,25742.7614295,25742.7614295,25742.7614295,25742.7614295,25742.7614295,25742.7614295,25742.7614295,25742.7614295,25742.7614295,25742.7614295,25742.7614295,25742.7614295,25742.7614295,25742.7614295,25742.7614295,25742.7614295,25742.7614295,25742.7614295,25742.7614295,25742.7614295,25742.7614295,25742.7614295,25742.7614295,25742.7614295,25742.7614295,25742.7614295,25742.7614295,25742.7614295,25742.7614295,25742.7614295,25742.7614295,25742.7614295,25742.7614295,25742.7614295,25742.7614295,25742.7614295,25742.7614295,25742.7614295,25742.7614295,25742.7614295,25742.7614295,25742.7614295,25742.7614295,25742.7614295,25742.7614295,25742.7614295,25742.7614295,25742.7614295,25742.7614295,25742.7614295,25742.7614295,25742.7614295,25742.7614295,25742.7614295,25742.7614295,25742.7614295,25742.7614295,25742.7614295,25742.7614295,25742.7614295,25742.7614295,25742.7614295,25742.7614295,25742.7614295,25742.7614295,25742.7614295,25742.7614295,25742.7614295,25742.7614295,25742.7614295,25742.7614295,25742.7614295,25742.7614295,25742.7614295,25742.7614295,25742.7614295,25742.7614295,25742.7614295,25742.7614295,25742.7614295,25742.7614295,25742.7614295,25742.7614295,25742.7614295,25742.7614295,25742.7614295,25742.7614295,25742.7614295,25742.7614295,25742.7614295,25742.7614295,25742.7614295,25742.7614295,25742.7614295,25742.7614295,25742.7614295,25742.7614295,25742.7614295,25742.7614295,25742.7614295,25742.7614295,25742.7614295,25742.7614295,25742.7614295,25742.7614295,25742.7614295,25742.7614295,25742.7614295,25742.7614295,25742.7614295,25742.7614295,25742.7614295,25742.7614295,25742.7614295,25742.7614295,25742.7614295,25742.7614295,25742.7614295,25742.7614295,25742.7614295,25742.7614295,25742.7614295,25742.7614295,25742.7614295,25742.7614295,25742.7614295,25742.7614295,25742.7614295,25742.7614295,25742.7614295,25742.7614295,25742.7614295,25742.7614295,25742.7614295,25742.7614295,25742.7614295,25742.7614295,25742.7614295,25742.7614295,25742.7614295,25742.7614295,25742.7614295,25742.7614295,25742.7614295,25742.7614295,25742.7614295,25742.7614295,25742.7614295,25742.7614295,25742.7614295,25742.7614295,25742.7614295,25742.7614295,25742.7614295,25742.7614295,25742.7614295,25742.7614295,25742.7614295,25742.7614295,25742.7614295,25742.7614295,25742.7614295,25742.7614295,25742.7614295,25742.7614295,25742.7614295,25742.7614295,25742.7614295,25742.7614295,25742.7614295,25742.7614295,25742.7614295,25742.7614295,25742.7614295,25742.7614295,25742.7614295,25742.7614295,25742.7614295,25742.7614295,25742.7614295,25742.7614295,25742.7614295,25742.7614295,25742.7614295,25742.7614295,25742.7614295,25742.7614295,25742.7614295,25742.7614295,25742.7614295,25742.7614295,25742.7614295,25742.7614295,25742.7614295,25742.7614295,25742.7614295,25742.7614295,25742.7614295,25742.7614295,25742.7614295,25742.7614295,25742.7614295,25742.7614295,25742.7614295,25742.7614295,25742.7614295,25742.7614295,25742.7614295,25742.7614295,25742.7614295,25742.7614295,25742.7614295,25742.7614295,25742.7614295,25742.7614295,25742.7614295,25742.7614295,25742.7614295,25742.7614295,25742.7614295,25742.7614295,25742.7614295,25742.7614295,25742.7614295,25742.7614295,25742.7614295,25742.7614295,25742.7614295,25742.7614295,25742.7614295,25742.7614295,25742.7614295,25742.7614295,25742.7614295,25742.7614295,25742.7614295,25742.7614295,25742.7614295,25742.7614295,25742.7614295,25742.7614295,25742.7614295,25742.7614295,25742.7614295,25742.7614295,25742.7614295,25742.7614295,25742.7614295,25742.7614295,25742.7614295,25742.7614295,25742.7614295,25742.7614295,25742.7614295,25742.7614295,25742.7614295,25742.7614295,25742.7614295,25742.7614295,25742.7614295,25742.7614295,25742.7614295,25742.7614295,25742.7614295,25742.7614295,25742.7614295,25742.7614295,25742.7614295,25742.7614295,25742.7614295,25742.7614295,25742.7614295,25742.7614295,25742.7614295,25742.7614295,25742.7614295,25742.7614295,25742.7614295,25742.7614295,25742.7614295,25742.7614295,25742.7614295,25742.7614295,25742.7614295,25742.7614295,25742.7614295,25742.7614295,25742.7614295,25742.7614295,25742.7614295,25742.7614295,25742.7614295,25742.7614295,25742.7614295,25742.7614295,25742.7614295,25742.7614295,25742.7614295,25742.7614295,25742.7614295,25742.7614295,25742.7614295,25742.7614295,25742.7614295,25742.7614295,25742.7614295,25742.7614295,25742.7614295,25742.7614295,25742.7614295,25742.7614295,25742.7614295,25742.7614295,25742.7614295,25742.7614295,25742.7614295,25742.7614295,25742.7614295,25742.7614295,25742.7614295,25742.7614295,25742.7614295,25742.7614295,25742.7614295,25742.7614295,25742.7614295,25742.7614295,25742.7614295,25742.7614295,25742.7614295,25742.7614295,25742.7614295,25742.7614295,25742.7614295,25742.7614295,25742.7614295,25742.7614295,25742.7614295,25742.7614295,25742.7614295,25742.7614295,25742.7614295,25742.7614295,25742.7614295,25742.7614295,25742.7614295,25742.7614295,25742.7614295,25742.7614295,25742.7614295,25742.7614295,25742.7614295,25742.7614295,25742.7614295,25742.7614295,25742.7614295,25742.7614295,25742.7614295,25742.7614295,25742.7614295,25742.7614295,25742.7614295,25742.7614295,25742.7614295,25742.7614295,25742.7614295,25742.7614295,25742.7614295,25742.7614295,25742.7614295,25742.7614295,25742.7614295,25742.7614295,25742.7614295,25742.7614295,25742.7614295,25742.7614295,25742.7614295,25742.7614295,25742.7614295,25742.7614295,25742.7614295,25742.7614295,25742.7614295,25742.7614295,25742.7614295,25742.7614295,25742.7614295,25742.7614295,25742.7614295,25742.7614295,25742.7614295,25742.7614295,25742.7614295,25742.7614295,25742.7614295,25742.7614295,25742.7614295,25742.7614295,25742.7614295,25742.7614295,25742.7614295,25742.7614295,25742.7614295,25742.7614295,25742.7614295,25742.7614295,25742.7614295,25742.7614295,25742.7614295,25742.7614295,25742.7614295,25742.7614295,25742.7614295,25742.7614295,25742.7614295,25742.7614295,25742.7614295,25742.7614295,25742.7614295,25742.7614295,25742.7614295,25742.7614295,25742.7614295,25742.7614295,25742.7614295,25742.7614295,25742.7614295,25742.7614295,25742.7614295,25742.7614295,25742.7614295,25742.7614295,25742.7614295,25742.7614295,25742.7614295,25742.7614295,25742.7614295,25742.7614295,25742.7614295,25742.7614295,25742.7614295,25742.7614295,25742.7614295,25742.7614295,25742.7614295,25742.7614295,25742.7614295,25742.7614295,25742.7614295,25742.7614295,25742.7614295,25742.7614295,25742.7614295,25742.7614295,25742.7614295,25742.7614295,25742.7614295,25742.7614295,25742.7614295,25742.7614295,25742.7614295,25742.7614295,25742.7614295,25742.7614295,25742.7614295,25742.7614295,25742.7614295,25742.7614295,25742.7614295,25742.7614295,25742.7614295,25742.7614295,25742.7614295,25742.7614295,25742.7614295,25742.7614295,25742.7614295,25742.7614295,25742.7614295,25742.7614295,25742.7614295,25742.7614295,25742.7614295,25742.7614295,25742.7614295,25742.7614295,25742.7614295,25742.7614295,25742.7614295,25742.7614295,25742.7614295,25742.7614295,25742.7614295,25742.7614295,25742.7614295,25742.7614295,25742.7614295,25742.7614295,25742.7614295,25742.7614295,25742.7614295,25742.7614295,25742.7614295,25742.7614295,25742.7614295,25742.7614295,25742.7614295,25742.7614295,25742.7614295,25742.7614295,25742.7614295,25742.7614295,25742.7614295,25742.7614295,25742.7614295,25742.7614295,25742.7614295,25742.7614295,25742.7614295,25742.7614295,25742.7614295,25742.7614295,25742.7614295,25742.7614295,25742.7614295,25742.7614295,25742.7614295,25742.7614295,25742.7614295,25742.7614295,25742.7614295,25742.7614295,25742.7614295,25742.7614295,25742.7614295,25742.7614295,25742.7614295,25742.7614295,25742.7614295,25742.7614295,25742.7614295,25742.7614295,25742.7614295,25742.7614295,25742.7614295,25742.7614295,25742.7614295,25742.7614295,25742.7614295,25742.7614295,25742.7614295,25742.7614295,25742.7614295,25742.7614295,25742.7614295,25742.7614295,25742.7614295,25742.7614295,25742.7614295,25742.7614295,25742.7614295,25742.7614295,25742.7614295,25742.7614295,25742.7614295,25742.7614295,25742.7614295,25742.7614295,25742.7614295,25742.7614295,25742.7614295,25742.7614295,25742.7614295,25742.7614295,25742.7614295,25742.7614295,25742.7614295,25742.7614295,25742.7614295,25742.7614295,25742.7614295,25742.7614295,25742.7614295,25742.7614295,25742.7614295,25742.7614295,25742.7614295,25742.7614295,25742.7614295,25742.7614295,25742.7614295,25742.7614295,25742.7614295,25742.7614295,25742.7614295,25742.7614295,25742.7614295,25742.7614295,25742.7614295,25742.7614295,25742.7614295,25742.7614295,25742.7614295,25742.7614295,25742.7614295,25742.7614295,25742.7614295,25742.7614295,25742.7614295,25742.7614295,25742.7614295,25742.7614295,25742.7614295,25742.7614295,25742.7614295,25742.7614295,25742.7614295,25742.7614295,25742.7614295,25742.7614295,25742.7614295,25742.7614295,25742.7614295,25742.7614295,25742.7614295,25742.7614295,25742.7614295,25742.7614295,25742.7614295,25742.7614295,25742.7614295,25742.7614295,25742.7614295,25742.7614295,25742.7614295,25742.7614295,25742.7614295,25742.7614295,25742.7614295,25742.7614295,25742.7614295,25742.7614295,25742.7614295,25742.7614295,25742.7614295,25742.7614295,25742.7614295,25742.7614295,25742.7614295,25742.7614295,25742.7614295,25742.7614295,25742.7614295,25742.7614295,25742.7614295,25742.7614295,25742.7614295,25742.7614295,25742.7614295,25742.7614295,25742.7614295,25742.7614295,25742.7614295,25742.7614295,25742.7614295,25742.7614295,25742.7614295,25742.7614295,25742.7614295,25742.7614295,25742.7614295,25742.7614295,25742.7614295,25742.7614295,25742.7614295,25742.7614295,25742.7614295,25742.7614295,25742.7614295,25742.7614295,25742.7614295,25742.7614295,25742.7614295,25742.7614295,25742.7614295,25742.7614295,25742.7614295,25742.7614295,25742.7614295,25742.7614295,25742.7614295,25742.7614295,25742.7614295,25742.7614295,25742.7614295,25742.7614295,25742.7614295,25742.7614295,25742.7614295,25742.7614295,25742.7614295,25742.7614295,25742.7614295,25742.7614295,25742.7614295,25742.7614295,25742.7614295,25742.7614295,25742.7614295,25742.7614295,25742.7614295,25742.7614295,25742.7614295,25742.7614295,25742.7614295,25742.7614295,25742.7614295,25742.7614295,25742.7614295,25742.7614295,25742.7614295,25742.7614295,25742.7614295,25742.7614295,25742.7614295,25742.7614295,25742.7614295,25742.7614295,25742.7614295,25742.7614295,25742.7614295,25742.7614295,25742.7614295,25742.7614295,25742.7614295,25742.7614295,25742.7614295,25742.7614295,25742.7614295,25742.7614295,25742.7614295,25742.7614295,25742.7614295,25742.7614295,25742.7614295,25742.7614295,25742.7614295,25742.7614295,25742.7614295,25742.7614295,25742.7614295,25742.7614295,25742.7614295,25742.7614295,25742.7614295,25742.7614295,25742.7614295,25742.7614295,25742.7614295,25742.7614295,25742.7614295,25742.7614295,25742.7614295,25742.7614295,25742.7614295,25742.7614295,25742.7614295,25742.7614295,25742.7614295,25742.7614295,25742.7614295,25742.7614295,25742.7614295,25742.7614295,25742.7614295,25742.7614295,25742.7614295,25742.7614295,25742.7614295,25742.7614295,25742.7614295,25742.7614295,25742.7614295,25742.7614295,25742.7614295,25742.7614295,25742.7614295,25742.7614295,25742.7614295,25742.7614295,25742.7614295,25742.7614295,25742.7614295,25742.7614295,25742.7614295,25742.7614295,25742.7614295,25742.7614295,25742.7614295,25742.7614295,25742.7614295,25742.7614295,25742.7614295,25742.7614295,25742.7614295,25742.7614295,25742.7614295,25742.7614295,25742.7614295,25742.7614295,25742.7614295,25742.7614295,25742.7614295,25742.7614295,25742.7614295,25742.7614295,25742.7614295,25742.7614295,25742.7614295,25742.7614295,25742.7614295,25742.7614295,25742.7614295,25742.7614295,25742.7614295,25742.7614295,25742.7614295,25742.7614295,25742.7614295,25742.7614295,25742.7614295,25742.7614295,25742.7614295,25742.7614295,25742.7614295,25742.7614295,25742.7614295,25742.7614295,25742.7614295,25742.7614295,25742.7614295,25742.7614295,25742.7614295,25742.7614295,25742.7614295,25742.7614295,25742.7614295,25742.7614295,25742.7614295,25742.7614295,25742.7614295,25742.7614295,25742.7614295,25742.7614295,25742.7614295,25742.7614295,25742.7614295,25742.7614295,25742.7614295,25742.7614295,25742.7614295,25742.7614295,25742.7614295,25742.7614295,25742.7614295,25742.7614295,25742.7614295,25742.7614295,25742.7614295,25742.7614295,25742.7614295,25742.7614295,25742.7614295,25742.7614295,25742.7614295,25742.7614295,25742.7614295,25742.7614295,25742.7614295,25742.7614295,25742.7614295,25742.7614295,25742.7614295,25742.7614295,25742.7614295,25742.7614295,25742.7614295,25742.7614295,25742.7614295,25742.7614295,25742.7614295,25742.7614295,25742.7614295,25742.7614295,25742.7614295,25742.7614295,25742.7614295,25742.7614295,25742.7614295,25742.7614295,25742.7614295,25742.7614295,25742.7614295,25742.7614295,25742.7614295,25742.7614295,25742.7614295,25742.7614295,25742.7614295,25742.7614295,25742.7614295,25742.7614295,25742.7614295,25742.7614295,25742.7614295,25742.7614295,25742.7614295,25742.7614295,25742.7614295,25742.7614295,25742.7614295,25742.7614295,25742.7614295,25742.7614295,25742.7614295,25742.7614295,25742.7614295,25742.7614295,25742.7614295,25742.7614295,25742.7614295,25742.7614295,25742.7614295,25742.7614295,25742.7614295,25742.7614295,25742.7614295,25742.7614295,25742.7614295,25742.7614295,25742.7614295,25742.7614295,25742.7614295,25742.7614295,25742.7614295,25742.7614295,25742.7614295,25742.7614295,25742.7614295,25742.7614295,25742.7614295,25742.7614295,25742.7614295,25742.7614295,25742.7614295,25742.7614295,25742.7614295,25742.7614295,25742.7614295,25742.7614295,25742.7614295,25742.7614295,25742.7614295,25742.7614295,25742.7614295,25742.7614295,25742.7614295,25742.7614295,25742.7614295,25742.7614295,25742.7614295,25742.7614295,25742.7614295,25742.7614295,25742.7614295,25742.7614295,25742.7614295,25742.7614295,25742.7614295,25742.7614295,25742.7614295,25742.7614295,25742.7614295,25742.7614295,25742.7614295,25742.7614295,25742.7614295,25742.7614295,25742.7614295,25742.7614295,25742.7614295,25742.7614295,25742.7614295,25742.7614295,25742.7614295,25742.7614295,25742.7614295,25742.7614295,25742.7614295,25742.7614295,25742.7614295,25742.7614295,25742.7614295,25742.7614295,25742.7614295,25742.7614295,25742.7614295,25742.7614295,25742.7614295,25742.7614295,25742.7614295,25742.7614295,25742.7614295,25742.7614295,25742.7614295,25742.7614295,25742.7614295,25742.7614295,25742.7614295,25742.7614295,25742.7614295,25742.7614295,25742.7614295,25742.7614295,25742.7614295,25742.7614295,25742.7614295,25742.7614295,25742.7614295,25742.7614295,25742.7614295,25742.7614295,25742.7614295,25742.7614295,25742.7614295,25742.7614295,25742.7614295,25742.7614295,25742.7614295,25742.7614295,25742.7614295,25742.7614295,25742.7614295,25742.7614295,25742.7614295,25742.7614295,25742.7614295,25742.7614295,25742.7614295,25742.7614295,25742.7614295,25742.7614295,25742.7614295,25742.7614295,25742.7614295,25742.7614295,25742.7614295,25742.7614295,25742.7614295,25742.7614295,25742.7614295,25742.7614295,25742.7614295,25742.7614295,25742.7614295,25742.7614295,25742.7614295,25742.7614295,25742.7614295,25742.7614295,25742.7614295,25742.7614295,25742.7614295,25742.7614295,25742.7614295,25742.7614295,25742.7614295,25742.7614295,25742.7614295,25742.7614295,25742.7614295,25742.7614295,25742.7614295,25742.7614295,25742.7614295,25742.7614295,25742.7614295,25742.7614295,25742.7614295,25742.7614295,25742.7614295,25742.7614295,25742.7614295,25742.7614295,25742.7614295,25742.7614295,25742.7614295,25742.7614295,25742.7614295,25742.7614295,25742.7614295,25742.7614295,25742.7614295,25742.7614295,25742.7614295,25742.7614295,25742.7614295,25742.7614295,25742.7614295,25742.7614295,25742.7614295,25742.7614295,25742.7614295,25742.7614295,25742.7614295,25742.7614295,25742.7614295,25742.7614295,25742.7614295,25742.7614295,25742.7614295,25742.7614295,25742.7614295,25742.7614295,25742.7614295,25742.7614295,25742.7614295,25742.7614295,25742.7614295,25742.7614295,25742.7614295,25742.7614295,25742.7614295,25742.7614295,25742.7614295,25742.7614295,25742.7614295,25742.7614295,25742.7614295,25742.7614295,25742.7614295,25742.7614295,25742.7614295,25742.7614295,25742.7614295,25742.7614295,25742.7614295,25742.7614295,25742.7614295,25742.7614295,25742.7614295,25742.7614295,25742.7614295,25742.7614295,25742.7614295,25742.7614295,25742.7614295,25742.7614295,25742.7614295,25742.7614295,25742.7614295,25742.7614295,25742.7614295,25742.7614295,25742.7614295,25742.7614295,25742.7614295,25742.7614295,25742.7614295,25742.7614295,25742.7614295,25742.7614295,25742.7614295,25742.7614295,25742.7614295,25742.7614295,25742.7614295,25742.7614295,25742.7614295,25742.7614295,25742.7614295,25742.7614295,25742.7614295,25742.7614295,25742.7614295,25742.7614295,25742.7614295,25742.7614295,25742.7614295,25742.7614295,25742.7614295,25742.7614295,25742.7614295,25742.7614295,25742.7614295,25742.7614295,25742.7614295,25742.7614295,25742.7614295,25742.7614295,25742.7614295,25742.7614295,25742.7614295,25742.7614295,25742.7614295,25742.7614295,25742.7614295,25742.7614295,25742.7614295,25742.7614295,25742.7614295,25742.7614295,25742.7614295,25742.7614295,25742.7614295,25742.7614295,25742.7614295,25742.7614295,25742.7614295,25742.7614295,25742.7614295,25742.7614295,25742.7614295,25742.7614295,25742.7614295,25742.7614295,25742.7614295,25742.7614295,25742.7614295,25742.7614295,25742.7614295,25742.7614295,25742.7614295,25742.7614295,25742.7614295,25742.7614295,25742.7614295,25742.7614295,25742.7614295,25742.7614295,25742.7614295,25742.7614295,25742.7614295,25742.7614295,25742.7614295,25742.7614295,25742.7614295,25742.7614295,25742.7614295,25742.7614295,25742.7614295,25742.7614295,25742.7614295,25742.7614295,25742.7614295,25742.7614295,25742.7614295,25742.7614295,25742.7614295,25742.7614295,25742.7614295,25742.7614295,25742.7614295,25742.7614295,25742.7614295,25742.7614295,25742.7614295,25742.7614295,25742.7614295,25742.7614295,25742.7614295,25742.7614295,25742.7614295,25742.7614295,25742.7614295,25742.7614295,25742.7614295,25742.7614295,25742.7614295,25742.7614295,25742.7614295,25742.7614295,25742.7614295,25742.7614295,25742.7614295,25742.7614295,25742.7614295,25742.7614295,25742.7614295,25742.7614295,25742.7614295,25742.7614295,25742.7614295,25742.7614295,25742.7614295,25742.7614295,25742.7614295,25742.7614295,25742.7614295,25742.7614295,25742.7614295,25742.7614295,25742.7614295,25742.7614295,25742.7614295,25742.7614295,25742.7614295,25742.7614295,25742.7614295,25742.7614295,25742.7614295,25742.7614295,25742.7614295,25742.7614295,25742.7614295,25742.7614295,25742.7614295,25742.7614295,25742.7614295,25742.7614295,25742.7614295,25742.7614295,25742.7614295,25742.7614295,25742.7614295,25742.7614295,25742.7614295,25742.7614295,25742.7614295,25742.7614295,25742.7614295,25742.7614295,25742.7614295,25742.7614295,25742.7614295,25742.7614295,25742.7614295,25742.7614295,25742.7614295,25742.7614295,25742.7614295,25742.7614295,25742.7614295,25742.7614295,25742.7614295,25742.7614295,25742.7614295,25742.7614295,25742.7614295,25742.7614295,25742.7614295,25742.7614295,25742.7614295,25742.7614295,25742.7614295,25742.7614295,25742.7614295,25742.7614295,25742.7614295,25742.7614295,25742.7614295,25742.7614295,25742.7614295,25742.7614295,25742.7614295,25742.7614295,25742.7614295,25742.7614295,25742.7614295,25742.7614295,25742.7614295,25742.7614295,25742.7614295,25742.7614295,25742.7614295,25742.7614295,25742.7614295,25742.7614295,25742.7614295,25742.7614295,25742.7614295,25742.7614295,25742.7614295,25742.7614295,25742.7614295,25742.7614295,25742.7614295,25742.7614295,25742.7614295,25742.7614295,25742.7614295,25742.7614295,25742.7614295,25742.7614295,25742.7614295,25742.7614295,25742.7614295,25742.7614295,25742.7614295,25742.7614295,25742.7614295,25742.7614295,25742.7614295,25742.7614295,25742.7614295,25742.7614295,25742.7614295,25742.7614295,25742.7614295,25742.7614295,25742.7614295,25742.7614295,25742.7614295,25742.7614295,25742.7614295,25742.7614295,25742.7614295,25742.7614295,25742.7614295,25742.7614295,25742.7614295,25742.7614295,25742.7614295,25742.7614295,25742.7614295,25742.7614295,25742.7614295,25742.7614295,25742.7614295,25742.7614295,25742.7614295,25742.7614295,25742.7614295,25742.7614295,25742.7614295,25742.7614295,25742.7614295,25742.7614295,25742.7614295,25742.7614295,25742.7614295,25742.7614295,25742.7614295,25742.7614295,25742.7614295,25742.7614295,25742.7614295,25742.7614295,25742.7614295,25742.7614295,25742.7614295,25742.7614295,25742.7614295,25742.7614295,25742.7614295,25742.7614295,25742.7614295,25742.7614295,25742.7614295,25742.7614295,25742.7614295,25742.7614295,25742.7614295,25742.7614295,25742.7614295,25742.7614295,25742.7614295,25742.7614295,25742.7614295,25742.7614295,25742.7614295,25742.7614295,25742.7614295,25742.7614295,25742.7614295,25742.7614295,25742.7614295,25742.7614295,25742.7614295,25742.7614295,25742.7614295,25742.7614295,25742.7614295,25742.7614295,25742.7614295,25742.7614295,25742.7614295,25742.7614295,25742.7614295,25742.7614295,25742.7614295,25742.7614295,25742.7614295,25742.7614295,25742.7614295,25742.7614295,25742.7614295,25742.7614295,25742.7614295,25742.7614295,25742.7614295,25742.7614295,25742.7614295,25742.7614295,25742.7614295,25742.7614295,25742.7614295,25742.7614295,25742.7614295,25742.7614295,25742.7614295,25742.7614295,25742.7614295,25742.7614295,25742.7614295,25742.7614295,25742.7614295,25742.7614295,25742.7614295,25742.7614295,25742.7614295,25742.7614295,25742.7614295,25742.7614295,25742.7614295,25742.7614295,25742.7614295,25742.7614295,25742.7614295,25742.7614295,25742.7614295,25742.7614295,25742.7614295,25742.7614295,25742.7614295,25742.7614295,25742.7614295,25742.7614295,25742.7614295,25742.7614295,25742.7614295,25742.7614295,25742.7614295,25742.7614295,25742.7614295,25742.7614295,25742.7614295,25742.7614295,25742.7614295,25742.7614295,25742.7614295,25742.7614295,25742.7614295,25742.7614295,25742.7614295,25742.7614295,25742.7614295,25742.7614295,25742.7614295,25742.7614295,25742.7614295,25742.7614295,25742.7614295,25742.7614295,25742.7614295,25742.7614295,25742.7614295,25742.7614295,25742.7614295,25742.7614295,25742.7614295,25742.7614295,25742.7614295,25742.7614295,25742.7614295,25742.7614295,25742.7614295,25742.7614295,25742.7614295,25742.7614295,25742.7614295,25742.7614295,25742.7614295,25742.7614295,25742.7614295,25742.7614295,25742.7614295,25742.7614295,25742.7614295,25742.7614295,25742.7614295,25742.7614295,25742.7614295,25742.7614295,25742.7614295,25742.7614295,25742.7614295,25742.7614295,25742.7614295,25742.7614295,25742.7614295,25742.7614295,25742.7614295,25742.7614295,25742.7614295,25742.7614295,25742.7614295,25742.7614295,25742.7614295,25742.7614295,25742.7614295,25742.7614295,25742.7614295,25742.7614295,25742.7614295,25742.7614295,25742.7614295,25742.7614295,25742.7614295,25742.7614295,25742.7614295,25742.7614295,25742.7614295,25742.7614295,25742.7614295,25742.7614295,25742.7614295,25742.7614295,25742.7614295,25742.7614295,25742.7614295,25742.7614295,25742.7614295,25742.7614295,25742.7614295,25742.7614295,25742.7614295,25742.7614295,25742.7614295,25742.7614295,25742.7614295,25742.7614295,25742.7614295,25742.7614295,25742.7614295,25742.7614295,25742.7614295,25742.7614295,25742.7614295,25742.7614295,25742.7614295,25742.7614295,25742.7614295,25742.7614295,25742.7614295,25742.7614295,25742.7614295,25742.7614295,25742.7614295,25742.7614295,25742.7614295,25742.7614295,25742.7614295,25742.7614295,25742.7614295,25742.7614295,25742.7614295,25742.7614295,25742.7614295,25742.7614295,25742.7614295,25742.7614295,25742.7614295,25742.7614295,25742.7614295,25742.7614295,25742.7614295,25742.7614295,25742.7614295,25742.7614295,25742.7614295,25742.7614295,25742.7614295,25742.7614295,25742.7614295,25742.7614295,25742.7614295,25742.7614295,25742.7614295,25742.7614295,25742.7614295,25742.7614295,25742.7614295,25742.7614295,25742.7614295,25742.7614295,25742.7614295,25742.7614295,25742.7614295,25742.7614295,25742.7614295,25742.7614295,25742.7614295,25742.7614295,25742.7614295,25742.7614295,25742.7614295,25742.7614295,25742.7614295,25742.7614295,25742.7614295,25742.7614295,25742.7614295,25742.7614295,25742.7614295,25742.7614295,25742.7614295,25742.7614295,25742.7614295,25742.7614295,25742.7614295,25742.7614295,25742.7614295,25742.7614295,25742.7614295,25742.7614295,25742.7614295,25742.7614295,25742.7614295,25742.7614295,25742.7614295,25742.7614295,25742.7614295,25742.7614295,25742.7614295,25742.7614295,25742.7614295,25742.7614295,25742.7614295,25742.7614295,25742.7614295,25742.7614295,25742.7614295,25742.7614295,25742.7614295,25742.7614295,25742.7614295,25742.7614295,25742.7614295,25742.7614295,25742.7614295,25742.7614295,25742.7614295,25742.7614295,25742.7614295,25742.7614295,25742.7614295,25742.7614295,25742.7614295,25742.7614295,25742.7614295,25742.7614295,25742.7614295,25742.7614295,25742.7614295,25742.7614295,25742.7614295,25742.7614295,25742.7614295,25742.7614295,25742.7614295,25742.7614295,25742.7614295,25742.7614295,25742.7614295,25742.7614295,25742.7614295,25742.7614295,25742.7614295,25742.7614295,25742.7614295,25742.7614295,25742.7614295,25742.7614295,25742.7614295,25742.7614295,25742.7614295,25742.7614295,25742.7614295,25742.7614295,25742.7614295,25742.7614295,25742.7614295,25742.7614295,25742.7614295,25742.7614295,25742.7614295,25742.7614295,25742.7614295,25742.7614295,25742.7614295,25742.7614295,25742.7614295,25742.7614295,25742.7614295,25742.7614295,25742.7614295,25742.7614295,25742.7614295,25742.7614295,25742.7614295,25742.7614295,25742.7614295,25742.7614295,25742.7614295,25742.7614295,25742.7614295,25742.7614295,25742.7614295,25742.7614295,25742.7614295,25742.7614295,25742.7614295,25742.7614295,25742.7614295,25742.7614295,25742.7614295,25742.7614295,25742.7614295,25742.7614295,25742.7614295,25742.7614295,25742.7614295,25742.7614295,25742.7614295,25742.7614295,25742.7614295,25742.7614295,25742.7614295,25742.7614295,25742.7614295,25742.7614295,25742.7614295,25742.7614295,25742.7614295,25742.7614295,25742.7614295,25742.7614295,25742.7614295,25742.7614295,25742.7614295,25742.7614295,25742.7614295,25742.7614295,25742.7614295,25742.7614295,25742.7614295,25742.7614295,25742.7614295,25742.7614295,25742.7614295,25742.7614295,25742.7614295,25742.7614295,25742.7614295,25742.7614295,25742.7614295,25742.7614295,25742.7614295,25742.7614295,25742.7614295,25742.7614295,25742.7614295,25742.7614295,25742.7614295,25742.7614295,25742.7614295,25742.7614295,25742.7614295,25742.7614295,25742.7614295,25742.7614295,25742.7614295,25742.7614295,25742.7614295,25742.7614295,25742.7614295,25742.7614295,25742.7614295,25742.7614295,25742.7614295,25742.7614295,25742.7614295,25742.7614295,25742.7614295,25742.7614295,25742.7614295,25742.7614295,25742.7614295,25742.7614295,25742.7614295,25742.7614295,25742.7614295,25742.7614295,25742.7614295,25742.7614295,25742.7614295,25742.7614295,25742.7614295,25742.7614295,25742.7614295,25742.7614295,25742.7614295,25742.7614295,25742.7614295,25742.7614295,25742.7614295,25742.7614295,25742.7614295,25742.7614295,25742.7614295,25742.7614295,25742.7614295,25742.7614295,25742.7614295,25742.7614295,25742.7614295,25742.7614295,25742.7614295,25742.7614295,25742.7614295,25742.7614295,25742.7614295,25742.7614295,25742.7614295,25742.7614295,25742.7614295,25742.7614295,25742.7614295,25742.7614295,25742.7614295,25742.7614295,25742.7614295,25742.7614295,25742.7614295,25742.7614295,25742.7614295,25742.7614295,25742.7614295,25742.7614295,25742.7614295,25742.7614295,25742.7614295,25742.7614295,25742.7614295,25742.7614295,25742.7614295,25742.7614295,25742.7614295,25742.7614295,25742.7614295,25742.7614295,25742.7614295,25742.7614295,25742.7614295,25742.7614295,25742.7614295,25742.7614295,25742.7614295,25742.7614295,25742.7614295,25742.7614295,25742.7614295,25742.7614295,25742.7614295,25742.7614295,25742.7614295,25742.7614295,25742.7614295,25742.7614295,25742.7614295,25742.7614295,25742.7614295,25742.7614295,25742.7614295,25742.7614295,25742.7614295,25742.7614295,25742.7614295,25742.7614295,25742.7614295,25742.7614295,25742.7614295,25742.7614295,25742.7614295,25742.7614295,25742.7614295,25742.7614295,25742.7614295,25742.7614295,25742.7614295,25742.7614295,25742.7614295,25742.7614295,25742.7614295,25742.7614295,25742.7614295,25742.7614295,25742.7614295,25742.7614295,25742.7614295,25742.7614295,25742.7614295,25742.7614295,25742.7614295,25742.7614295,25742.7614295,25742.7614295,25742.7614295,25742.7614295,25742.7614295,25742.7614295,25742.7614295,25742.7614295,25742.7614295,25742.7614295,25742.7614295,25742.7614295,25742.7614295,25742.7614295,25742.7614295,25742.7614295,25742.7614295,25742.7614295,25742.7614295,25742.7614295,25742.7614295,25742.7614295,25742.7614295,25742.7614295,25742.7614295,25742.7614295,25742.7614295,25742.7614295,25742.7614295,25742.7614295,25742.7614295,25742.7614295,25742.7614295,25742.7614295,25742.7614295,25742.7614295,25742.7614295,25742.7614295,25742.7614295,25742.7614295,25742.7614295,25742.7614295,25742.7614295,25742.7614295,25742.7614295,25742.7614295,25742.7614295,25742.7614295,25742.7614295,25742.7614295,25742.7614295,25742.7614295,25742.7614295,25742.7614295,25742.7614295,25742.7614295,25742.7614295,25742.7614295,25742.7614295,25742.7614295,25742.7614295,25742.7614295,25742.7614295,25742.7614295,25742.7614295,25742.7614295,25742.7614295,25742.7614295,25742.7614295,25742.7614295,25742.7614295,25742.7614295,25742.7614295,25742.7614295,25742.7614295,25742.7614295,25742.7614295,25742.7614295,25742.7614295,25742.7614295,25742.7614295,25742.7614295,25742.7614295,25742.7614295,25742.7614295,25742.7614295,25742.7614295,25742.7614295,25742.7614295,25742.7614295,25742.7614295,25742.7614295,25742.7614295,25742.7614295,25742.7614295,25742.7614295,25742.7614295,25742.7614295,25742.7614295,25742.7614295,25742.7614295,25742.7614295,25742.7614295,25742.7614295,25742.7614295,25742.7614295,25742.7614295,25742.7614295,25742.7614295,25742.7614295,25742.7614295,25742.7614295,25742.7614295,25742.7614295,25742.7614295,25742.7614295,25742.7614295,25742.7614295,25742.7614295,25742.7614295,25742.7614295,25742.7614295,25742.7614295,25742.7614295,25742.7614295,25742.7614295,25742.7614295,25742.7614295,25742.7614295,25742.7614295,25742.7614295,25742.7614295,25742.7614295,25742.7614295,25742.7614295,25742.7614295,25742.7614295,25742.7614295,25742.7614295,25742.7614295,25742.7614295,25742.7614295,25742.7614295,25742.7614295,25742.7614295,25742.7614295,25742.7614295,25742.7614295,25742.7614295,25742.7614295,25742.7614295,25742.7614295,25742.7614295,25742.7614295,25742.7614295,25742.7614295,25742.7614295,25742.7614295,25742.7614295,25742.7614295,25742.7614295,25742.7614295,25742.7614295,25742.7614295,25742.7614295,25742.7614295,25742.7614295,25742.7614295,25742.7614295,25742.7614295,25742.7614295,25742.7614295,25742.7614295,25742.7614295,25742.7614295,25742.7614295,25742.7614295,25742.7614295,25742.7614295,25742.7614295,25742.7614295,25742.7614295,25742.7614295,25742.7614295,25742.7614295,25742.7614295,25742.7614295,25742.7614295,25742.7614295,25742.7614295,25742.7614295,25742.7614295,25742.7614295,25742.7614295,25742.7614295,25742.7614295,25742.7614295,25742.7614295,25742.7614295,25742.7614295,25742.7614295,25742.7614295,25742.7614295,25742.7614295,25742.7614295,25742.7614295,25742.7614295,25742.7614295,25742.7614295,25742.7614295,25742.7614295,25742.7614295,25742.7614295,25742.7614295,25742.7614295,25742.7614295,25742.7614295,25742.7614295,25742.7614295,25742.7614295,25742.7614295,25742.7614295,25742.7614295,25742.7614295,25742.7614295,25742.7614295,25742.7614295,25742.7614295,25742.7614295,25742.7614295,25742.7614295,25742.7614295,25742.7614295,25742.7614295,25742.7614295,25742.7614295,25742.7614295,25742.7614295,25742.7614295,25742.7614295,25742.7614295,25742.7614295,25742.7614295,25742.7614295,25742.7614295,25742.7614295,25742.7614295,25742.7614295,25742.7614295,25742.7614295,25742.7614295,25742.7614295,25742.7614295,25742.7614295,25742.7614295,25742.7614295,25742.7614295,25742.7614295,25742.7614295,25742.7614295,25742.7614295,25742.7614295,25742.7614295,25742.7614295,25742.7614295,25742.7614295,25742.7614295,25742.7614295,25742.7614295,25742.7614295,25742.7614295,25742.7614295,25742.7614295,25742.7614295,25742.7614295,25742.7614295,25742.7614295,25742.7614295,25742.7614295,25742.7614295,25742.7614295,25742.7614295,25742.7614295,25742.7614295,25742.7614295,25742.7614295,25742.7614295,25742.7614295,25742.7614295,25742.7614295,25742.7614295,25742.7614295,25742.7614295,25742.7614295,25742.7614295,25742.7614295,25742.7614295,25742.7614295,25742.7614295,25742.7614295,25742.7614295,25742.7614295,25742.7614295,25742.7614295,25742.7614295,25742.7614295,25742.7614295,25742.7614295,25742.7614295,25742.7614295,25742.7614295,25742.7614295,25742.7614295,25742.7614295,25742.7614295,25742.7614295,25742.7614295,25742.7614295,25742.7614295,25742.7614295,25742.7614295,25742.7614295,25742.7614295,25742.7614295,25742.7614295,25742.7614295,25742.7614295,25742.7614295,25742.7614295,25742.7614295,25742.7614295,25742.7614295,25742.7614295,25742.7614295,25742.7614295,25742.7614295,25742.7614295,25742.7614295,25742.7614295,25742.7614295,25742.7614295,25742.7614295,25742.7614295,25742.7614295,25742.7614295,25742.7614295,25742.7614295,25742.7614295,25742.7614295,25742.7614295,25742.7614295,25742.7614295,25742.7614295,25742.7614295,25742.7614295,25742.7614295,25742.7614295,25742.7614295,25742.7614295,25742.7614295,25742.7614295,25742.7614295,25742.7614295,25742.7614295,25742.7614295,25742.7614295,25742.7614295,25742.7614295,25742.7614295,25742.7614295,25742.7614295,25742.7614295,25742.7614295,25742.7614295,25742.7614295,25742.7614295,25742.7614295,25742.7614295,25742.7614295,25742.7614295,25742.7614295,25742.7614295,25742.7614295,25742.7614295,25742.7614295,25742.7614295,25742.7614295,25742.7614295,25742.7614295,25742.7614295,25742.7614295,25742.7614295,25742.7614295,25742.7614295,25742.7614295,25742.7614295,25742.7614295,25742.7614295,25742.7614295,25742.7614295,25742.7614295,25742.7614295,25742.7614295,25742.7614295,25742.7614295,25742.7614295,25742.7614295,25742.7614295,25742.7614295,25742.7614295,25742.7614295,25742.7614295,25742.7614295,25742.7614295,25742.7614295,25742.7614295,25742.7614295,25742.7614295,25742.7614295,25742.7614295,25742.7614295,25742.7614295,25742.7614295,25742.7614295,25742.7614295,25742.7614295,25742.7614295,25742.7614295,25742.7614295,25742.7614295,25742.7614295,25742.7614295,25742.7614295,25742.7614295,25742.7614295,25742.7614295,25742.7614295,25742.7614295,25742.7614295,25742.7614295,25742.7614295,25742.7614295,25742.7614295,25742.7614295,25742.7614295,25742.7614295,25742.7614295,25742.7614295,25742.7614295,25742.7614295,25742.7614295,25742.7614295,25742.7614295,25742.7614295,25742.7614295,25742.7614295,25742.7614295,25742.7614295,25742.7614295,25742.7614295,25742.7614295,25742.7614295,25742.7614295,25742.7614295,25742.7614295,25742.7614295,25742.7614295,25742.7614295,25742.7614295,25742.7614295,25742.7614295,25742.7614295,25742.7614295,25742.7614295,25742.7614295,25742.7614295,25742.7614295,25742.7614295,25742.7614295,25742.7614295,25742.7614295,25742.7614295,25742.7614295,25742.7614295,25742.7614295,25742.7614295,25742.7614295,25742.7614295,25742.7614295,25742.7614295,25742.7614295,25742.7614295,25742.7614295,25742.7614295,25742.7614295,25742.7614295,25742.7614295,25742.7614295,25742.7614295,25742.7614295,25742.7614295,25742.7614295,25742.7614295,25742.7614295,25742.7614295,25742.7614295,25742.7614295,25742.7614295,25742.7614295,25742.7614295,25742.7614295,25742.7614295,25742.7614295,25742.7614295,25742.7614295,25742.7614295,25742.7614295,25742.7614295,25742.7614295,25742.7614295,25742.7614295,25742.7614295,25742.7614295,25742.7614295,25742.7614295,25742.7614295,25742.7614295,25742.7614295,25742.7614295,25742.7614295,25742.7614295,25742.7614295,25742.7614295,25742.7614295,25742.7614295,25742.7614295,25742.7614295,25742.7614295,25742.7614295,25742.7614295,25742.7614295,25742.7614295,25742.7614295,25742.7614295,25742.7614295,25742.7614295,25742.7614295,25742.7614295,25742.7614295,25742.7614295,25742.7614295,25742.7614295,25742.7614295,25742.7614295,25742.7614295,25742.7614295,25742.7614295,25742.7614295,25742.7614295,25742.7614295,25742.7614295,25742.7614295,25742.7614295,25742.7614295,25742.7614295,25742.7614295,25742.7614295,25742.7614295,25742.7614295,25742.7614295,25742.7614295,25742.7614295,25742.7614295,25742.7614295,25742.7614295,25742.7614295,25742.7614295,25742.7614295,25742.7614295,25742.7614295,25742.7614295,25742.7614295,25742.7614295,25742.7614295,25742.7614295,25742.7614295,25742.7614295,25742.7614295,25742.7614295,25742.7614295,25742.7614295,25742.7614295,25742.7614295,25742.7614295,25742.7614295,25742.7614295,25742.7614295,25742.7614295,25742.7614295,25742.7614295,25742.7614295,25742.7614295,25742.7614295,25742.7614295,25742.7614295,25742.7614295,25742.7614295,25742.7614295,25742.7614295,25742.7614295,25742.7614295,25742.7614295,25742.7614295,25742.7614295,25742.7614295,25742.7614295,25742.7614295,25742.7614295,25742.7614295,25742.7614295,25742.7614295,25742.7614295,25742.7614295,25742.7614295,25742.7614295,25742.7614295,25742.7614295,25742.7614295,25742.7614295,25742.7614295,25742.7614295,25742.7614295,25742.7614295,25742.7614295,25742.7614295,25742.7614295,25742.7614295,25742.7614295,25742.7614295,25742.7614295,25742.7614295,25742.7614295,25742.7614295,25742.7614295,25742.7614295,25742.7614295,25742.7614295,25742.7614295,25742.7614295,25742.7614295,25742.7614295,25742.7614295,25742.7614295,25742.7614295,25742.7614295,25742.7614295,25742.7614295,25742.7614295,25742.7614295,25742.7614295,25742.7614295,25742.7614295,25742.7614295,25742.7614295,25742.7614295,25742.7614295,25742.7614295,25742.7614295,25742.7614295,25742.7614295,25742.7614295,25742.7614295,25742.7614295,25742.7614295,25742.7614295,25742.7614295,25742.7614295,25742.7614295,25742.7614295,25742.7614295,25742.7614295,25742.7614295,25742.7614295,25742.7614295,25742.7614295,25742.7614295,25742.7614295,25742.7614295,25742.7614295,25742.7614295,25742.7614295,25742.7614295,25742.7614295,25742.7614295,25742.7614295,25742.7614295,25742.7614295,25742.7614295,25742.7614295,25742.7614295,25742.7614295,25742.7614295,25742.7614295,25742.7614295,25742.7614295,25742.7614295,25742.7614295,25742.7614295,25742.7614295,25742.7614295,25742.7614295,25742.7614295,25742.7614295,25742.7614295,25742.7614295,25742.7614295,25742.7614295,25742.7614295,25742.7614295,25742.7614295,25742.7614295,25742.7614295,25742.7614295,25742.7614295,25742.7614295,25742.7614295,25742.7614295,25742.7614295,25742.7614295,25742.7614295,25742.7614295,25742.7614295,25742.7614295,25742.7614295,25742.7614295,25742.7614295,25742.7614295,25742.7614295,25742.7614295,25742.7614295,25742.7614295,25742.7614295,25742.7614295,25742.7614295,25742.7614295,25742.7614295,25742.7614295,25742.7614295,25742.7614295,25742.7614295,25742.7614295,25742.7614295,25742.7614295,25742.7614295,25742.7614295,25742.7614295,25742.7614295,25742.7614295,25742.7614295,25742.7614295,25742.7614295,25742.7614295,25742.7614295,25742.7614295,25742.7614295,25742.7614295,25742.7614295,25742.7614295,25742.7614295,25742.7614295,25742.7614295,25742.7614295,25742.7614295,25742.7614295,25742.7614295,25742.7614295,25742.7614295,25742.7614295,25742.7614295,25742.7614295,25742.7614295,25742.7614295,25742.7614295,25742.7614295,25742.7614295,25742.7614295,25742.7614295,25742.7614295,25742.7614295,25742.7614295,25742.7614295,25742.7614295,25742.7614295,25742.7614295,25742.7614295,25742.7614295,25742.7614295,25742.7614295,25742.7614295,25742.7614295,25742.7614295,25742.7614295,25742.7614295,25742.7614295,25742.7614295,25742.7614295,25742.7614295,25742.7614295,25742.7614295,25742.7614295,25742.7614295,25742.7614295,25742.7614295,25742.7614295,25742.7614295,25742.7614295,25742.7614295,25742.7614295,25742.7614295,25742.7614295,25742.7614295,25742.7614295,25742.7614295,25742.7614295,25742.7614295,25742.7614295,25742.7614295,25742.7614295,25742.7614295,25742.7614295,25742.7614295,25742.7614295,25742.7614295,25742.7614295,25742.7614295,25742.7614295,25742.7614295,25742.7614295,25742.7614295,25742.7614295,25742.7614295,25742.7614295,25742.7614295,25742.7614295,25742.7614295,25742.7614295,25742.7614295,25742.7614295,25742.7614295,25742.7614295,25742.7614295,25742.7614295,25742.7614295,25742.7614295,25742.7614295,25742.7614295,25742.7614295,25742.7614295,25742.7614295,25742.7614295,25742.7614295,25742.7614295,25742.7614295,25742.7614295,25742.7614295,25742.7614295,25742.7614295,25742.7614295,25742.7614295,25742.7614295,25742.7614295,25742.7614295,25742.7614295,25742.7614295,25742.7614295,25742.7614295,25742.7614295,25742.7614295,25742.7614295,25742.7614295,25742.7614295,25742.7614295,25742.7614295,25742.7614295,25742.7614295,25742.7614295,25742.7614295,25742.7614295,25742.7614295,25742.7614295,25742.7614295,25742.7614295,25742.7614295,25742.7614295,25742.7614295,25742.7614295,25742.7614295,25742.7614295,25742.7614295,25742.7614295,25742.7614295,25742.7614295,25742.7614295,25742.7614295,25742.7614295,25742.7614295,25742.7614295,25742.7614295,25742.7614295,25742.7614295,25742.7614295,25742.7614295,25742.7614295,25742.7614295,25742.7614295,25742.7614295,25742.7614295,25742.7614295,25742.7614295,25742.7614295,25742.7614295,25742.7614295,25742.7614295,25742.7614295,25742.7614295,25742.7614295,25742.7614295,25742.7614295,25742.7614295,25742.7614295,25742.7614295,25742.7614295,25742.7614295,25742.7614295,25742.7614295,25742.7614295,25742.7614295,25742.7614295,25742.7614295,25742.7614295,25742.7614295,25742.7614295,25742.7614295,25742.7614295,25742.7614295,25742.7614295,25742.7614295,25742.7614295,25742.7614295,25742.7614295,25742.7614295,25742.7614295,25742.7614295,25742.7614295,25742.7614295,25742.7614295,25742.7614295,25742.7614295,25742.7614295,25742.7614295,25742.7614295,25742.7614295,25742.7614295,25742.7614295,25742.7614295,25742.7614295,25742.7614295,25742.7614295,25742.7614295,25742.7614295,25742.7614295,25742.7614295,25742.7614295,25742.7614295,25742.7614295,25742.7614295,25742.7614295,25742.7614295,25742.7614295,25742.7614295,25742.7614295,25742.7614295,25742.7614295,25742.7614295,25742.7614295,25742.7614295,25742.7614295,25742.7614295,25742.7614295,25742.7614295,25742.7614295,25742.7614295,25742.7614295,25742.7614295,25742.7614295,25742.7614295,25742.7614295,25742.7614295,25742.7614295,25742.7614295,25742.7614295,25742.7614295,25742.7614295,25742.7614295,25742.7614295,25742.7614295,25742.7614295,25742.7614295,25742.7614295,25742.7614295,25742.7614295,25742.7614295,25742.7614295,25742.7614295,25742.7614295,25742.7614295,25742.7614295,25742.7614295,25742.7614295,25742.7614295,25742.7614295,25742.7614295,25742.7614295,25742.7614295,25742.7614295,25742.7614295,25742.7614295,25742.7614295,25742.7614295,25742.7614295,25742.7614295,25742.7614295,25742.7614295,25742.7614295,25742.7614295,25742.7614295,25742.7614295,25742.7614295,25742.7614295,25742.7614295,25742.7614295,25742.7614295,25742.7614295,25742.7614295,25742.7614295,25742.7614295,25742.7614295,25742.7614295,25742.7614295,25742.7614295,25742.7614295,25742.7614295,25742.7614295,25742.7614295,25742.7614295,25742.7614295,25742.7614295,25742.7614295,25742.7614295,25742.7614295,25742.7614295,25742.7614295,25742.7614295,25742.7614295,25742.7614295,25742.7614295,25742.7614295,25742.7614295,25742.7614295,25742.7614295,25742.7614295,25742.7614295,25742.7614295,25742.7614295,25742.7614295,25742.7614295,25742.7614295,25742.7614295,25742.7614295,25742.7614295,25742.7614295,25742.7614295,25742.7614295,25742.7614295,25742.7614295,25742.7614295,25742.7614295,25742.7614295,25742.7614295,25742.7614295,25742.7614295,25742.7614295,25742.7614295,25742.7614295,25742.7614295,25742.7614295,25742.7614295,25742.7614295,25742.7614295,25742.7614295,25742.7614295,25742.7614295,25742.7614295,25742.7614295,25742.7614295,25742.7614295,25742.7614295,25742.7614295,25742.7614295,25742.7614295,25742.7614295,25742.7614295,25742.7614295,25742.7614295,25742.7614295,25742.7614295,25742.7614295,25742.7614295,25742.7614295,25742.7614295,25742.7614295,25742.7614295,25742.7614295,25742.7614295,25742.7614295,25742.7614295,25742.7614295,25742.7614295,25742.7614295,25742.7614295,25742.7614295,25742.7614295,25742.7614295,25742.7614295,25742.7614295,25742.7614295,25742.7614295,25742.7614295,25742.7614295,25742.7614295,25742.7614295,25742.7614295,25742.7614295,25742.7614295,25742.7614295,25742.7614295,25742.7614295,25742.7614295,25742.7614295,25742.7614295,25742.7614295,25742.7614295,25742.7614295,25742.7614295,25742.7614295,25742.7614295,25742.7614295,25742.7614295,25742.7614295,25742.7614295,25742.7614295,25742.7614295,25742.7614295,25742.7614295,25742.7614295,25742.7614295,25742.7614295,25742.7614295,25742.7614295,25742.7614295,25742.7614295,25742.7614295,25742.7614295,25742.7614295,25742.7614295,25742.7614295,25742.7614295,25742.7614295,25742.7614295,25742.7614295,25742.7614295,25742.7614295,25742.7614295,25742.7614295,25742.7614295,25742.7614295,25742.7614295,25742.7614295,25742.7614295,25742.7614295,25742.7614295,25742.7614295,25742.7614295,25742.7614295,25742.7614295,25742.7614295,25742.7614295,25742.7614295,25742.7614295,25742.7614295,25742.7614295,25742.7614295,25742.7614295,25742.7614295,25742.7614295,25742.7614295,25742.7614295,25742.7614295,25742.7614295,25742.7614295,25742.7614295,25742.7614295,25742.7614295,25742.7614295,25742.7614295,25742.7614295,25742.7614295,25742.7614295,25742.7614295,25742.7614295,25742.7614295,25742.7614295,25742.7614295,25742.7614295,25742.7614295,25742.7614295,25742.7614295,25742.7614295,25742.7614295,25742.7614295,25742.7614295,25742.7614295,25742.7614295,25742.7614295,25742.7614295,25742.7614295,25742.7614295,25742.7614295,25742.7614295,25742.7614295,25742.7614295,25742.7614295,25742.7614295,25742.7614295,25742.7614295,25742.7614295,25742.7614295,25742.7614295,25742.7614295,25742.7614295,25742.7614295,25742.7614295,25742.7614295,25742.7614295,25742.7614295,25742.7614295,25742.7614295,25742.7614295,25742.7614295,25742.7614295,25742.7614295,25742.7614295,25742.7614295,25742.7614295,25742.7614295,25742.7614295,25742.7614295,25742.7614295,25742.7614295,25742.7614295,25742.7614295,25742.7614295,25742.7614295,25742.7614295,25742.7614295,25742.7614295,25742.7614295,25742.7614295,25742.7614295,25742.7614295,25742.7614295,25742.7614295,25742.7614295,25742.7614295,25742.7614295,25742.7614295,25742.7614295,25742.7614295,25742.7614295,25742.7614295,25742.7614295,25742.7614295,25742.7614295,25742.7614295,25742.7614295,25742.7614295,25742.7614295,25742.7614295,25742.7614295,25742.7614295,25742.7614295,25742.7614295,25742.7614295,25742.7614295,25742.7614295,25742.7614295,25742.7614295,25742.7614295,25742.7614295,25742.7614295,25742.7614295,25742.7614295,25742.7614295,25742.7614295,25742.7614295,25742.7614295,25742.7614295,25742.7614295,25742.7614295,25742.7614295,25742.7614295,25742.7614295,25742.7614295,25742.7614295,25742.7614295,25742.7614295,25742.7614295,25742.7614295,25742.7614295,25742.7614295,25742.7614295,25742.7614295,25742.7614295,25742.7614295,25742.7614295,25742.7614295,25742.7614295,25742.7614295,25742.7614295,25742.7614295,25742.7614295,25742.7614295,25742.7614295,25742.7614295,25742.7614295,25742.7614295,25742.7614295,25742.7614295,25742.7614295,25742.7614295,25742.7614295,25742.7614295,25742.7614295,25742.7614295,25742.7614295,25742.7614295,25742.7614295,25742.7614295,25742.7614295,25742.7614295,25742.7614295,25742.7614295,25742.7614295,25742.7614295,25742.7614295,25742.7614295,25742.7614295,25742.7614295,25742.7614295,25742.7614295,25742.7614295,25742.7614295,25742.7614295,25742.7614295,25742.7614295,25742.7614295,25742.7614295,25742.7614295,25742.7614295,25742.7614295,25742.7614295,25742.7614295,25742.7614295,25742.7614295,25742.7614295,25742.7614295,25742.7614295,25742.7614295,25742.7614295,25742.7614295,25742.7614295,25742.7614295,25742.7614295,25742.7614295,25742.7614295,25742.7614295,25742.7614295,25742.7614295,25742.7614295,25742.7614295,25742.7614295,25742.7614295,25742.7614295,25742.7614295,25742.7614295,25742.7614295,25742.7614295,25742.7614295,25742.7614295,25742.7614295,25742.7614295,25742.7614295,25742.7614295,25742.7614295,25742.7614295,25742.7614295,25742.7614295,25742.7614295,25742.7614295,25742.7614295,25742.7614295,25742.7614295,25742.7614295,25742.7614295,25742.7614295,25742.7614295,25742.7614295,25742.7614295,25742.7614295,25742.7614295,25742.7614295,25742.7614295,25742.7614295,25742.7614295,25742.7614295,25742.7614295,25742.7614295,25742.7614295,25742.7614295,25742.7614295,25742.7614295,25742.7614295,25742.7614295,25742.7614295,25742.7614295,25742.7614295,25742.7614295,25742.7614295,25742.7614295,25742.7614295,25742.7614295,25742.7614295,25742.7614295,25742.7614295,25742.7614295,25742.7614295,25742.7614295,25742.7614295,25742.7614295,25742.7614295,25742.7614295,25742.7614295,25742.7614295,25742.7614295,25742.7614295,25742.7614295,25742.7614295,25742.7614295,25742.7614295,25742.7614295,25742.7614295,25742.7614295,25742.7614295,25742.7614295,25742.7614295,25742.7614295,25742.7614295,25742.7614295,25742.7614295,25742.7614295,25742.7614295,25742.7614295,25742.7614295,25742.7614295,25742.7614295,25742.7614295,25742.7614295,25742.7614295,25742.7614295,25742.7614295,25742.7614295,25742.7614295,25742.7614295,25742.7614295,25742.7614295,25742.7614295,25742.7614295,25742.7614295,25742.7614295,25742.7614295,25742.7614295,25742.7614295,25742.7614295,25742.7614295,25742.7614295,25742.7614295,25742.7614295,25742.7614295,25742.7614295,25742.7614295,25742.7614295,25742.7614295,25742.7614295,25742.7614295,25742.7614295,25742.7614295,25742.7614295,25742.7614295,25742.7614295,25742.7614295,25742.7614295,25742.7614295,25742.7614295,25742.7614295,25742.7614295,25742.7614295,25742.7614295,25742.7614295,25742.7614295,25742.7614295,25742.7614295,25742.7614295,25742.7614295,25742.7614295,25742.7614295,25742.7614295,25742.7614295,25742.7614295,25742.7614295,25742.7614295,25742.7614295,25742.7614295,25742.7614295,25742.7614295,25742.7614295,25742.7614295,25742.7614295,25742.7614295,25742.7614295,25742.7614295,25742.7614295,25742.7614295,25742.7614295,25742.7614295,25742.7614295,25742.7614295,25742.7614295,25742.7614295,25742.7614295,25742.7614295,25742.7614295,25742.7614295,25742.7614295,25742.7614295,25742.7614295,25742.7614295,25742.7614295,25742.7614295,25742.7614295,25742.7614295,25742.7614295,25742.7614295,25742.7614295,25742.7614295,25742.7614295,25742.7614295,25742.7614295,25742.7614295,25742.7614295,25742.7614295,25742.7614295,25742.7614295,25742.7614295,25742.7614295,25742.7614295,25742.7614295,25742.7614295,25742.7614295,25742.7614295,25742.7614295,25742.7614295,25742.7614295,25742.7614295,25742.7614295,25742.7614295,25742.7614295,25742.7614295,25742.7614295,25742.7614295,25742.7614295,25742.7614295,25742.7614295,25742.7614295,25742.7614295,25742.7614295,25742.7614295,25742.7614295,25742.7614295,25742.7614295,25742.7614295,25742.7614295,25742.7614295,25742.7614295,25742.7614295,25742.7614295,25742.7614295,25742.7614295,25742.7614295,25742.7614295,25742.7614295,25742.7614295,25742.7614295,25742.7614295,25742.7614295,25742.7614295,25742.7614295,25742.7614295,25742.7614295,25742.7614295,25742.7614295,25742.7614295,25742.7614295,25742.7614295,25742.7614295,25742.7614295,25742.7614295,25742.7614295,25742.7614295,25742.7614295,25742.7614295,25742.7614295,25742.7614295,25742.7614295,25742.7614295,25742.7614295,25742.7614295,25742.7614295,25742.7614295,25742.7614295,25742.7614295,25742.7614295,25742.7614295,25742.7614295,25742.7614295,25742.7614295,25742.7614295,25742.7614295,25742.7614295,25742.7614295,25742.7614295,25742.7614295,25742.7614295,25742.7614295,25742.7614295,25742.7614295,25742.7614295,25742.7614295,25742.7614295,25742.7614295,25742.7614295,25742.7614295,25742.7614295,25742.7614295,25742.7614295,25742.7614295,25742.7614295,25742.7614295,25742.7614295,25742.7614295,25742.7614295,25742.7614295,25742.7614295,25742.7614295,25742.7614295,25742.7614295,25742.7614295,25742.7614295,25742.7614295,25742.7614295,25742.7614295,25742.7614295,25742.7614295,25742.7614295,25742.7614295,25742.7614295,25742.7614295,25742.7614295,25742.7614295,25742.7614295,25742.7614295,25742.7614295,25742.7614295,25742.7614295,25742.7614295,25742.7614295,25742.7614295,25742.7614295,25742.7614295,25742.7614295,25742.7614295,25742.7614295,25742.7614295,25742.7614295,25742.7614295,25742.7614295,25742.7614295,25742.7614295,25742.7614295,25742.7614295,25742.7614295,25742.7614295,25742.7614295,25742.7614295,25742.7614295,25742.7614295,25742.7614295,25742.7614295,25742.7614295,25742.7614295,25742.7614295,25742.7614295,25742.7614295,25742.7614295,25742.7614295,25742.7614295,25742.7614295,25742.7614295,25742.7614295,25742.7614295,25742.7614295,25742.7614295,25742.7614295,25742.7614295,25742.7614295,25742.7614295,25742.7614295,25742.7614295,25742.7614295,25742.7614295,25742.7614295,25742.7614295,25742.7614295,25742.7614295,25742.7614295,25742.7614295,25742.7614295,25742.7614295,25742.7614295,25742.7614295,25742.7614295,25742.7614295,25742.7614295,25742.7614295,25742.7614295,25742.7614295,25742.7614295,25742.7614295,25742.7614295,25742.7614295,25742.7614295,25742.7614295,25742.7614295,25742.7614295,25742.7614295,25742.7614295,25742.7614295,25742.7614295,25742.7614295,25742.7614295,25742.7614295,25742.7614295,25742.7614295,25742.7614295,25742.7614295,25742.7614295,25742.7614295,25742.7614295,25742.7614295,25742.7614295,25742.7614295,25742.7614295,25742.7614295,25742.7614295,25742.7614295,25742.7614295,25742.7614295,25742.7614295,25742.7614295,25742.7614295,25742.7614295,25742.7614295,25742.7614295,25742.7614295,25742.7614295,25742.7614295,25742.7614295,25742.7614295,25742.7614295,25742.7614295,25742.7614295,25742.7614295,25742.7614295,25742.7614295,25742.7614295,25742.7614295,25742.7614295,25742.7614295,25742.7614295,25742.7614295,25742.7614295,25742.7614295,25742.7614295,25742.7614295,25742.7614295,25742.7614295,25742.7614295,25742.7614295,25742.7614295,25742.7614295,25742.7614295,25742.7614295,25742.7614295,25742.7614295,25742.7614295,25742.7614295,25742.7614295,25742.7614295,25742.7614295,25742.7614295,25742.7614295,25742.7614295,25742.7614295,25742.7614295,25742.7614295,25742.7614295,25742.7614295,25742.7614295,25742.7614295,25742.7614295,25742.7614295,25742.7614295,25742.7614295,25742.7614295,25742.7614295,25742.7614295,25742.7614295,25742.7614295,25742.7614295,25742.7614295,25742.7614295,25742.7614295,25742.7614295,25742.7614295,25742.7614295,25742.7614295,25742.7614295,25742.7614295,25742.7614295,25742.7614295,25742.7614295,25742.7614295,25742.7614295,25742.7614295,25742.7614295,25742.7614295,25742.7614295,25742.7614295,25742.7614295,25742.7614295,25742.7614295,25742.7614295,25742.7614295,25742.7614295,25742.7614295,25742.7614295,25742.7614295,25742.7614295,25742.7614295,25742.7614295,25742.7614295,25742.7614295,25742.7614295,25742.7614295,25742.7614295,25742.7614295,25742.7614295,25742.7614295,25742.7614295,25742.7614295,25742.7614295,25742.7614295,25742.7614295,25742.7614295,25742.7614295,25742.7614295,25742.7614295,25742.7614295,25742.7614295,25742.7614295,25742.7614295,25742.7614295,25742.7614295,25742.7614295,25742.7614295,25742.7614295,25742.7614295,25742.7614295,25742.7614295,25742.7614295,25742.7614295,25742.7614295,25742.7614295,25742.7614295,25742.7614295,25742.7614295,25742.7614295,25742.7614295,25742.7614295,25742.7614295,25742.7614295,25742.7614295,25742.7614295,25742.7614295,25742.7614295,25742.7614295,25742.7614295,25742.7614295,25742.7614295,25742.7614295,25742.7614295,25742.7614295,25742.7614295,25742.7614295,25742.7614295,25742.7614295,25742.7614295,25742.7614295,25742.7614295,25742.7614295,25742.7614295,25742.7614295,25742.7614295,25742.7614295,25742.7614295,25742.7614295,25742.7614295,25742.7614295,25742.7614295,25742.7614295,25742.7614295,25742.7614295,25742.7614295,25742.7614295,25742.7614295,25742.7614295,25742.7614295,25742.7614295,25742.7614295,25742.7614295,25742.7614295,25742.7614295,25742.7614295,25742.7614295,25742.7614295,25742.7614295,25742.7614295,25742.7614295,25742.7614295,25742.7614295,25742.7614295,25742.7614295,25742.7614295,25742.7614295,25742.7614295,25742.7614295,25742.7614295,25742.7614295,25742.7614295,25742.7614295,25742.7614295,25742.7614295,25742.7614295,25742.7614295,25742.7614295,25742.7614295,25742.7614295,25742.7614295,25742.7614295,25742.7614295,25742.7614295,25742.7614295,25742.7614295,25742.7614295,25742.7614295,25742.7614295,25742.7614295,25742.7614295,25742.7614295,25742.7614295,25742.7614295,25742.7614295,25742.7614295,25742.7614295,25742.7614295,25742.7614295,25742.7614295,25742.7614295,25742.7614295,25742.7614295,25742.7614295,25742.7614295,25742.7614295,25742.7614295,25742.7614295,25742.7614295,25742.7614295,25742.7614295,25742.7614295,25742.7614295,25742.7614295,25742.7614295,25742.7614295,25742.7614295,25742.7614295,25742.7614295,25742.7614295,25742.7614295,25742.7614295,25742.7614295,25742.7614295,25742.7614295,25742.7614295,25742.7614295,25742.7614295,25742.7614295,25742.7614295,25742.7614295,25742.7614295,25742.7614295,25742.7614295,25742.7614295,25742.7614295,25742.7614295,25742.7614295,25742.7614295,25742.7614295,25742.7614295,25742.7614295,25742.7614295,25742.7614295,25742.7614295,25742.7614295,25742.7614295,25742.7614295,25742.7614295,25742.7614295,25742.7614295,25742.7614295,25742.7614295,25742.7614295,25742.7614295,25742.7614295,25742.7614295,25742.7614295,25742.7614295,25742.7614295,25742.7614295,25742.7614295,25742.7614295,25742.7614295,25742.7614295,25742.7614295,25742.7614295,25742.7614295,25742.7614295,25742.7614295,25742.7614295,25742.7614295,25742.7614295,25742.7614295,25742.7614295,25742.7614295,25742.7614295,25742.7614295,25742.7614295,25742.7614295,25742.7614295,25742.7614295,25742.7614295,25742.7614295,25742.7614295,25742.7614295,25742.7614295,25742.7614295,25742.7614295,25742.7614295,25742.7614295,25742.7614295,25742.7614295,25742.7614295,25742.7614295,25742.7614295,25742.7614295,25742.7614295,25742.7614295,25742.7614295,25742.7614295,25742.7614295,25742.7614295,25742.7614295,25742.7614295,25742.7614295,25742.7614295,25742.7614295,25742.7614295,25742.7614295,25742.7614295,25742.7614295,25742.7614295,25742.7614295,25742.7614295,25742.7614295,25742.7614295,25742.7614295,25742.7614295,25742.7614295,25742.7614295,25742.7614295,25742.7614295,25742.7614295,25742.7614295,25742.7614295,25742.7614295,25742.7614295,25742.7614295,25742.7614295,25742.7614295,25742.7614295,25742.7614295,25742.7614295,25742.7614295,25742.7614295,25742.7614295,25742.7614295,25742.7614295,25742.7614295,25742.7614295,25742.7614295,25742.7614295,25742.7614295,25742.7614295,25742.7614295,25742.7614295,25742.7614295,25742.7614295,25742.7614295,25742.7614295,25742.7614295,25742.7614295,25742.7614295,25742.7614295,25742.7614295,25742.7614295,25742.7614295,25742.7614295,25742.7614295,25742.7614295,25742.7614295,25742.7614295,25742.7614295,25742.7614295,25742.7614295,25742.7614295,25742.7614295,25742.7614295,25742.7614295,25742.7614295,25742.7614295,25742.7614295,25742.7614295,25742.7614295,25742.7614295,25742.7614295,25742.7614295,25742.7614295,25742.7614295,25742.7614295,25742.7614295,25742.7614295,25742.7614295,25742.7614295,25742.7614295,25742.7614295,25742.7614295,25742.7614295,25742.7614295,25742.7614295,25742.7614295,25742.7614295,25742.7614295,25742.7614295,25742.7614295,25742.7614295,25742.7614295,25742.7614295,25742.7614295,25742.7614295,25742.7614295,25742.7614295,25742.7614295,25742.7614295,25742.7614295,25742.7614295,25742.7614295,25742.7614295,25742.7614295,25742.7614295,25742.7614295,25742.7614295,25742.7614295,25742.7614295,25742.7614295,25742.7614295,25742.7614295,25742.7614295,25742.7614295,25742.7614295,25742.7614295,25742.7614295,25742.7614295,25742.7614295,25742.7614295,25742.7614295,25742.7614295,25742.7614295,25742.7614295,25742.7614295,25742.7614295,25742.7614295,25742.7614295,25742.7614295,25742.7614295,25742.7614295,25742.7614295,25742.7614295,25742.7614295,25742.7614295,25742.7614295,25742.7614295,25742.7614295,25742.7614295,25742.7614295,25742.7614295,25742.7614295,25742.7614295,25742.7614295,25742.7614295,25742.7614295,25742.7614295,25742.7614295,25742.7614295,25742.7614295,25742.7614295,25742.7614295,25742.7614295,25742.7614295,25742.7614295,25742.7614295,25742.7614295,25742.7614295,25742.7614295,25742.7614295,25742.7614295,25742.7614295,25742.7614295,25742.7614295,25742.7614295,25742.7614295,25742.7614295,25742.7614295,25742.7614295,25742.7614295,25742.7614295,25742.7614295,25742.7614295,25742.7614295,25742.7614295,25742.7614295,25742.7614295,25742.7614295,25742.7614295,25742.7614295,25742.7614295,25742.7614295,25742.7614295,25742.7614295,25742.7614295,25742.7614295,25742.7614295,25742.7614295,25742.7614295,25742.7614295,25742.7614295,25742.7614295,25742.7614295,25742.7614295,25742.7614295,25742.7614295,25742.7614295,25742.7614295,25742.7614295,25742.7614295,25742.7614295,25742.7614295,25742.7614295,25742.7614295,25742.7614295,25742.7614295,25742.7614295,25742.7614295,25742.7614295,25742.7614295,25742.7614295,25742.7614295,25742.7614295,25742.7614295,25742.7614295,25742.7614295,25742.7614295,25742.7614295,25742.7614295,25742.7614295,25742.7614295,25742.7614295,25742.7614295,25742.7614295,25742.7614295,25742.7614295,25742.7614295,25742.7614295,25742.7614295,25742.7614295,25742.7614295,25742.7614295,25742.7614295,25742.7614295,25742.7614295,25742.7614295,25742.7614295,25742.7614295,25742.7614295,25742.7614295,25742.7614295,25742.7614295,25742.7614295,25742.7614295,25742.7614295,25742.7614295,25742.7614295,25742.7614295,25742.7614295,25742.7614295,25742.7614295,25742.7614295,25742.7614295,25742.7614295,25742.7614295,25742.7614295,25742.7614295,25742.7614295,25742.7614295,25742.7614295,25742.7614295,25742.7614295,25742.7614295,25742.7614295,25742.7614295,25742.7614295,25742.7614295,25742.7614295,25742.7614295,25742.7614295,25742.7614295,25742.7614295,25742.7614295,25742.7614295,25742.7614295,25742.7614295,25742.7614295,25742.7614295,25742.7614295,25742.7614295,25742.7614295,25742.7614295,25742.7614295,25742.7614295,25742.7614295,25742.7614295,25742.7614295,25742.7614295,25742.7614295,25742.7614295,25742.7614295,25742.7614295,25742.7614295,25742.7614295,25742.7614295,25742.7614295,25742.7614295,25742.7614295,25742.7614295,25742.7614295,25742.7614295,25742.7614295,25742.7614295,25742.7614295,25742.7614295,25742.7614295,25742.7614295,25742.7614295,25742.7614295,25742.7614295,25742.7614295,25742.7614295,25742.7614295,25742.7614295,25742.7614295,25742.7614295,25742.7614295,25742.7614295,25742.7614295,25742.7614295,25742.7614295,25742.7614295,25742.7614295,25742.7614295,25742.7614295,25742.7614295,25742.7614295,25742.7614295,25742.7614295,25742.7614295,25742.7614295,25742.7614295,25742.7614295,25742.7614295,25742.7614295,25742.7614295,25742.7614295,25742.7614295,25742.7614295,25742.7614295,25742.7614295,25742.7614295,25742.7614295,25742.7614295,25742.7614295,25742.7614295,25742.7614295,25742.7614295,25742.7614295,25742.7614295,25742.7614295,25742.7614295,25742.7614295,25742.7614295,25742.7614295,25742.7614295,25742.7614295,25742.7614295,25742.7614295,25742.7614295,25742.7614295,25742.7614295,25742.7614295,25742.7614295,25742.7614295,25742.7614295,25742.7614295,25742.7614295,25742.7614295,25742.7614295,25742.7614295,25742.7614295,25742.7614295,25742.7614295,25742.7614295,25742.7614295,25742.7614295,25742.7614295,25742.7614295,25742.7614295,25742.7614295,25742.7614295,25742.7614295,25742.7614295,25742.7614295,25742.7614295,25742.7614295,25742.7614295,25742.7614295,25742.7614295,25742.7614295,25742.7614295,25742.7614295,25742.7614295,25742.7614295,25742.7614295,25742.7614295,25742.7614295,25742.7614295,25742.7614295,25742.7614295,25742.7614295,25742.7614295,25742.7614295,25742.7614295,25742.7614295,25742.7614295,25742.7614295,25742.7614295,25742.7614295,25742.7614295,25742.7614295,25742.7614295,25742.7614295,25742.7614295,25742.7614295,25742.7614295,25742.7614295,25742.7614295,25742.7614295,25742.7614295,25742.7614295,25742.7614295,25742.7614295,25742.7614295,25742.7614295,25742.7614295,25742.7614295,25742.7614295,25742.7614295,25742.7614295,25742.7614295,25742.7614295,25742.7614295,25742.7614295,25742.7614295,25742.7614295,25742.7614295,25742.7614295,25742.7614295,25742.7614295,25742.7614295,25742.7614295,25742.7614295,25742.7614295,25742.7614295,25742.7614295,25742.7614295,25742.7614295,25742.7614295,25742.7614295,25742.7614295,25742.7614295,25742.7614295,25742.7614295,25742.7614295,25742.7614295,25742.7614295,25742.7614295,25742.7614295,25742.7614295,25742.7614295,25742.7614295,25742.7614295,25742.7614295,25742.7614295,25742.7614295,25742.7614295,25742.7614295,25742.7614295,25742.7614295,25742.7614295,25742.7614295,25742.7614295,25742.7614295,25742.7614295,25742.7614295,25742.7614295,25742.7614295,25742.7614295,25742.7614295,25742.7614295,25742.7614295,25742.7614295,25742.7614295,25742.7614295,25742.7614295,25742.7614295,25742.7614295,25742.7614295,25742.7614295,25742.7614295,25742.7614295,25742.7614295,25742.7614295,25742.7614295,25742.7614295,25742.7614295,25742.7614295,25742.7614295,25742.7614295,25742.7614295,25742.7614295,25742.7614295,25742.7614295,25742.7614295,25742.7614295,25742.7614295,25742.7614295,25742.7614295,25742.7614295,25742.7614295,25742.7614295,25742.7614295,25742.7614295,25742.7614295,25742.7614295,25742.7614295,25742.7614295,25742.7614295,25742.7614295,25742.7614295,25742.7614295,25742.7614295,25742.7614295,25742.7614295,25742.7614295,25742.7614295,25742.7614295,25742.7614295,25742.7614295,25742.7614295,25742.7614295,25742.7614295,25742.7614295,25742.7614295,25742.7614295,25742.7614295,25742.7614295,25742.7614295,25742.7614295,25742.7614295,25742.7614295,25742.7614295,25742.7614295,25742.7614295,25742.7614295,25742.7614295,25742.7614295,25742.7614295,25742.7614295,25742.7614295,25742.7614295,25742.7614295,25742.7614295,25742.7614295,25742.7614295,25742.7614295,25742.7614295,25742.7614295,25742.7614295,25742.7614295,25742.7614295,25742.7614295,25742.7614295,25742.7614295,25742.7614295,25742.7614295,25742.7614295,25742.7614295,25742.7614295,25742.7614295,25742.7614295,25742.7614295,25742.7614295,25742.7614295,25742.7614295,25742.7614295,25742.7614295,25742.7614295,25742.7614295,25742.7614295,25742.7614295,25742.7614295,25742.7614295,25742.7614295,25742.7614295,25742.7614295,25742.7614295,25742.7614295,25742.7614295,25742.7614295,25742.7614295,25742.7614295,25742.7614295,25742.7614295,25742.7614295,25742.7614295,25742.7614295,25742.7614295,25742.7614295,25742.7614295,25742.7614295,25742.7614295,25742.7614295,25742.7614295,25742.7614295,25742.7614295,25742.7614295,25742.7614295,25742.7614295,25742.7614295,25742.7614295,25742.7614295,25742.7614295,25742.7614295,25742.7614295,25742.7614295,25742.7614295,25742.7614295,25742.7614295,25742.7614295,25742.7614295,25742.7614295,25742.7614295,25742.7614295,25742.7614295,25742.7614295,25742.7614295,25742.7614295,25742.7614295,25742.7614295,25742.7614295,25742.7614295,25742.7614295,25742.7614295,25742.7614295,25742.7614295,25742.7614295,25742.7614295,25742.7614295,25742.7614295,25742.7614295,25742.7614295,25742.7614295,25742.7614295,25742.7614295,25742.7614295,25742.7614295,25742.7614295,25742.7614295,25742.7614295,25742.7614295,25742.7614295,25742.7614295,25742.7614295,25742.7614295,25742.7614295,25742.7614295,25742.7614295,25742.7614295,25742.7614295,25742.7614295,25742.7614295,25742.7614295,25742.7614295,25742.7614295,25742.7614295,25742.7614295,25742.7614295,25742.7614295,25742.7614295,25742.7614295,25742.7614295,25742.7614295,25742.7614295,25742.7614295,25742.7614295,25742.7614295,25742.7614295,25742.7614295,25742.7614295,25742.7614295,25742.7614295,25742.7614295,25742.7614295,25742.7614295,25742.7614295,25742.7614295,25742.7614295,25742.7614295,25742.7614295,25742.7614295,25742.7614295,25742.7614295,25742.7614295,25742.7614295,25742.7614295,25742.7614295,25742.7614295,25742.7614295,25742.7614295,25742.7614295,25742.7614295,25742.7614295,25742.7614295,25742.7614295,25742.7614295,25742.7614295,25742.7614295,25742.7614295,25742.7614295,25742.7614295,25742.7614295,25742.7614295,25742.7614295,25742.7614295,25742.7614295,25742.7614295,25742.7614295,25742.7614295,25742.7614295,25742.7614295,25742.7614295,25742.7614295,25742.7614295,25742.7614295,25742.7614295,25742.7614295,25742.7614295,25742.7614295,25742.7614295,25742.7614295,25742.7614295,25742.7614295,25742.7614295,25742.7614295,25742.7614295,25742.7614295,25742.7614295,25742.7614295,25742.7614295,25742.7614295,25742.7614295,25742.7614295,25742.7614295,25742.7614295,25742.7614295,25742.7614295,25742.7614295,25742.7614295,25742.7614295,25742.7614295,25742.7614295,25742.7614295,25742.7614295,25742.7614295,25742.7614295,25742.7614295,25742.7614295,25742.7614295,25742.7614295,25742.7614295,25742.7614295,25742.7614295,25742.7614295,25742.7614295,25742.7614295,25742.7614295,25742.7614295,25742.7614295,25742.7614295,25742.7614295,25742.7614295,25742.7614295,25742.7614295,25742.7614295,25742.7614295,25742.7614295,25742.7614295,25742.7614295,25742.7614295,25742.7614295,25742.7614295,25742.7614295,25742.7614295,25742.7614295,25742.7614295,25742.7614295,25742.7614295,25742.7614295,25742.7614295,25742.7614295,25742.7614295,25742.7614295,25742.7614295,25742.7614295,25742.7614295,25742.7614295,25742.7614295,25742.7614295,25742.7614295,25742.7614295,25742.7614295,25742.7614295,25742.7614295,25742.7614295,25742.7614295,25742.7614295,25742.7614295,25742.7614295,25742.7614295,25742.7614295,25742.7614295,25742.7614295,25742.7614295,25742.7614295,25742.7614295,25742.7614295,25742.7614295,25742.7614295,25742.7614295,25742.7614295,25742.7614295,25742.7614295,25742.7614295,25742.7614295,25742.7614295,25742.7614295,25742.7614295,25742.7614295,25742.7614295,25742.7614295,25742.7614295,25742.7614295,25742.7614295,25742.7614295,25742.7614295,25742.7614295,25742.7614295,25742.7614295,25742.7614295,25742.7614295,25742.7614295,25742.7614295,25742.7614295,25742.7614295,25742.7614295,25742.7614295,25742.7614295,25742.7614295,25742.7614295,25742.7614295,25742.7614295,25742.7614295,25742.7614295,25742.7614295,25742.7614295,25742.7614295,25742.7614295,25742.7614295,25742.7614295,25742.7614295,25742.7614295,25742.7614295,25742.7614295,25742.7614295,25742.7614295,25742.7614295,25742.7614295,25742.7614295,25742.7614295,25742.7614295,25742.7614295,25742.7614295,25742.7614295,25742.7614295,25742.7614295,25742.7614295,25742.7614295,25742.7614295,25742.7614295,25742.7614295,25742.7614295,25742.7614295,25742.7614295,25742.7614295,25742.7614295,25742.7614295,25742.7614295,25742.7614295,25742.7614295,25742.7614295,25742.7614295,25742.7614295,25742.7614295,25742.7614295,25742.7614295,25742.7614295,25742.7614295,25742.7614295,25742.7614295,25742.7614295,25742.7614295,25742.7614295,25742.7614295,25742.7614295,25742.7614295,25742.7614295,25742.7614295,25742.7614295,25742.7614295,25742.7614295,25742.7614295,25742.7614295,25742.7614295,25742.7614295,25742.7614295,25742.7614295,25742.7614295,25742.7614295,25742.7614295,25742.7614295,25742.7614295,25742.7614295,25742.7614295,25742.7614295,25742.7614295,25742.7614295,25742.7614295,25742.7614295,25742.7614295,25742.7614295,25742.7614295,25742.7614295,25742.7614295,25742.7614295,25742.7614295,25742.7614295,25742.7614295,25742.7614295,25742.7614295,25742.7614295,25742.7614295,25742.7614295,25742.7614295,25742.7614295,25742.7614295,25742.7614295,25742.7614295,25742.7614295,25742.7614295,25742.7614295,25742.7614295,25742.7614295,25742.7614295,25742.7614295,25742.7614295,25742.7614295,25742.7614295,25742.7614295,25742.7614295,25742.7614295,25742.7614295,25742.7614295,25742.7614295,25742.7614295,25742.7614295,25742.7614295,25742.7614295,25742.7614295,25742.7614295,25742.7614295,25742.7614295,25742.7614295,25742.7614295,25742.7614295,25742.7614295,25742.7614295,25742.7614295,25742.7614295,25742.7614295,25742.7614295,25742.7614295,25742.7614295,25742.7614295,25742.7614295,25742.7614295,25742.7614295,25742.7614295,25742.7614295,25742.7614295,25742.7614295,25742.7614295,25742.7614295,25742.7614295,25742.7614295,25742.7614295,25742.7614295,25742.7614295,25742.7614295,25742.7614295,25742.7614295,25742.7614295,25742.7614295,25742.7614295,25742.7614295,25742.7614295,25742.7614295,25742.7614295,25742.7614295,25742.7614295,25742.7614295,25742.7614295,25742.7614295,25742.7614295,25742.7614295,25742.7614295,25742.7614295,25742.7614295,25742.7614295,25742.7614295,25742.7614295,25742.7614295,25742.7614295,25742.7614295,25742.7614295,25742.7614295,25742.7614295,25742.7614295,25742.7614295,25742.7614295,25742.7614295,25742.7614295,25742.7614295,25742.7614295,25742.7614295,25742.7614295,25742.7614295,25742.7614295,25742.7614295,25742.7614295,25742.7614295,25742.7614295,25742.7614295,25742.7614295,25742.7614295,25742.7614295,25742.7614295,25742.7614295,25742.7614295,25742.7614295,25742.7614295,25742.7614295,25742.7614295,25742.7614295,25742.7614295,25742.7614295,25742.7614295,25742.7614295,25742.7614295,25742.7614295,25742.7614295,25742.7614295,25742.7614295,25742.7614295,25742.7614295,25742.7614295,25742.7614295,25742.7614295,25742.7614295,25742.7614295,25742.7614295,25742.7614295,25742.7614295,25742.7614295,25742.7614295,25742.7614295,25742.7614295,25742.7614295,25742.7614295,25742.7614295,25742.7614295,25742.7614295,25742.7614295,25742.7614295,25742.7614295,25742.7614295,25742.7614295,25742.7614295,25742.7614295,25742.7614295,25742.7614295,25742.7614295,25742.7614295,25742.7614295,25742.7614295,25742.7614295,25742.7614295,25742.7614295,25742.7614295,25742.7614295,25742.7614295,25742.7614295,25742.7614295,25742.7614295,25742.7614295,25742.7614295,25742.7614295,25742.7614295,25742.7614295,25742.7614295,25742.7614295,25742.7614295,25742.7614295,25742.7614295,25742.7614295,25742.7614295,25742.7614295,25742.7614295,25742.7614295,25742.7614295,25742.7614295,25742.7614295,25742.7614295,25742.7614295,25742.7614295,25742.7614295,25742.7614295,25742.7614295,25742.7614295,25742.7614295,25742.7614295,25742.7614295,25742.7614295,25742.7614295,25742.7614295,25742.7614295,25742.7614295,25742.7614295,25742.7614295,25742.7614295,25742.7614295,25742.7614295,25742.7614295,25742.7614295,25742.7614295,25742.7614295,25742.7614295,25742.7614295,25742.7614295,25742.7614295,25742.7614295,25742.7614295,25742.7614295,25742.7614295,25742.7614295,25742.7614295,25742.7614295,25742.7614295,25742.7614295,25742.7614295,25742.7614295,25742.7614295,25742.7614295,25742.7614295,25742.7614295,25742.7614295,25742.7614295,25742.7614295,25742.7614295,25742.7614295,25742.7614295,25742.7614295,25742.7614295,25742.7614295,25742.7614295,25742.7614295,25742.7614295,25742.7614295,25742.7614295,25742.7614295,25742.7614295,25742.7614295,25742.7614295,25742.7614295,25742.7614295,25742.7614295,25742.7614295,25742.7614295,25742.7614295,25742.7614295,25742.7614295,25742.7614295,25742.7614295,25742.7614295,25742.7614295,25742.7614295,25742.7614295,25742.7614295,25742.7614295,25742.7614295,25742.7614295,25742.7614295,25742.7614295,25742.7614295,25742.7614295,25742.7614295,25742.7614295,25742.7614295,25742.7614295,25742.7614295,25742.7614295,25742.7614295,25742.7614295,25742.7614295,25742.7614295,25742.7614295,25742.7614295,25742.7614295,25742.7614295,25742.7614295,25742.7614295,25742.7614295,25742.7614295,25742.7614295,25742.7614295,25742.7614295,25742.7614295,25742.7614295,25742.7614295,25742.7614295,25742.7614295,25742.7614295,25742.7614295,25742.7614295,25742.7614295,25742.7614295,25742.7614295,25742.7614295,25742.7614295,25742.7614295,25742.7614295,25742.7614295,25742.7614295,25742.7614295,25742.7614295,25742.7614295,25742.7614295,25742.7614295,25742.7614295,25742.7614295,25742.7614295,25742.7614295,25742.7614295,25742.7614295,25742.7614295,25742.7614295,25742.7614295,25742.7614295,25742.7614295,25742.7614295,25742.7614295,25742.7614295,25742.7614295,25742.7614295,25742.7614295,25742.7614295,25742.7614295,25742.7614295,25742.7614295,25742.7614295,25742.7614295,25742.7614295,25742.7614295,25742.7614295,25742.7614295,25742.7614295,25742.7614295,25742.7614295,25742.7614295,25742.7614295,25742.7614295,25742.7614295,25742.7614295,25742.7614295,25742.7614295,25742.7614295,25742.7614295,25742.7614295,25742.7614295,25742.7614295,25742.7614295,25742.7614295,25742.7614295,25742.7614295,25742.7614295,25742.7614295,25742.7614295,25742.7614295,25742.7614295,25742.7614295,25742.7614295,25742.7614295,25742.7614295,25742.7614295,25742.7614295,25742.7614295,25742.7614295,25742.7614295,25742.7614295,25742.7614295,25742.7614295,25742.7614295,25742.7614295,25742.7614295,25742.7614295,25742.7614295,25742.7614295,25742.7614295,25742.7614295,25742.7614295,25742.7614295,25742.7614295,25742.7614295,25742.7614295,25742.7614295,25742.7614295,25742.7614295,25742.7614295,25742.7614295,25742.7614295,25742.7614295,25742.7614295,25742.7614295,25742.7614295,25742.7614295,25742.7614295,25742.7614295,25742.7614295,25742.7614295,25742.7614295,25742.7614295,25742.7614295,25742.7614295,25742.7614295,25742.7614295,25742.7614295,25742.7614295,25742.7614295,25742.7614295,25742.7614295,25742.7614295,25742.7614295,25742.7614295,25742.7614295,25742.7614295,25742.7614295,25742.7614295,25742.7614295,25742.7614295,25742.7614295,25742.7614295,25742.7614295,25742.7614295,25742.7614295,25742.7614295,25742.7614295,25742.7614295,25742.7614295,25742.7614295,25742.7614295,25742.7614295,25742.7614295,25742.7614295,25742.7614295,25742.7614295,25742.7614295,25742.7614295,25742.7614295,25742.7614295,25742.7614295,25742.7614295,25742.7614295,25742.7614295,25742.7614295,25742.7614295,25742.7614295,25742.7614295,25742.7614295,25742.7614295,25742.7614295,25742.7614295,25742.7614295,25742.7614295,25742.7614295,25742.7614295,25742.7614295,25742.7614295,25742.7614295,25742.7614295,25742.7614295,25742.7614295,25742.7614295,25742.7614295,25742.7614295,25742.7614295,25742.7614295,25742.7614295,25742.7614295,25742.7614295,25742.7614295,25742.7614295,25742.7614295,25742.7614295,25742.7614295,25742.7614295,25742.7614295,25742.7614295,25742.7614295,25742.7614295,25742.7614295,25742.7614295,25742.7614295,25742.7614295,25742.7614295,25742.7614295,25742.7614295,25742.7614295,25742.7614295,25742.7614295,25742.7614295,25742.7614295,25742.7614295,25742.7614295,25742.7614295,25742.7614295,25742.7614295,25742.7614295,25742.7614295,25742.7614295,25742.7614295,25742.7614295,25742.7614295,25742.7614295,25742.7614295,25742.7614295,25742.7614295,25742.7614295,25742.7614295,25742.7614295,25742.7614295,25742.7614295,25742.7614295,25742.7614295,25742.7614295,25742.7614295,25742.7614295,25742.7614295,25742.7614295,25742.7614295,25742.7614295,25742.7614295,25742.7614295,25742.7614295,25742.7614295,25742.7614295,25742.7614295,25742.7614295,25742.7614295,25742.7614295,25742.7614295,25742.7614295,25742.7614295,25742.7614295,25742.7614295,25742.7614295,25742.7614295,25742.7614295,25742.7614295,25742.7614295,25742.7614295,25742.7614295,25742.7614295,25742.7614295,25742.7614295,25742.7614295,25742.7614295,25742.7614295,25742.7614295,25742.7614295,25742.7614295,25742.7614295,25742.7614295,25742.7614295,25742.7614295,25742.7614295,25742.7614295,25742.7614295,25742.7614295,25742.7614295,25742.7614295,25742.7614295,25742.7614295,25742.7614295,25742.7614295,25742.7614295,25742.7614295,25742.7614295,25742.7614295,25742.7614295,25742.7614295,25742.7614295,25742.7614295,25742.7614295,25742.7614295,25742.7614295,25742.7614295,25742.7614295,25742.7614295,25742.7614295,25742.7614295,25742.7614295,25742.7614295,25742.7614295,25742.7614295,25742.7614295,25742.7614295,25742.7614295,25742.7614295,25742.7614295,25742.7614295,25742.7614295,25742.7614295,25742.7614295,25742.7614295,25742.7614295,25742.7614295,25742.7614295,25742.7614295,25742.7614295,25742.7614295,25742.7614295,25742.7614295,25742.7614295,25742.7614295,25742.7614295,25742.7614295,25742.7614295,25742.7614295,25742.7614295,25742.7614295,25742.7614295,25742.7614295,25742.7614295,25742.7614295,25742.7614295,25742.7614295,25742.7614295,25742.7614295,25742.7614295,25742.7614295,25742.7614295,25742.7614295,25742.7614295,25742.7614295,25742.7614295,25742.7614295,25742.7614295,25742.7614295,25742.7614295,25742.7614295,25742.7614295,25742.7614295,25742.7614295,25742.7614295,25742.7614295,25742.7614295,25742.7614295,25742.7614295,25742.7614295,25742.7614295,25742.7614295,25742.7614295,25742.7614295,25742.7614295,25742.7614295,25742.7614295,25742.7614295,25742.7614295,25742.7614295,25742.7614295,25742.7614295,25742.7614295,25742.7614295,25742.7614295,25742.7614295,25742.7614295,25742.7614295,25742.7614295,25742.7614295,25742.7614295,25742.7614295,25742.7614295,25742.7614295,25742.7614295,25742.7614295,25742.7614295,25742.7614295,25742.7614295,25742.7614295,25742.7614295,25742.7614295,25742.7614295,25742.7614295,25742.7614295,25742.7614295,25742.7614295,25742.7614295,25742.7614295,25742.7614295,25742.7614295,25742.7614295,25742.7614295,25742.7614295,25742.7614295,25742.7614295,25742.7614295,25742.7614295,25742.7614295,25742.7614295,25742.7614295,25742.7614295,25742.7614295,25742.7614295,25742.7614295,25742.7614295,25742.7614295,25742.7614295,25742.7614295,25742.7614295,25742.7614295,25742.7614295,25742.7614295,25742.7614295,25742.7614295,25742.7614295,25742.7614295,25742.7614295,25742.7614295,25742.7614295,25742.7614295,25742.7614295,25742.7614295,25742.7614295,25742.7614295,25742.7614295,25742.7614295,25742.7614295,25742.7614295,25742.7614295,25742.7614295,25742.7614295,25742.7614295,25742.7614295,25742.7614295,25742.7614295,25742.7614295,25742.7614295,25742.7614295,25742.7614295,25742.7614295,25742.7614295,25742.7614295,25742.7614295,25742.7614295,25742.7614295,25742.7614295,25742.7614295,25742.7614295,25742.7614295,25742.7614295,25742.7614295,25742.7614295,25742.7614295,25742.7614295,25742.7614295,25742.7614295,25742.7614295,25742.7614295,25742.7614295,25742.7614295,25742.7614295,25742.7614295,25742.7614295,25742.7614295,25742.7614295,25742.7614295,25742.7614295,25742.7614295,25742.7614295,25742.7614295,25742.7614295,25742.7614295,25742.7614295,25742.7614295,25742.7614295,25742.7614295,25742.7614295,25742.7614295,25742.7614295,25742.7614295,25742.7614295,25742.7614295,25742.7614295,25742.7614295,25742.7614295,25742.7614295,25742.7614295,25742.7614295,25742.7614295,25742.7614295,25742.7614295,25742.7614295,25742.7614295,25742.7614295,25742.7614295,25742.7614295,25742.7614295,25742.7614295,25742.7614295,25742.7614295,25742.7614295,25742.7614295,25742.7614295,25742.7614295,25742.7614295,25742.7614295,25742.7614295,25742.7614295,25742.7614295,25742.7614295,25742.7614295,25742.7614295,25742.7614295,25742.7614295,25742.7614295,25742.7614295,25742.7614295,25742.7614295,25742.7614295,25742.7614295,25742.7614295,25742.7614295,25742.7614295,25742.7614295,25742.7614295,25742.7614295,25742.7614295,25742.7614295,25742.7614295,25742.7614295,25742.7614295,25742.7614295,25742.7614295,25742.7614295,25742.7614295,25742.7614295,25742.7614295,25742.7614295,25742.7614295,25742.7614295,25742.7614295,25742.7614295,25742.7614295,25742.7614295,25742.7614295,25742.7614295,25742.7614295,25742.7614295,25742.7614295,25742.7614295,25742.7614295,25742.7614295,25742.7614295,25742.7614295,25742.7614295,25742.7614295,25742.7614295,25742.7614295,25742.7614295,25742.7614295,25742.7614295,25742.7614295,25742.7614295,25742.7614295,25742.7614295,25742.7614295,25742.7614295,25742.7614295,25742.7614295,25742.7614295,25742.7614295,25742.7614295,25742.7614295,25742.7614295,25742.7614295,25742.7614295,25742.7614295,25742.7614295,25742.7614295,25742.7614295,25742.7614295,25742.7614295,25742.7614295,25742.7614295,25742.7614295,25742.7614295,25742.7614295,25742.7614295,25742.7614295,25742.7614295,25742.7614295,25742.7614295,25742.7614295,25742.7614295,25742.7614295,25742.7614295,25742.7614295,25742.7614295,25742.7614295,25742.7614295,25742.7614295,25742.7614295,25742.7614295,25742.7614295,25742.7614295,25742.7614295,25742.7614295,25742.7614295,25742.7614295,25742.7614295,25742.7614295,25742.7614295,25742.7614295,25742.7614295,25742.7614295,25742.7614295,25742.7614295,25742.7614295,25742.7614295,25742.7614295,25742.7614295,25742.7614295,25742.7614295,25742.7614295,25742.7614295,25742.7614295,25742.7614295,25742.7614295,25742.7614295,25742.7614295,25742.7614295,25742.7614295,25742.7614295,25742.7614295,25742.7614295,25742.7614295,25742.7614295,25742.7614295,25742.7614295,25742.7614295,25742.7614295,25742.7614295,25742.7614295,25742.7614295,25742.7614295,25742.7614295,25742.7614295,25742.7614295,25742.7614295,25742.7614295,25742.7614295,25742.7614295,25742.7614295,25742.7614295,25742.7614295,25742.7614295,25742.7614295,25742.7614295,25742.7614295,25742.7614295,25742.7614295,25742.7614295,25742.7614295,25742.7614295,25742.7614295,25742.7614295,25742.7614295,25742.7614295,25742.7614295,25742.7614295,25742.7614295,25742.7614295,25742.7614295,25742.7614295,25742.7614295,25742.7614295,25742.7614295,25742.7614295,25742.7614295,25742.7614295,25742.7614295,25742.7614295,25742.7614295,25742.7614295,25742.7614295,25742.7614295,25742.7614295,25742.7614295,25742.7614295,25742.7614295,25742.7614295,25742.7614295,25742.7614295,25742.7614295,25742.7614295,25742.7614295,25742.7614295,25742.7614295,25742.7614295,25742.7614295,25742.7614295,25742.7614295,25742.7614295,25742.7614295,25742.7614295,25742.7614295,25742.7614295,25742.7614295,25742.7614295,25742.7614295,25742.7614295,25742.7614295,25742.7614295,25742.7614295,25742.7614295,25742.7614295,25742.7614295,25742.7614295,25742.7614295,25742.7614295,25742.7614295,25742.7614295,25742.7614295,25742.7614295,25742.7614295,25742.7614295,25742.7614295,25742.7614295,25742.7614295,25742.7614295,25742.7614295,25742.7614295,25742.7614295,25742.7614295,25742.7614295,25742.7614295,25742.7614295,25742.7614295,25742.7614295,25742.7614295,25742.7614295,25742.7614295,25742.7614295,25742.7614295,25742.7614295,25742.7614295,25742.7614295,25742.7614295,25742.7614295,25742.7614295,25742.7614295,25742.7614295,25742.7614295,25742.7614295,25742.7614295,25742.7614295,25742.7614295,25742.7614295,25742.7614295,25742.7614295,25742.7614295,25742.7614295,25742.7614295,25742.7614295,25742.7614295,25742.7614295,25742.7614295,25742.7614295,25742.7614295,25742.7614295,25742.7614295,25742.7614295,25742.7614295,25742.7614295,25742.7614295,25742.7614295,25742.7614295,25742.7614295,25742.7614295,25742.7614295,25742.7614295,25742.7614295,25742.7614295,25742.7614295,25742.7614295,25742.7614295,25742.7614295,25742.7614295,25742.7614295,25742.7614295,25742.7614295,25742.7614295,25742.7614295,25742.7614295,25742.7614295,25742.7614295,25742.7614295,25742.7614295,25742.7614295,25742.7614295,25742.7614295,25742.7614295,25742.7614295,25742.7614295,25742.7614295,25742.7614295,25742.7614295,25742.7614295,25742.7614295,25742.7614295,25742.7614295,25742.7614295,25742.7614295,25742.7614295,25742.7614295,25742.7614295,25742.7614295,25742.7614295,25742.7614295,25742.7614295,25742.7614295,25742.7614295,25742.7614295,25742.7614295,25742.7614295,25742.7614295,25742.7614295,25742.7614295,25742.7614295,25742.7614295,25742.7614295,25742.7614295,25742.7614295,25742.7614295,25742.7614295,25742.7614295,25742.7614295,25742.7614295,25742.7614295,25742.7614295,25742.7614295,25742.7614295,25742.7614295,25742.7614295,25742.7614295,25742.7614295,25742.7614295,25742.7614295,25742.7614295,25742.7614295,25742.7614295,25742.7614295,25742.7614295,25742.7614295,25742.7614295,25742.7614295,25742.7614295,25742.7614295,25742.7614295,25742.7614295,25742.7614295,25742.7614295,25742.7614295,25742.7614295,25742.7614295,25742.7614295,25742.7614295,25742.7614295,25742.7614295,25742.7614295,25742.7614295,25742.7614295,25742.7614295,25742.7614295,25742.7614295,25742.7614295,25742.7614295,25742.7614295,25742.7614295,25742.7614295,25742.7614295,25742.7614295,25742.7614295,25742.7614295,25742.7614295,25742.7614295,25742.7614295,25742.7614295,25742.7614295,25742.7614295,25742.7614295,25742.7614295,25742.7614295,25742.7614295,25742.7614295,25742.7614295,25742.7614295,25742.7614295,25742.7614295,25742.7614295,25742.7614295,25742.7614295,25742.7614295,25742.7614295,25742.7614295,25742.7614295,25742.7614295,25742.7614295,25742.7614295,25742.7614295,25742.7614295,25742.7614295,25742.7614295,25742.7614295,25742.7614295,25742.7614295,25742.7614295,25742.7614295,25742.7614295,25742.7614295,25742.7614295,25742.7614295,25742.7614295,25742.7614295,25742.7614295,25742.7614295,25742.7614295,25742.7614295,25742.7614295,25742.7614295,25742.7614295,25742.7614295,25742.7614295,25742.7614295,25742.7614295,25742.7614295,25742.7614295,25742.7614295,25742.7614295,25742.7614295,25742.7614295,25742.7614295,25742.7614295,25742.7614295,25742.7614295,25742.7614295,25742.7614295,25742.7614295,25742.7614295,25742.7614295,25742.7614295,25742.7614295,25742.7614295,25742.7614295,25742.7614295,25742.7614295,25742.7614295,25742.7614295,25742.7614295,25742.7614295,25742.7614295,25742.7614295,25742.7614295,25742.7614295,25742.7614295,25742.7614295,25742.7614295,25742.7614295,25742.7614295,25742.7614295,25742.7614295,25742.7614295,25742.7614295,25742.7614295,25742.7614295,25742.7614295,25742.7614295,25742.7614295,25742.7614295,25742.7614295,25742.7614295,25742.7614295,25742.7614295,25742.7614295,25742.7614295,25742.7614295,25742.7614295,25742.7614295,25742.7614295,25742.7614295,25742.7614295,25742.7614295,25742.7614295,25742.7614295,25742.7614295,25742.7614295,25742.7614295,25742.7614295,25742.7614295,25742.7614295,25742.7614295,25742.7614295,25742.7614295,25742.7614295,25742.7614295,25742.7614295,25742.7614295,25742.7614295,25742.7614295,25742.7614295,25742.7614295,25742.7614295,25742.7614295,25742.7614295,25742.7614295,25742.7614295,25742.7614295,25742.7614295,25742.7614295,25742.7614295,25742.7614295,25742.7614295,25742.7614295,25742.7614295,25742.7614295,25742.7614295,25742.7614295,25742.7614295,25742.7614295,25742.7614295,25742.7614295,25742.7614295,25742.7614295,25742.7614295,25742.7614295,25742.7614295,25742.7614295,25742.7614295,25742.7614295,25742.7614295,25742.7614295,25742.7614295,25742.7614295,25742.7614295,25742.7614295,25742.7614295,25742.7614295,25742.7614295,25742.7614295,25742.7614295,25742.7614295,25742.7614295,25742.7614295,25742.7614295,25742.7614295,25742.7614295,25742.7614295,25742.7614295,25742.7614295,25742.7614295,25742.7614295,25742.7614295,25742.7614295,25742.7614295,25742.7614295,25742.7614295,25742.7614295,25742.7614295,25742.7614295,25742.7614295,25742.7614295,25742.7614295,25742.7614295,25742.7614295,25742.7614295,25742.7614295,25742.7614295,25742.7614295,25742.7614295,25742.7614295,25742.7614295,25742.7614295,25742.7614295,25742.7614295,25742.7614295,25742.7614295,25742.7614295,25742.7614295,25742.7614295,25742.7614295,25742.7614295,25742.7614295,25742.7614295,25742.7614295,25742.7614295,25742.7614295,25742.7614295,25742.7614295,25742.7614295,25742.7614295,25742.7614295,25742.7614295,25742.7614295,25742.7614295,25742.7614295,25742.7614295,25742.7614295,25742.7614295,25742.7614295,25742.7614295,25742.7614295,25742.7614295,25742.7614295,25742.7614295,25742.7614295,25742.7614295,25742.7614295,25742.7614295,25742.7614295,25742.7614295,25742.7614295,25742.7614295,25742.7614295,25742.7614295,25742.7614295,25742.7614295,25742.7614295,25742.7614295,25742.7614295,25742.7614295,25742.7614295,25742.7614295,25742.7614295,25742.7614295,25742.7614295,25742.7614295,25742.7614295,25742.7614295,25742.7614295,25742.7614295,25742.7614295,25742.7614295,25742.7614295,25742.7614295,25742.7614295,25742.7614295,25742.7614295,25742.7614295,25742.7614295,25742.7614295,25742.7614295,25742.7614295,25742.7614295,25742.7614295,25742.7614295,25742.7614295,25742.7614295,25742.7614295,25742.7614295,25742.7614295,25742.7614295,25742.7614295,25742.7614295,25742.7614295,25742.7614295,25742.7614295,25742.7614295,25742.7614295,25742.7614295,25742.7614295,25742.7614295,25742.7614295,25742.7614295,25742.7614295,25742.7614295,25742.7614295,25742.7614295,25742.7614295,25742.7614295,25742.7614295,25742.7614295,25742.7614295,25742.7614295,25742.7614295,25742.7614295,25742.7614295,25742.7614295,25742.7614295,25742.7614295,25742.7614295,25742.7614295,25742.7614295,25742.7614295,25742.7614295,25742.7614295,25742.7614295,25742.7614295,25742.7614295,25742.7614295,25742.7614295,25742.7614295,25742.7614295,25742.7614295,25742.7614295,25742.7614295,25742.7614295,25742.7614295,25742.7614295,25742.7614295,25742.7614295,25742.7614295,25742.7614295,25742.7614295,25742.7614295,25742.7614295,25742.7614295,25742.7614295,25742.7614295,25742.7614295,25742.7614295,25742.7614295,25742.7614295,25742.7614295,25742.7614295,25742.7614295,25742.7614295,25742.7614295,25742.7614295,25742.7614295,25742.7614295,25742.7614295,25742.7614295,25742.7614295,25742.7614295,25742.7614295,25742.7614295,25742.7614295,25742.7614295,25742.7614295,25742.7614295,25742.7614295,25742.7614295,25742.7614295,25742.7614295,25742.7614295,25742.7614295,25742.7614295,25742.7614295,25742.7614295,25742.7614295,25742.7614295,25742.7614295,25742.7614295,25742.7614295,25742.7614295,25742.7614295,25742.7614295,25742.7614295,25742.7614295,25742.7614295,25742.7614295,25742.7614295,25742.7614295,25742.7614295,25742.7614295,25742.7614295,25742.7614295,25742.7614295,25742.7614295,25742.7614295,25742.7614295,25742.7614295,25742.7614295,25742.7614295,25742.7614295,25742.7614295,25742.7614295,25742.7614295,25742.7614295,25742.7614295,25742.7614295,25742.7614295,25742.7614295,25742.7614295,25742.7614295,25742.7614295,25742.7614295,25742.7614295,25742.7614295,25742.7614295,25742.7614295,25742.7614295,25742.7614295,25742.7614295,25742.7614295,25742.7614295,25742.7614295,25742.7614295,25742.7614295,25742.7614295,25742.7614295,25742.7614295,25742.7614295,25742.7614295,25742.7614295,25742.7614295,25742.7614295,25742.7614295,25742.7614295,25742.7614295,25742.7614295,25742.7614295,25742.7614295,25742.7614295,25742.7614295,25742.7614295,25742.7614295,25742.7614295,25742.7614295,25742.7614295,25742.7614295,25742.7614295,25742.7614295,25742.7614295,25742.7614295,25742.7614295,25742.7614295,25742.7614295,25742.7614295,25742.7614295,25742.7614295,25742.7614295,25742.7614295,25742.7614295,25742.7614295,25742.7614295,25742.7614295,25742.7614295,25742.7614295,25742.7614295,25742.7614295,25742.7614295,25742.7614295,25742.7614295,25742.7614295,25742.7614295,25742.7614295,25742.7614295,25742.7614295,25742.7614295,25742.7614295,25742.7614295,25742.7614295,25742.7614295,25742.7614295,25742.7614295,25742.7614295,25742.7614295,25742.7614295,25742.7614295,25742.7614295,25742.7614295,25742.7614295,25742.7614295,25742.7614295,25742.7614295,25742.7614295,25742.7614295,25742.7614295,25742.7614295,25742.7614295,25742.7614295,25742.7614295,25742.7614295,25742.7614295,25742.7614295,25742.7614295,25742.7614295,25742.7614295,25742.7614295,25742.7614295,25742.7614295,25742.7614295,25742.7614295,25742.7614295,25742.7614295,25742.7614295,25742.7614295,25742.7614295,25742.7614295,25742.7614295,25742.7614295,25742.7614295,25742.7614295,25742.7614295,25742.7614295,25742.7614295,25742.7614295,25742.7614295,25742.7614295,25742.7614295,25742.7614295,25742.7614295,25742.7614295,25742.7614295,25742.7614295,25742.7614295,25742.7614295,25742.7614295,25742.7614295,25742.7614295,25742.7614295,25742.7614295,25742.7614295,25742.7614295,25742.7614295,25742.7614295,25742.7614295,25742.7614295,25742.7614295,25742.7614295,25742.7614295,25742.7614295,25742.7614295,25742.7614295,25742.7614295,25742.7614295,25742.7614295,25742.7614295,25742.7614295,25742.7614295,25742.7614295,25742.7614295,25742.7614295,25742.7614295,25742.7614295,25742.7614295,25742.7614295,25742.7614295,25742.7614295,25742.7614295,25742.7614295,25742.7614295,25742.7614295,25742.7614295,25742.7614295,25742.7614295,25742.7614295,25742.7614295,25742.7614295,25742.7614295,25742.7614295,25742.7614295,25742.7614295,25742.7614295,25742.7614295,25742.7614295,25742.7614295,25742.7614295,25742.7614295,25742.7614295,25742.7614295,25742.7614295,25742.7614295,25742.7614295,25742.7614295,25742.7614295,25742.7614295,25742.7614295,25742.7614295,25742.7614295,25742.7614295,25742.7614295,25742.7614295,25742.7614295,25742.7614295,25742.7614295,25742.7614295,25742.7614295,25742.7614295,25742.7614295,25742.7614295,25742.7614295,25742.7614295,25742.7614295,25742.7614295,25742.7614295,25742.7614295,25742.7614295,25742.7614295,25742.7614295,25742.7614295,25742.7614295,25742.7614295,25742.7614295,25742.7614295,25742.7614295,25742.7614295,25742.7614295,25742.7614295,25742.7614295,25742.7614295,25742.7614295,25742.7614295,25742.7614295,25742.7614295,25742.7614295,25742.7614295,25742.7614295,25742.7614295,25742.7614295,25742.7614295,25742.7614295,25742.7614295,25742.7614295,25742.7614295,25742.7614295,25742.7614295,25742.7614295,25742.7614295,25742.7614295,25742.7614295,25742.7614295,25742.7614295,25742.7614295,25742.7614295,25742.7614295,25742.7614295,25742.7614295,25742.7614295,25742.7614295,25742.7614295,25742.7614295,25742.7614295,25742.7614295,25742.7614295,25742.7614295,25742.7614295,25742.7614295,25742.7614295,25742.7614295,25742.7614295,25742.7614295,25742.7614295,25742.7614295,25742.7614295,25742.7614295,25742.7614295,25742.7614295,25742.7614295,25742.7614295,25742.7614295,25742.7614295,25742.7614295,25742.7614295,25742.7614295,25742.7614295,25742.7614295,25742.7614295,25742.7614295,25742.7614295,25742.7614295,25742.7614295,25742.7614295,25742.7614295,25742.7614295,25742.7614295,25742.7614295,25742.7614295,25742.7614295,25742.7614295,25742.7614295,25742.7614295,25742.7614295,25742.7614295,25742.7614295,25742.7614295,25742.7614295,25742.7614295,25742.7614295,25742.7614295,25742.7614295,25742.7614295,25742.7614295,25742.7614295,25742.7614295,25742.7614295,25742.7614295,25742.7614295,25742.7614295,25742.7614295,25742.7614295,25742.7614295,25742.7614295,25742.7614295,25742.7614295,25742.7614295,25742.7614295,25742.7614295,25742.7614295,25742.7614295,25742.7614295,25742.7614295,25742.7614295,25742.7614295,25742.7614295,25742.7614295,25742.7614295,25742.7614295,25742.7614295,25742.7614295,25742.7614295,25742.7614295,25742.7614295,25742.7614295,25742.7614295,25742.7614295,25742.7614295,25742.7614295,25742.7614295,25742.7614295,25742.7614295,25742.7614295,25742.7614295,25742.7614295,25742.7614295,25742.7614295,25742.7614295,25742.7614295,25742.7614295,25742.7614295,25742.7614295,25742.7614295,25742.7614295,25742.7614295,25742.7614295,25742.7614295,25742.7614295,25742.7614295,25742.7614295,25742.7614295,25742.7614295,25742.7614295,25742.7614295,25742.7614295,25742.7614295,25742.7614295,25742.7614295,25742.7614295,25742.7614295,25742.7614295,25742.7614295,25742.7614295,25742.7614295,25742.7614295,25742.7614295,25742.7614295,25742.7614295,25742.7614295,25742.7614295,25742.7614295,25742.7614295,25742.7614295,25742.7614295,25742.7614295,25742.7614295,25742.7614295,25742.7614295,25742.7614295,25742.7614295,25742.7614295,25742.7614295,25742.7614295,25742.7614295,25742.7614295,25742.7614295,25742.7614295,25742.7614295,25742.7614295,25742.7614295,25742.7614295,25742.7614295,25742.7614295,25742.7614295,25742.7614295,25742.7614295,25742.7614295,25742.7614295,25742.7614295,25742.7614295,25742.7614295,25742.7614295,25742.7614295,25742.7614295,25742.7614295,25742.7614295,25742.7614295,25742.7614295,25742.7614295,25742.7614295,25742.7614295,25742.7614295,25742.7614295,25742.7614295,25742.7614295,25742.7614295,25742.7614295,25742.7614295,25742.7614295,25742.7614295,25742.7614295,25742.7614295,25742.7614295,25742.7614295,25742.7614295,25742.7614295,25742.7614295,25742.7614295,25742.7614295,25742.7614295,25742.7614295,25742.7614295,25742.7614295,25742.7614295,25742.7614295,25742.7614295,25742.7614295,25742.7614295,25742.7614295,25742.7614295,25742.7614295,25742.7614295,25742.7614295,25742.7614295,25742.7614295,25742.7614295,25742.7614295,25742.7614295,25742.7614295,25742.7614295,25742.7614295,25742.7614295,25742.7614295,25742.7614295,25742.7614295,25742.7614295,25742.7614295,25742.7614295,25742.7614295,25742.7614295,25742.7614295,25742.7614295,25742.7614295,25742.7614295,25742.7614295,25742.7614295,25742.7614295,25742.7614295,25742.7614295,25742.7614295,25742.7614295,25742.7614295,25742.7614295,25742.7614295,25742.7614295,25742.7614295,25742.7614295,25742.7614295,25742.7614295,25742.7614295,25742.7614295,25742.7614295,25742.7614295,25742.7614295,25742.7614295,25742.7614295,25742.7614295,25742.7614295,25742.7614295,25742.7614295,25742.7614295,25742.7614295,25742.7614295,25742.7614295,25742.7614295,25742.7614295,25742.7614295,25742.7614295,25742.7614295,25742.7614295,25742.7614295,25742.7614295,25742.7614295,25742.7614295,25742.7614295,25742.7614295,25742.7614295,25742.7614295,25742.7614295,25742.7614295,25742.7614295,25742.7614295,25742.7614295,25742.7614295,25742.7614295,25742.7614295,25742.7614295,25742.7614295,25742.7614295,25742.7614295,25742.7614295,25742.7614295,25742.7614295,25742.7614295,25742.7614295,25742.7614295,25742.7614295,25742.7614295,25742.7614295,25742.7614295,25742.7614295,25742.7614295,25742.7614295,25742.7614295,25742.7614295,25742.7614295,25742.7614295,25742.7614295,25742.7614295,25742.7614295,25742.7614295,25742.7614295,25742.7614295,25742.7614295,25742.7614295,25742.7614295,25742.7614295,25742.7614295,25742.7614295,25742.7614295,25742.7614295,25742.7614295,25742.7614295,25742.7614295,25742.7614295,25742.7614295,25742.7614295,25742.7614295,25742.7614295,25742.7614295,25742.7614295,25742.7614295,25742.7614295,25742.7614295,25742.7614295,25742.7614295,25742.7614295,25742.7614295,25742.7614295,25742.7614295,25742.7614295,25742.7614295,25742.7614295,25742.7614295,25742.7614295,25742.7614295,25742.7614295,25742.7614295,25742.7614295,25742.7614295,25742.7614295,25742.7614295,25742.7614295,25742.7614295,25742.7614295,25742.7614295,25742.7614295,25742.7614295,25742.7614295,25742.7614295,25742.7614295,25742.7614295,25742.7614295,25742.7614295,25742.7614295,25742.7614295,25742.7614295,25742.7614295,25742.7614295,25742.7614295,25742.7614295,25742.7614295,25742.7614295,25742.7614295,25742.7614295,25742.7614295,25742.7614295,25742.7614295,25742.7614295,25742.7614295,25742.7614295,25742.7614295,25742.7614295,25742.7614295,25742.7614295,25742.7614295,25742.7614295,25742.7614295,25742.7614295,25742.7614295,25742.7614295,25742.7614295,25742.7614295,25742.7614295,25742.7614295,25742.7614295,25742.7614295,25742.7614295,25742.7614295,25742.7614295,25742.7614295,25742.7614295,25742.7614295,25742.7614295,25742.7614295,25742.7614295,25742.7614295,25742.7614295,25742.7614295,25742.7614295,25742.7614295,25742.7614295,25742.7614295,25742.7614295,25742.7614295,25742.7614295,25742.7614295,25742.7614295,25742.7614295,25742.7614295,25742.7614295,25742.7614295,25742.7614295,25742.7614295,25742.7614295,25742.7614295,25742.7614295,25742.7614295,25742.7614295,25742.7614295,25742.7614295,25742.7614295,25742.7614295,25742.7614295,25742.7614295,25742.7614295,25742.7614295,25742.7614295,25742.7614295,25742.7614295,25742.7614295,25742.7614295,25742.7614295,25742.7614295,25742.7614295,25742.7614295,25742.7614295,25742.7614295,25742.7614295,25742.7614295,25742.7614295,25742.7614295,25742.7614295,25742.7614295,25742.7614295,25742.7614295,25742.7614295,25742.7614295,25742.7614295,25742.7614295,25742.7614295,25742.7614295,25742.7614295,25742.7614295,25742.7614295,25742.7614295,25742.7614295,25742.7614295,25742.7614295,25742.7614295,25742.7614295,25742.7614295,25742.7614295,25742.7614295,25742.7614295,25742.7614295,25742.7614295,25742.7614295,25742.7614295,25742.7614295,25742.7614295,25742.7614295,25742.7614295,25742.7614295,25742.7614295,25742.7614295,25742.7614295,25742.7614295,25742.7614295,25742.7614295,25742.7614295,25742.7614295,25742.7614295,25742.7614295,25742.7614295,25742.7614295,25742.7614295,25742.7614295,25742.7614295,25742.7614295,25742.7614295,25742.7614295,25742.7614295,25742.7614295,25742.7614295,25742.7614295,25742.7614295,25742.7614295,25742.7614295,25742.7614295,25742.7614295,25742.7614295,25742.7614295,25742.7614295,25742.7614295,25742.7614295,25742.7614295,25742.7614295,25742.7614295,25742.7614295,25742.7614295,25742.7614295,25742.7614295,25742.7614295,25742.7614295,25742.7614295,25742.7614295,25742.7614295,25742.7614295,25742.7614295,25742.7614295,25742.7614295,25742.7614295,25742.7614295,25742.7614295,25742.7614295,25742.7614295,25742.7614295,25742.7614295,25742.7614295,25742.7614295,25742.7614295,25742.7614295,25742.7614295,25742.7614295,25742.7614295,25742.7614295,25742.7614295,25742.7614295,25742.7614295,25742.7614295,25742.7614295,25742.7614295,25742.7614295,25742.7614295,25742.7614295,25742.7614295,25742.7614295,25742.7614295,25742.7614295,25742.7614295,25742.7614295,25742.7614295,25742.7614295,25742.7614295,25742.7614295,25742.7614295,25742.7614295,25742.7614295,25742.7614295,25742.7614295,25742.7614295,25742.7614295,25742.7614295,25742.7614295,25742.7614295,25742.7614295,25742.7614295,25742.7614295,25742.7614295,25742.7614295,25742.7614295,25742.7614295,25742.7614295,25742.7614295,25742.7614295,25742.7614295,25742.7614295,25742.7614295,25742.7614295,25742.7614295,25742.7614295,25742.7614295,25742.7614295,25742.7614295,25742.7614295,25742.7614295,25742.7614295,25742.7614295,25742.7614295,25742.7614295,25742.7614295,25742.7614295,25742.7614295,25742.7614295,25742.7614295,25742.7614295,25742.7614295,25742.7614295,25742.7614295,25742.7614295,25742.7614295,25742.7614295,25742.7614295,25742.7614295,25742.7614295,25742.7614295,25742.7614295,25742.7614295,25742.7614295,25742.7614295,25742.7614295,25742.7614295,25742.7614295,25742.7614295,25742.7614295,25742.7614295,25742.7614295,25742.7614295,25742.7614295,25742.7614295,25742.7614295,25742.7614295,25742.7614295,25742.7614295,25742.7614295,25742.7614295,25742.7614295,25742.7614295,25742.7614295,25742.7614295,25742.7614295,25742.7614295,25742.7614295,25742.7614295,25742.7614295,25742.7614295,25742.7614295,25742.7614295,25742.7614295,25742.7614295,25742.7614295,25742.7614295,25742.7614295,25742.7614295,25742.7614295,25742.7614295,25742.7614295,25742.7614295,25742.7614295,25742.7614295,25742.7614295,25742.7614295,25742.7614295,25742.7614295,25742.7614295,25742.7614295,25742.7614295,25742.7614295,25742.7614295,25742.7614295,25742.7614295,25742.7614295,25742.7614295,25742.7614295,25742.7614295,25742.7614295,25742.7614295,25742.7614295,25742.7614295,25742.7614295,25742.7614295,25742.7614295,25742.7614295,25742.7614295,25742.7614295,25742.7614295,25742.7614295,25742.7614295,25742.7614295,25742.7614295,25742.7614295,25742.7614295,25742.7614295,25742.7614295,25742.7614295,25742.7614295,25742.7614295,25742.7614295,25742.7614295,25742.7614295,25742.7614295,25742.7614295,25742.7614295,25742.7614295,25742.7614295,25742.7614295,25742.7614295,25742.7614295,25742.7614295,25742.7614295,25742.7614295,25742.7614295,25742.7614295,25742.7614295,25742.7614295,25742.7614295,25742.7614295,25742.7614295,25742.7614295,25742.7614295,25742.7614295,25742.7614295,25742.7614295,25742.7614295,25742.7614295,25742.7614295,25742.7614295,25742.7614295,25742.7614295,25742.7614295,25742.7614295,25742.7614295,25742.7614295,25742.7614295,25742.7614295,25742.7614295,25742.7614295,25742.7614295,25742.7614295,25742.7614295,25742.7614295,25742.7614295,25742.7614295,25742.7614295,25742.7614295,25742.7614295,25742.7614295,25742.7614295,25742.7614295,25742.7614295,25742.7614295,25742.7614295,25742.7614295,25742.7614295,25742.7614295,25742.7614295,25742.7614295,25742.7614295,25742.7614295,25742.7614295,25742.7614295,25742.7614295,25742.7614295,25742.7614295,25742.7614295,25742.7614295,25742.7614295,25742.7614295,25742.7614295,25742.7614295,25742.7614295,25742.7614295,25742.7614295,25742.7614295,25742.7614295,25742.7614295,25742.7614295,25742.7614295,25742.7614295,25742.7614295,25742.7614295,25742.7614295,25742.7614295,25742.7614295,25742.7614295,25742.7614295,25742.7614295,25742.7614295,25742.7614295,25742.7614295,25742.7614295,25742.7614295,25742.7614295,25742.7614295,25742.7614295,25742.7614295,25742.7614295,25742.7614295,25742.7614295,25742.7614295,25742.7614295,25742.7614295,25742.7614295,25742.7614295,25742.7614295,25742.7614295,25742.7614295,25742.7614295,25742.7614295,25742.7614295,25742.7614295,25742.7614295,25742.7614295,25742.7614295,25742.7614295,25742.7614295,25742.7614295,25742.7614295,25742.7614295,25742.7614295,25742.7614295,25742.7614295,25742.7614295,25742.7614295,25742.7614295,25742.7614295,25742.7614295,25742.7614295,25742.7614295,25742.7614295,25742.7614295,25742.7614295,25742.7614295,25742.7614295,25742.7614295,25742.7614295,25742.7614295,25742.7614295,25742.7614295,25742.7614295,25742.7614295,25742.7614295,25742.7614295,25742.7614295,25742.7614295,25742.7614295,25742.7614295,25742.7614295,25742.7614295,25742.7614295,25742.7614295,25742.7614295,25742.7614295,25742.7614295,25742.7614295,25742.7614295,25742.7614295,25742.7614295,25742.7614295,25742.7614295,25742.7614295,25742.7614295,25742.7614295,25742.7614295,25742.7614295,25742.7614295,25742.7614295,25742.7614295,25742.7614295,25742.7614295,25742.7614295,25742.7614295,25742.7614295,25742.7614295,25742.7614295,25742.7614295,25742.7614295,25742.7614295,25742.7614295,25742.7614295,25742.7614295,25742.7614295,25742.7614295,25742.7614295,25742.7614295,25742.7614295,25742.7614295,25742.7614295,25742.7614295,25742.7614295,25742.7614295,25742.7614295,25742.7614295,25742.7614295,25742.7614295,25742.7614295,25742.7614295,25742.7614295,25742.7614295,25742.7614295,25742.7614295,25742.7614295,25742.7614295,25742.7614295,25742.7614295,25742.7614295,25742.7614295,25742.7614295,25742.7614295,25742.7614295,25742.7614295,25742.7614295,25742.7614295,25742.7614295,25742.7614295,25742.7614295,25742.7614295,25742.7614295,25742.7614295,25742.7614295,25742.7614295,25742.7614295,25742.7614295,25742.7614295,25742.7614295,25742.7614295,25742.7614295,25742.7614295,25742.7614295,25742.7614295,25742.7614295,25742.7614295,25742.7614295,25742.7614295,25742.7614295,25742.7614295,25742.7614295,25742.7614295,25742.7614295,25742.7614295,25742.7614295,25742.7614295,25742.7614295,25742.7614295,25742.7614295,25742.7614295,25742.7614295,25742.7614295,25742.7614295,25742.7614295,25742.7614295,25742.7614295,25742.7614295,25742.7614295,25742.7614295,25742.7614295,25742.7614295,25742.7614295,25742.7614295,25742.7614295,25742.7614295,25742.7614295,25742.7614295,25742.7614295,25742.7614295,25742.7614295,25742.7614295,25742.7614295,25742.7614295,25742.7614295,25742.7614295,25742.7614295,25742.7614295,25742.7614295,25742.7614295,25742.7614295,25742.7614295,25742.7614295,25742.7614295,25742.7614295,25742.7614295,25742.7614295,25742.7614295,25742.7614295,25742.7614295,25742.7614295,25742.7614295,25742.7614295,25742.7614295,25742.7614295,25742.7614295,25742.7614295,25742.7614295,25742.7614295,25742.7614295,25742.7614295,25742.7614295,25742.7614295,25742.7614295,25742.7614295,25742.7614295,25742.7614295,25742.7614295,25742.7614295,25742.7614295,25742.7614295,25742.7614295,25742.7614295,25742.7614295,25742.7614295,25742.7614295,25742.7614295,25742.7614295,25742.7614295,25742.7614295,25742.7614295,25742.7614295,25742.7614295,25742.7614295,25742.7614295,25742.7614295,25742.7614295,25742.7614295,25742.7614295,25742.7614295,25742.7614295,25742.7614295,25742.7614295,25742.7614295,25742.7614295,25742.7614295,25742.7614295,25742.7614295,25742.7614295,25742.7614295,25742.7614295,25742.7614295,25742.7614295,25742.7614295,25742.7614295,25742.7614295,25742.7614295,25742.7614295,25742.7614295,25742.7614295,25742.7614295,25742.7614295,25742.7614295,25742.7614295,25742.7614295,25742.7614295,25742.7614295,25742.7614295,25742.7614295,25742.7614295,25742.7614295,25742.7614295,25742.7614295,25742.7614295,25742.7614295,25742.7614295,25742.7614295,25742.7614295,25742.7614295,25742.7614295,25742.7614295,25742.7614295,25742.7614295,25742.7614295,25742.7614295,25742.7614295,25742.7614295,25742.7614295,25742.7614295,25742.7614295,25742.7614295,25742.7614295,25742.7614295,25742.7614295,25742.7614295,25742.7614295,25742.7614295,25742.7614295,25742.7614295,25742.7614295,25742.7614295,25742.7614295,25742.7614295,25742.7614295,25742.7614295,25742.7614295,25742.7614295,25742.7614295,25742.7614295,25742.7614295,25742.7614295,25742.7614295,25742.7614295,25742.7614295,25742.7614295,25742.7614295,25742.7614295,25742.7614295,25742.7614295,25742.7614295,25742.7614295,25742.7614295,25742.7614295,25742.7614295,25742.7614295,25742.7614295,25742.7614295,25742.7614295,25742.7614295,25742.7614295,25742.7614295,25742.7614295,25742.7614295,25742.7614295,25742.7614295,25742.7614295,25742.7614295,25742.7614295,25742.7614295,25742.7614295,25742.7614295,25742.7614295,25742.7614295,25742.7614295,25742.7614295,25742.7614295,25742.7614295,25742.7614295,25742.7614295,25742.7614295,25742.7614295,25742.7614295,25742.7614295,25742.7614295,25742.7614295,25742.7614295,25742.7614295,25742.7614295,25742.7614295,25742.7614295,25742.7614295,25742.7614295,25742.7614295,25742.7614295,25742.7614295,25742.7614295,25742.7614295,25742.7614295,25742.7614295,25742.7614295,25742.7614295,25742.7614295,25742.7614295,25742.7614295,25742.7614295,25742.7614295,25742.7614295,25742.7614295,25742.7614295,25742.7614295,25742.7614295,25742.7614295,25742.7614295,25742.7614295,25742.7614295,25742.7614295,25742.7614295,25742.7614295,25742.7614295,25742.7614295,25742.7614295,25742.7614295,25742.7614295,25742.7614295,25742.7614295,25742.7614295,25742.7614295,25742.7614295,25742.7614295,25742.7614295,25742.7614295,25742.7614295,25742.7614295,25742.7614295,25742.7614295,25742.7614295,25742.7614295,25742.7614295,25742.7614295,25742.7614295,25742.7614295,25742.7614295,25742.7614295,25742.7614295,25742.7614295,25742.7614295,25742.7614295,25742.7614295,25742.7614295,25742.7614295,25742.7614295,25742.7614295,25742.7614295,25742.7614295,25742.7614295,25742.7614295,25742.7614295,25742.7614295,25742.7614295,25742.7614295,25742.7614295,25742.7614295,25742.7614295,25742.7614295,25742.7614295,25742.7614295,25742.7614295,25742.7614295,25742.7614295,25742.7614295,25742.7614295,25742.7614295,25742.7614295,25742.7614295,25742.7614295,25742.7614295,25742.7614295,25742.7614295,25742.7614295,25742.7614295,25742.7614295,25742.7614295,25742.7614295,25742.7614295,25742.7614295,25742.7614295,25742.7614295,25742.7614295,25742.7614295,25742.7614295,25742.7614295,25742.7614295,25742.7614295,25742.7614295,25742.7614295,25742.7614295,25742.7614295,25742.7614295,25742.7614295,25742.7614295,25742.7614295,25742.7614295,25742.7614295,25742.7614295,25742.7614295,25742.7614295,25742.7614295,25742.7614295,25742.7614295,25742.7614295,25742.7614295,25742.7614295,25742.7614295,25742.7614295,25742.7614295,25742.7614295,25742.7614295,25742.7614295,25742.7614295,25742.7614295,25742.7614295,25742.7614295,25742.7614295,25742.7614295,25742.7614295,25742.7614295,25742.7614295,25742.7614295,25742.7614295,25742.7614295,25742.7614295,25742.7614295,25742.7614295,25742.7614295,25742.7614295,25742.7614295,25742.7614295,25742.7614295,25742.7614295,25742.7614295,25742.7614295,25742.7614295,25742.7614295,25742.7614295,25742.7614295,25742.7614295,25742.7614295,25742.7614295,25742.7614295,25742.7614295,25742.7614295,25742.7614295,25742.7614295,25742.7614295,25742.7614295,25742.7614295,25742.7614295,25742.7614295,25742.7614295,25742.7614295,25742.7614295,25742.7614295,25742.7614295,25742.7614295,25742.7614295,25742.7614295,25742.7614295,25742.7614295,25742.7614295,25742.7614295,25742.7614295,25742.7614295,25742.7614295,25742.7614295,25742.7614295,25742.7614295,25742.7614295,25742.7614295,25742.7614295,25742.7614295,25742.7614295,25742.7614295,25742.7614295,25742.7614295,25742.7614295,25742.7614295,25742.7614295,25742.7614295,25742.7614295,25742.7614295,25742.7614295,25742.7614295,25742.7614295,25742.7614295,25742.7614295,25742.7614295,25742.7614295,25742.7614295,25742.7614295,25742.7614295,25742.7614295,25742.7614295,25742.7614295,25742.7614295,25742.7614295,25742.7614295,25742.7614295,25742.7614295,25742.7614295,25742.7614295,25742.7614295,25742.7614295,25742.7614295,25742.7614295,25742.7614295,25742.7614295,25742.7614295,25742.7614295,25742.7614295,25742.7614295,25742.7614295,25742.7614295,25742.7614295,25742.7614295,25742.7614295,25742.7614295,25742.7614295,25742.7614295,25742.7614295,25742.7614295,25742.7614295,25742.7614295,25742.7614295,25742.7614295,25742.7614295,25742.7614295,25742.7614295,25742.7614295,25742.7614295,25742.7614295,25742.7614295,25742.7614295,25742.7614295,25742.7614295,25742.7614295,25742.7614295,25742.7614295,25742.7614295,25742.7614295,25742.7614295,25742.7614295,25742.7614295,25742.7614295,25742.7614295,25742.7614295,25742.7614295,25742.7614295,25742.7614295,25742.7614295,25742.7614295,25742.7614295,25742.7614295,25742.7614295,25742.7614295,25742.7614295,25742.7614295,25742.7614295,25742.7614295,25742.7614295,25742.7614295,25742.7614295,25742.7614295,25742.7614295,25742.7614295,25742.7614295,25742.7614295,25742.7614295,25742.7614295,25742.7614295,25742.7614295,25742.7614295,25742.7614295,25742.7614295,25742.7614295,25742.7614295,25742.7614295,25742.7614295,25742.7614295,25742.7614295,25742.7614295,25742.7614295,25742.7614295,25742.7614295,25742.7614295,25742.7614295,25742.7614295,25742.7614295,25742.7614295,25742.7614295,25742.7614295,25742.7614295,25742.7614295,25742.7614295,25742.7614295,25742.7614295,25742.7614295,25742.7614295,25742.7614295,25742.7614295,25742.7614295,25742.7614295,25742.7614295,25742.7614295,25742.7614295,25742.7614295,25742.7614295,25742.7614295,25742.7614295,25742.7614295,25742.7614295,25742.7614295,25742.7614295,25742.7614295,25742.7614295,25742.7614295,25742.7614295,25742.7614295,25742.7614295,25742.7614295,25742.7614295,25742.7614295,25742.7614295,25742.7614295,25742.7614295,25742.7614295,25742.7614295,25742.7614295,25742.7614295,25742.7614295,25742.7614295,25742.7614295,25742.7614295,25742.7614295,25742.7614295,25742.7614295,25742.7614295,25742.7614295,25742.7614295,25742.7614295,25742.7614295,25742.7614295,25742.7614295,25742.7614295,25742.7614295,25742.7614295,25742.7614295,25742.7614295,25742.7614295,25742.7614295,25742.7614295,25742.7614295,25742.7614295,25742.7614295,25742.7614295,25742.7614295,25742.7614295,25742.7614295,25742.7614295,25742.7614295,25742.7614295,25742.7614295,25742.7614295,25742.7614295,25742.7614295,25742.7614295,25742.7614295,25742.7614295,25742.7614295,25742.7614295,25742.7614295,25742.7614295,25742.7614295,25742.7614295,25742.7614295,25742.7614295,25742.7614295,25742.7614295,25742.7614295,25742.7614295,25742.7614295,25742.7614295,25742.7614295,25742.7614295,25742.7614295,25742.7614295,25742.7614295,25742.7614295,25742.7614295,25742.7614295,25742.7614295,25742.7614295,25742.7614295,25742.7614295,25742.7614295,25742.7614295,25742.7614295,25742.7614295,25742.7614295,25742.7614295,25742.7614295,25742.7614295,25742.7614295,25742.7614295,25742.7614295,25742.7614295,25742.7614295,25742.7614295,25742.7614295,25742.7614295,25742.7614295,25742.7614295,25742.7614295,25742.7614295,25742.7614295,25742.7614295,25742.7614295,25742.7614295,25742.7614295,25742.7614295,25742.7614295,25742.7614295,25742.7614295,25742.7614295,25742.7614295,25742.7614295,25742.7614295,25742.7614295,25742.7614295,25742.7614295,25742.7614295,25742.7614295,25742.7614295,25742.7614295,25742.7614295,25742.7614295,25742.7614295,25742.7614295,25742.7614295,25742.7614295,25742.7614295,25742.7614295,25742.7614295,25742.7614295,25742.7614295,25742.7614295,25742.7614295,25742.7614295,25742.7614295,25742.7614295,25742.7614295,25742.7614295,25742.7614295,25742.7614295,25742.7614295,25742.7614295,25742.7614295,25742.7614295,25742.7614295,25742.7614295,25742.7614295,25742.7614295,25742.7614295,25742.7614295,25742.7614295,25742.7614295,25742.7614295,25742.7614295,25742.7614295,25742.7614295,25742.7614295,25742.7614295,25742.7614295,25742.7614295,25742.7614295,25742.7614295,25742.7614295,25742.7614295,25742.7614295,25742.7614295,25742.7614295,25742.7614295,25742.7614295,25742.7614295,25742.7614295,25742.7614295,25742.7614295,25742.7614295,25742.7614295,25742.7614295,25742.7614295,25742.7614295,25742.7614295,25742.7614295,25742.7614295,25742.7614295,25742.7614295,25742.7614295,25742.7614295,25742.7614295,25742.7614295,25742.7614295,25742.7614295,25742.7614295,25742.7614295,25742.7614295,25742.7614295,25742.7614295,25742.7614295,25742.7614295,25742.7614295,25742.7614295,25742.7614295,25742.7614295,25742.7614295,25742.7614295,25742.7614295,25742.7614295,25742.7614295,25742.7614295,25742.7614295,25742.7614295,25742.7614295,25742.7614295,25742.7614295,25742.7614295,25742.7614295,25742.7614295,25742.7614295,25742.7614295,25742.7614295,25742.7614295,25742.7614295,25742.7614295,25742.7614295,25742.7614295,25742.7614295,25742.7614295,25742.7614295,25742.7614295,25742.7614295,25742.7614295,25742.7614295,25742.7614295,25742.7614295,25742.7614295,25742.7614295,25742.7614295,25742.7614295,25742.7614295,25742.7614295,25742.7614295,25742.7614295,25742.7614295,25742.7614295,25742.7614295,25742.7614295,25742.7614295,25742.7614295,25742.7614295,25742.7614295,25742.7614295,25742.7614295,25742.7614295,25742.7614295,25742.7614295,25742.7614295,25742.7614295,25742.7614295,25742.7614295,25742.7614295,25742.7614295,25742.7614295,25742.7614295,25742.7614295,25742.7614295,25742.7614295,25742.7614295,25742.7614295,25742.7614295,25742.7614295,25742.7614295,25742.7614295,25742.7614295,25742.7614295,25742.7614295,25742.7614295,25742.7614295,25742.7614295,25742.7614295,25742.7614295,25742.7614295,25742.7614295,25742.7614295,25742.7614295,25742.7614295,25742.7614295,25742.7614295,25742.7614295,25742.7614295,25742.7614295,25742.7614295,25742.7614295,25742.7614295,25742.7614295,25742.7614295,25742.7614295,25742.7614295,25742.7614295,25742.7614295,25742.7614295,25742.7614295,25742.7614295,25742.7614295,25742.7614295,25742.7614295,25742.7614295,25742.7614295,25742.7614295,25742.7614295,25742.7614295,25742.7614295,25742.7614295,25742.7614295,25742.7614295,25742.7614295,25742.7614295,25742.7614295,25742.7614295,25742.7614295,25742.7614295,25742.7614295,25742.7614295,25742.7614295,25742.7614295,25742.7614295,25742.7614295,25742.7614295,25742.7614295,25742.7614295,25742.7614295,25742.7614295,25742.7614295,25742.7614295,25742.7614295,25742.7614295,25742.7614295,25742.7614295,25742.7614295,25742.7614295,25742.7614295,25742.7614295,25742.7614295,25742.7614295,25742.7614295,25742.7614295,25742.7614295,25742.7614295,25742.7614295,25742.7614295,25742.7614295,25742.7614295,25742.7614295,25742.7614295,25742.7614295,25742.7614295,25742.7614295,25742.7614295,25742.7614295,25742.7614295,25742.7614295,25742.7614295,25742.7614295,25742.7614295,25742.7614295,25742.7614295,25742.7614295,25742.7614295,25742.7614295,25742.7614295,25742.7614295,25742.7614295,25742.7614295,25742.7614295,25742.7614295,25742.7614295,25742.7614295,25742.7614295,25742.7614295,25742.7614295,25742.7614295,25742.7614295,25742.7614295,25742.7614295,25742.7614295,25742.7614295,25742.7614295,25742.7614295,25742.7614295,25742.7614295,25742.7614295,25742.7614295,25742.7614295,25742.7614295,25742.7614295,25742.7614295,25742.7614295,25742.7614295,25742.7614295,25742.7614295,25742.7614295,25742.7614295,25742.7614295,25742.7614295,25742.7614295,25742.7614295,25742.7614295,25742.7614295,25742.7614295,25742.7614295,25742.7614295,25742.7614295,25742.7614295,25742.7614295,25742.7614295,25742.7614295,25742.7614295,25742.7614295,25742.7614295,25742.7614295,25742.7614295,25742.7614295,25742.7614295,25742.7614295,25742.7614295,25742.7614295,25742.7614295,25742.7614295,25742.7614295,25742.7614295,25742.7614295,25742.7614295,25742.7614295,25742.7614295,25742.7614295,25742.7614295,25742.7614295,25742.7614295,25742.7614295,25742.7614295,25742.7614295,25742.7614295,25742.7614295,25742.7614295,25742.7614295,25742.7614295,25742.7614295,25742.7614295,25742.7614295,25742.7614295,25742.7614295,25742.7614295,25742.7614295,25742.7614295,25742.7614295,25742.7614295,25742.7614295,25742.7614295,25742.7614295,25742.7614295,25742.7614295,25742.7614295,25742.7614295,25742.7614295,25742.7614295,25742.7614295,25742.7614295,25742.7614295,25742.7614295,25742.7614295,25742.7614295,25742.7614295,25742.7614295,25742.7614295,25742.7614295,25742.7614295,25742.7614295,25742.7614295,25742.7614295,25742.7614295,25742.7614295,25742.7614295,25742.7614295,25742.7614295,25742.7614295,25742.7614295,25742.7614295,25742.7614295,25742.7614295,25742.7614295,25742.7614295,25742.7614295,25742.7614295,25742.7614295,25742.7614295,25742.7614295,25742.7614295,25742.7614295,25742.7614295,25742.7614295,25742.7614295,25742.7614295,25742.7614295,25742.7614295,25742.7614295,25742.7614295,25742.7614295,25742.7614295,25742.7614295,25742.7614295,25742.7614295,25742.7614295,25742.7614295,25742.7614295,25742.7614295,25742.7614295,25742.7614295,25742.7614295,25742.7614295,25742.7614295,25742.7614295,25742.7614295,25742.7614295,25742.7614295,25742.7614295,25742.7614295,25742.7614295,25742.7614295,25742.7614295,25742.7614295,25742.7614295,25742.7614295,25742.7614295,25742.7614295,25742.7614295,25742.7614295,25742.7614295,25742.7614295,25742.7614295,25742.7614295,25742.7614295,25742.7614295,25742.7614295,25742.7614295,25742.7614295,25742.7614295,25742.7614295,25742.7614295,25742.7614295,25742.7614295,25742.7614295,25742.7614295,25742.7614295,25742.7614295,25742.7614295,25742.7614295,25742.7614295,25742.7614295,25742.7614295,25742.7614295,25742.7614295,25742.7614295,25742.7614295,25742.7614295,25742.7614295,25742.7614295,25742.7614295,25742.7614295,25742.7614295,25742.7614295,25742.7614295,25742.7614295,25742.7614295,25742.7614295,25742.7614295,25742.7614295,25742.7614295,25742.7614295,25742.7614295,25742.7614295,25742.7614295,25742.7614295,25742.7614295,25742.7614295,25742.7614295,25742.7614295,25742.7614295,25742.7614295,25742.7614295,25742.7614295,25742.7614295,25742.7614295,25742.7614295,25742.7614295,25742.7614295,25742.7614295,25742.7614295,25742.7614295,25742.7614295,25742.7614295,25742.7614295,25742.7614295,25742.7614295,25742.7614295,25742.7614295,25742.7614295,25742.7614295,25742.7614295,25742.7614295,25742.7614295,25742.7614295,25742.7614295,25742.7614295,25742.7614295,25742.7614295,25742.7614295,25742.7614295,25742.7614295,25742.7614295,25742.7614295,25742.7614295,25742.7614295,25742.7614295,25742.7614295,25742.7614295,25742.7614295,25742.7614295,25742.7614295,25742.7614295,25742.7614295,25742.7614295,25742.7614295,25742.7614295,25742.7614295,25742.7614295,25742.7614295,25742.7614295,25742.7614295,25742.7614295,25742.7614295,25742.7614295,25742.7614295,25742.7614295,25742.7614295,25742.7614295,25742.7614295,25742.7614295,25742.7614295,25742.7614295,25742.7614295,25742.7614295,25742.7614295,25742.7614295,25742.7614295,25742.7614295,25742.7614295,25742.7614295,25742.7614295,25742.7614295,25742.7614295,25742.7614295,25742.7614295,25742.7614295,25742.7614295,25742.7614295,25742.7614295,25742.7614295,25742.7614295,25742.7614295,25742.7614295,25742.7614295,25742.7614295,25742.7614295,25742.7614295,25742.7614295,25742.7614295,25742.7614295,25742.7614295,25742.7614295,25742.7614295,25742.7614295,25742.7614295,25742.7614295,25742.7614295,25742.7614295,25742.7614295,25742.7614295,25742.7614295,25742.7614295,25742.7614295,25742.7614295,25742.7614295,25742.7614295,25742.7614295,25742.7614295,25742.7614295,25742.7614295,25742.7614295,25742.7614295,25742.7614295,25742.7614295,25742.7614295,25742.7614295,25742.7614295,25742.7614295,25742.7614295,25742.7614295,25742.7614295,25742.7614295,25742.7614295,25742.7614295,25742.7614295,25742.7614295,25742.7614295,25742.7614295,25742.7614295,25742.7614295,25742.7614295,25742.7614295,25742.7614295,25742.7614295,25742.7614295,25742.7614295,25742.7614295,25742.7614295,25742.7614295,25742.7614295,25742.7614295,25742.7614295,25742.7614295,25742.7614295,25742.7614295,25742.7614295,25742.7614295,25742.7614295,25742.7614295,25742.7614295,25742.7614295,25742.7614295,25742.7614295,25742.7614295,25742.7614295,25742.7614295,25742.7614295,25742.7614295,25742.7614295,25742.7614295,25742.7614295,25742.7614295,25742.7614295,25742.7614295,25742.7614295,25742.7614295,25742.7614295,25742.7614295,25742.7614295,25742.7614295,25742.7614295,25742.7614295,25742.7614295,25742.7614295,25742.7614295,25742.7614295,25742.7614295,25742.7614295,25742.7614295,25742.7614295,25742.7614295,25742.7614295,25742.7614295,25742.7614295,25742.7614295,25742.7614295,25742.7614295,25742.7614295,25742.7614295,25742.7614295,25742.7614295,25742.7614295,25742.7614295,25742.7614295,25742.7614295,25742.7614295,25742.7614295,25742.7614295,25742.7614295,25742.7614295,25742.7614295,25742.7614295,25742.7614295,25742.7614295,25742.7614295,25742.7614295,25742.7614295,25742.7614295,25742.7614295,25742.7614295,25742.7614295,25742.7614295,25742.7614295,25742.7614295,25742.7614295,25742.7614295,25742.7614295,25742.7614295,25742.7614295,25742.7614295,25742.7614295,25742.7614295,25742.7614295,25742.7614295,25742.7614295,25742.7614295,25742.7614295,25742.7614295,25742.7614295,25742.7614295,25742.7614295,25742.7614295,25742.7614295,25742.7614295,25742.7614295,25742.7614295,25742.7614295,25742.7614295,25742.7614295,25742.7614295,25742.7614295,25742.7614295,25742.7614295,25742.7614295,25742.7614295,25742.7614295,25742.7614295,25742.7614295,25742.7614295,25742.7614295,25742.7614295,25742.7614295,25742.7614295,25742.7614295,25742.7614295,25742.7614295,25742.7614295,25742.7614295,25742.7614295,25742.7614295,25742.7614295,25742.7614295,25742.7614295,25742.7614295,25742.7614295,25742.7614295,25742.7614295,25742.7614295,25742.7614295,25742.7614295,25742.7614295,25742.7614295,25742.7614295,25742.7614295,25742.7614295,25742.7614295,25742.7614295,25742.7614295,25742.7614295,25742.7614295,25742.7614295,25742.7614295,25742.7614295,25742.7614295,25742.7614295,25742.7614295,25742.7614295,25742.7614295,25742.7614295,25742.7614295,25742.7614295,25742.7614295,25742.7614295,25742.7614295,25742.7614295,25742.7614295,25742.7614295,25742.7614295,25742.7614295,25742.7614295,25742.7614295,25742.7614295,25742.7614295,25742.7614295,25742.7614295,25742.7614295,25742.7614295,25742.7614295,25742.7614295,25742.7614295,25742.7614295,25742.7614295,25742.7614295,25742.7614295,25742.7614295,25742.7614295,25742.7614295,25742.7614295,25742.7614295,25742.7614295,25742.7614295,25742.7614295,25742.7614295,25742.7614295,25742.7614295,25742.7614295,25742.7614295,25742.7614295,25742.7614295,25742.7614295,25742.7614295,25742.7614295,25742.7614295,25742.7614295,25742.7614295,25742.7614295,25742.7614295,25742.7614295,25742.7614295,25742.7614295,25742.7614295,25742.7614295,25742.7614295,25742.7614295,25742.7614295,25742.7614295,25742.7614295,25742.7614295,25742.7614295,25742.7614295,25742.7614295,25742.7614295,25742.7614295,25742.7614295,25742.7614295,25742.7614295,25742.7614295,25742.7614295,25742.7614295,25742.7614295,25742.7614295,25742.7614295,25742.7614295,25742.7614295,25742.7614295,25742.7614295,25742.7614295,25742.7614295,25742.7614295,25742.7614295,25742.7614295,25742.7614295,25742.7614295,25742.7614295,25742.7614295,25742.7614295,25742.7614295,25742.7614295,25742.7614295,25742.7614295,25742.7614295,25742.7614295,25742.7614295,25742.7614295,25742.7614295,25742.7614295,25742.7614295,25742.7614295,25742.7614295,25742.7614295,25742.7614295,25742.7614295,25742.7614295,25742.7614295,25742.7614295,25742.7614295,25742.7614295,25742.7614295,25742.7614295,25742.7614295,25742.7614295,25742.7614295,25742.7614295,25742.7614295,25742.7614295,25742.7614295,25742.7614295,25742.7614295,25742.7614295,25742.7614295,25742.7614295,25742.7614295,25742.7614295,25742.7614295,25742.7614295,25742.7614295,25742.7614295,25742.7614295,25742.7614295,25742.7614295,25742.7614295,25742.7614295,25742.7614295,25742.7614295,25742.7614295,25742.7614295,25742.7614295,25742.7614295,25742.7614295,25742.7614295,25742.7614295,25742.7614295,25742.7614295,25742.7614295,25742.7614295,25742.7614295,25742.7614295,25742.7614295,25742.7614295,25742.7614295,25742.7614295,25742.7614295,25742.7614295,25742.7614295,25742.7614295,25742.7614295,25742.7614295,25742.7614295,25742.7614295,25742.7614295,25742.7614295,25742.7614295,25742.7614295,25742.7614295,25742.7614295,25742.7614295,25742.7614295,25742.7614295,25742.7614295,25742.7614295,25742.7614295,25742.7614295,25742.7614295,25742.7614295,25742.7614295,25742.7614295,25742.7614295,25742.7614295,25742.7614295,25742.7614295,25742.7614295,25742.7614295,25742.7614295,25742.7614295,25742.7614295,25742.7614295,25742.7614295,25742.7614295,25742.7614295,25742.7614295,25742.7614295,25742.7614295,25742.7614295,25742.7614295,25742.7614295,25742.7614295,25742.7614295,25742.7614295,25742.7614295,25742.7614295,25742.7614295,25742.7614295,25742.7614295,25742.7614295,25742.7614295,25742.7614295,25742.7614295,25742.7614295,25742.7614295,25742.7614295,25742.7614295,25742.7614295,25742.7614295,25742.7614295,25742.7614295,25742.7614295,25742.7614295,25742.7614295,25742.7614295,25742.7614295,25742.7614295,25742.7614295,25742.7614295,25742.7614295,25742.7614295,25742.7614295,25742.7614295,25742.7614295,25742.7614295,25742.7614295,25742.7614295,25742.7614295,25742.7614295,25742.7614295,25742.7614295,25742.7614295,25742.7614295,25742.7614295,25742.7614295,25742.7614295,25742.7614295,25742.7614295,25742.7614295,25742.7614295,25742.7614295,25742.7614295,25742.7614295,25742.7614295,25742.7614295,25742.7614295,25742.7614295,25742.7614295,25742.7614295,25742.7614295,25742.7614295,25742.7614295,25742.7614295,25742.7614295,25742.7614295,25742.7614295,25742.7614295,25742.7614295,25742.7614295,25742.7614295,25742.7614295,25742.7614295,25742.7614295,25742.7614295,25742.7614295,25742.7614295,25742.7614295,25742.7614295,25742.7614295,25742.7614295,25742.7614295,25742.7614295,25742.7614295,25742.7614295,25742.7614295,25742.7614295,25742.7614295,25742.7614295,25742.7614295,25742.7614295,25742.7614295,25742.7614295,25742.7614295,25742.7614295,25742.7614295,25742.7614295,25742.7614295,25742.7614295,25742.7614295,25742.7614295,25742.7614295,25742.7614295,25742.7614295,25742.7614295,25742.7614295,25742.7614295,25742.7614295,25742.7614295,25742.7614295,25742.7614295,25742.7614295,25742.7614295,25742.7614295,25742.7614295,25742.7614295,25742.7614295,25742.7614295,25742.7614295,25742.7614295,25742.7614295,25742.7614295,25742.7614295,25742.7614295,25742.7614295,25742.7614295,25742.7614295,25742.7614295,25742.7614295,25742.7614295,25742.7614295,25742.7614295,25742.7614295,25742.7614295,25742.7614295,25742.7614295,25742.7614295,25742.7614295,25742.7614295,25742.7614295,25742.7614295,25742.7614295,25742.7614295,25742.7614295,25742.7614295,25742.7614295,25742.7614295,25742.7614295,25742.7614295,25742.7614295,25742.7614295,25742.7614295,25742.7614295,25742.7614295,25742.7614295,25742.7614295,25742.7614295,25742.7614295,25742.7614295,25742.7614295,25742.7614295,25742.7614295,25742.7614295,25742.7614295,25742.7614295,25742.7614295,25742.7614295,25742.7614295,25742.7614295,25742.7614295,25742.7614295,25742.7614295,25742.7614295,25742.7614295,25742.7614295,25742.7614295,25742.7614295,25742.7614295,25742.7614295,25742.7614295,25742.7614295,25742.7614295,25742.7614295,25742.7614295,25742.7614295,25742.7614295,25742.7614295,25742.7614295,25742.7614295,25742.7614295,25742.7614295,25742.7614295,25742.7614295,25742.7614295,25742.7614295,25742.7614295,25742.7614295,25742.7614295,25742.7614295,25742.7614295,25742.7614295,25742.7614295,25742.7614295,25742.7614295,25742.7614295,25742.7614295,25742.7614295,25742.7614295,25742.7614295,25742.7614295,25742.7614295,25742.7614295,25742.7614295,25742.7614295,25742.7614295,25742.7614295,25742.7614295,25742.7614295,25742.7614295,25742.7614295,25742.7614295,25742.7614295,25742.7614295,25742.7614295,25742.7614295,25742.7614295,25742.7614295,25742.7614295,25742.7614295,25742.7614295,25742.7614295,25742.7614295,25742.7614295,25742.7614295,25742.7614295,25742.7614295,25742.7614295,25742.7614295,25742.7614295,25742.7614295,25742.7614295,25742.7614295,25742.7614295,25742.7614295,25742.7614295,25742.7614295,25742.7614295,25742.7614295,25742.7614295,25742.7614295,25742.7614295,25742.7614295,25742.7614295,25742.7614295,25742.7614295,25742.7614295,25742.7614295,25742.7614295,25742.7614295,25742.7614295,25742.7614295,25742.7614295,25742.7614295,25742.7614295,25742.7614295,25742.7614295,25742.7614295,25742.7614295,25742.7614295,25742.7614295,25742.7614295,25742.7614295,25742.7614295,25742.7614295,25742.7614295,25742.7614295,25742.7614295,25742.7614295,25742.7614295,25742.7614295,25742.7614295,25742.7614295,25742.7614295,25742.7614295,25742.7614295,25742.7614295,25742.7614295,25742.7614295,25742.7614295,25742.7614295,25742.7614295,25742.7614295,25742.7614295,25742.7614295,25742.7614295,25742.7614295,25742.7614295,25742.7614295,25742.7614295,25742.7614295,25742.7614295,25742.7614295,25742.7614295,25742.7614295,25742.7614295,25742.7614295,25742.7614295,25742.7614295,25742.7614295,25742.7614295,25742.7614295,25742.7614295,25742.7614295,25742.7614295,25742.7614295,25742.7614295,25742.7614295,25742.7614295,25742.7614295,25742.7614295,25742.7614295,25742.7614295,25742.7614295,25742.7614295,25742.7614295,25742.7614295,25742.7614295,25742.7614295,25742.7614295,25742.7614295,25742.7614295,25742.7614295,25742.7614295,25742.7614295,25742.7614295,25742.7614295,25742.7614295,25742.7614295,25742.7614295,25742.7614295,25742.7614295,25742.7614295,25742.7614295,25742.7614295,25742.7614295,25742.7614295,25742.7614295,25742.7614295,25742.7614295,25742.7614295,25742.7614295,25742.7614295,25742.7614295,25742.7614295,25742.7614295,25742.7614295,25742.7614295,25742.7614295,25742.7614295,25742.7614295,25742.7614295,25742.7614295,25742.7614295,25742.7614295,25742.7614295,25742.7614295,25742.7614295,25742.7614295,25742.7614295,25742.7614295,25742.7614295,25742.7614295,25742.7614295,25742.7614295,25742.7614295,25742.7614295,25742.7614295,25742.7614295,25742.7614295,25742.7614295,25742.7614295,25742.7614295,25742.7614295,25742.7614295,25742.7614295,25742.7614295,25742.7614295,25742.7614295,25742.7614295,25742.7614295,25742.7614295,25742.7614295,25742.7614295,25742.7614295,25742.7614295,25742.7614295,25742.7614295,25742.7614295,25742.7614295,25742.7614295,25742.7614295,25742.7614295,25742.7614295,25742.7614295,25742.7614295,25742.7614295,25742.7614295,25742.7614295,25742.7614295,25742.7614295,25742.7614295,25742.7614295,25742.7614295,25742.7614295,25742.7614295,25742.7614295,25742.7614295,25742.7614295,25742.7614295,25742.7614295,25742.7614295,25742.7614295,25742.7614295,25742.7614295,25742.7614295,25742.7614295,25742.7614295,25742.7614295,25742.7614295,25742.7614295,25742.7614295,25742.7614295,25742.7614295,25742.7614295,25742.7614295,25742.7614295,25742.7614295,25742.7614295,25742.7614295,25742.7614295,25742.7614295,25742.7614295,25742.7614295,25742.7614295,25742.7614295,25742.7614295,25742.7614295,25742.7614295,25742.7614295,25742.7614295,25742.7614295,25742.7614295,25742.7614295,25742.7614295,25742.7614295,25742.7614295,25742.7614295,25742.7614295,25742.7614295,25742.7614295,25742.7614295,25742.7614295,25742.7614295,25742.7614295,25742.7614295,25742.7614295,25742.7614295,25742.7614295,25742.7614295,25742.7614295,25742.7614295,25742.7614295,25742.7614295,25742.7614295,25742.7614295,25742.7614295,25742.7614295,25742.7614295,25742.7614295,25742.7614295,25742.7614295,25742.7614295,25742.7614295,25742.7614295,25742.7614295,25742.7614295,25742.7614295,25742.7614295,25742.7614295,25742.7614295,25742.7614295,25742.7614295,25742.7614295,25742.7614295,25742.7614295,25742.7614295,25742.7614295,25742.7614295,25742.7614295,25742.7614295,25742.7614295,25742.7614295,25742.7614295,25742.7614295,25742.7614295,25742.7614295,25742.7614295,25742.7614295,25742.7614295,25742.7614295,25742.7614295,25742.7614295,25742.7614295,25742.7614295,25742.7614295,25742.7614295,25742.7614295,25742.7614295,25742.7614295,25742.7614295,25742.7614295,25742.7614295,25742.7614295,25742.7614295,25742.7614295,25742.7614295,25742.7614295,25742.7614295,25742.7614295,25742.7614295,25742.7614295,25742.7614295,25742.7614295,25742.7614295,25742.7614295,25742.7614295,25742.7614295,25742.7614295,25742.7614295,25742.7614295,25742.7614295,25742.7614295,25742.7614295,25742.7614295,25742.7614295,25742.7614295,25742.7614295,25742.7614295,25742.7614295,25742.7614295,25742.7614295,25742.7614295,25742.7614295,25742.7614295,25742.7614295,25742.7614295,25742.7614295,25742.7614295,25742.7614295,25742.7614295,25742.7614295,25742.7614295,25742.7614295,25742.7614295,25742.7614295,25742.7614295,25742.7614295,25742.7614295,25742.7614295,25742.7614295,25742.7614295,25742.7614295,25742.7614295,25742.7614295,25742.7614295,25742.7614295,25742.7614295,25742.7614295,25742.7614295,25742.7614295,25742.7614295,25742.7614295,25742.7614295,25742.7614295,25742.7614295,25742.7614295,25742.7614295,25742.7614295,25742.7614295,25742.7614295,25742.7614295,25742.7614295,25742.7614295,25742.7614295,25742.7614295,25742.7614295,25742.7614295,25742.7614295,25742.7614295,25742.7614295,25742.7614295,25742.7614295,25742.7614295,25742.7614295,25742.7614295,25742.7614295,25742.7614295,25742.7614295,25742.7614295,25742.7614295,25742.7614295,25742.7614295,25742.7614295,25742.7614295,25742.7614295,25742.7614295,25742.7614295,25742.7614295,25742.7614295,25742.7614295,25742.7614295,25742.7614295,25742.7614295,25742.7614295,25742.7614295,25742.7614295,25742.7614295,25742.7614295,25742.7614295,25742.7614295,25742.7614295,25742.7614295,25742.7614295,25742.7614295,25742.7614295,25742.7614295,25742.7614295,25742.7614295,25742.7614295,25742.7614295,25742.7614295,25742.7614295,25742.7614295,25742.7614295,25742.7614295,25742.7614295,25742.7614295,25742.7614295,25742.7614295,25742.7614295,25742.7614295,25742.7614295,25742.7614295,25742.7614295,25742.7614295,25742.7614295,25742.7614295,25742.7614295,25742.7614295,25742.7614295,25742.7614295,25742.7614295,25742.7614295,25742.7614295,25742.7614295,25742.7614295,25742.7614295,25742.7614295,25742.7614295,25742.7614295,25742.7614295,25742.7614295,25742.7614295,25742.7614295,25742.7614295,25742.7614295,25742.7614295,25742.7614295,25742.7614295,25742.7614295,25742.7614295,25742.7614295,25742.7614295,25742.7614295,25742.7614295,25742.7614295,25742.7614295,25742.7614295,25742.7614295,25742.7614295,25742.7614295,25742.7614295,25742.7614295,25742.7614295,25742.7614295,25742.7614295,25742.7614295,25742.7614295,25742.7614295,25742.7614295,25742.7614295,25742.7614295,25742.7614295,25742.7614295,25742.7614295,25742.7614295,25742.7614295,25742.7614295,25742.7614295,25742.7614295,25742.7614295,25742.7614295,25742.7614295,25742.7614295,25742.7614295,25742.7614295,25742.7614295,25742.7614295,25742.7614295,25742.7614295,25742.7614295,25742.7614295,25742.7614295,25742.7614295,25742.7614295,25742.7614295,25742.7614295,25742.7614295,25742.7614295,25742.7614295,25742.7614295,25742.7614295,25742.7614295,25742.7614295,25742.7614295,25742.7614295,25742.7614295,25742.7614295,25742.7614295,25742.7614295,25742.7614295,25742.7614295,25742.7614295,25742.7614295,25742.7614295,25742.7614295,25742.7614295,25742.7614295,25742.7614295,25742.7614295,25742.7614295,25742.7614295,25742.7614295,25742.7614295,25742.7614295,25742.7614295,25742.7614295,25742.7614295,25742.7614295,25742.7614295,25742.7614295,25742.7614295,25742.7614295,25742.7614295,25742.7614295,25742.7614295,25742.7614295,25742.7614295,25742.7614295,25742.7614295,25742.7614295,25742.7614295,25742.7614295,25742.7614295,25742.7614295,25742.7614295,25742.7614295,25742.7614295,25742.7614295,25742.7614295,25742.7614295,25742.7614295,25742.7614295,25742.7614295,25742.7614295,25742.7614295,25742.7614295,25742.7614295,25742.7614295,25742.7614295,25742.7614295,25742.7614295,25742.7614295,25742.7614295,25742.7614295,25742.7614295,25742.7614295,25742.7614295,25742.7614295,25742.7614295,25742.7614295,25742.7614295,25742.7614295,25742.7614295,25742.7614295,25742.7614295,25742.7614295,25742.7614295,25742.7614295,25742.7614295,25742.7614295,25742.7614295,25742.7614295,25742.7614295,25742.7614295,25742.7614295,25742.7614295,25742.7614295,25742.7614295,25742.7614295,25742.7614295,25742.7614295,25742.7614295,25742.7614295,25742.7614295,25742.7614295,25742.7614295,25742.7614295,25742.7614295,25742.7614295,25742.7614295,25742.7614295,25742.7614295,25742.7614295,25742.7614295,25742.7614295,25742.7614295,25742.7614295,25742.7614295,25742.7614295,25742.7614295,25742.7614295,25742.7614295,25742.7614295,25742.7614295,25742.7614295,25742.7614295,25742.7614295,25742.7614295,25742.7614295,25742.7614295,25742.7614295,25742.7614295,25742.7614295,25742.7614295,25742.7614295,25742.7614295,25742.7614295,25742.7614295,25742.7614295,25742.7614295,25742.7614295,25742.7614295,25742.7614295,25742.7614295,25742.7614295,25742.7614295,25742.7614295,25742.7614295,25742.7614295,25742.7614295,25742.7614295,25742.7614295,25742.7614295,25742.7614295,25742.7614295,25742.7614295,25742.7614295,25742.7614295,25742.7614295,25742.7614295,25742.7614295,25742.7614295,25742.7614295,25742.7614295,25742.7614295,25742.7614295,25742.7614295,25742.7614295,25742.7614295,25742.7614295,25742.7614295,25742.7614295,25742.7614295,25742.7614295,25742.7614295,25742.7614295,25742.7614295,25742.7614295,25742.7614295,25742.7614295,25742.7614295,25742.7614295,25742.7614295,25742.7614295,25742.7614295,25742.7614295,25742.7614295,25742.7614295,25742.7614295,25742.7614295,25742.7614295,25742.7614295,25742.7614295,25742.7614295,25742.7614295,25742.7614295,25742.7614295,25742.7614295,25742.7614295,25742.7614295,25742.7614295,25742.7614295,25742.7614295,25742.7614295,25742.7614295,25742.7614295,25742.7614295,25742.7614295,25742.7614295,25742.7614295,25742.7614295,25742.7614295,25742.7614295,25742.7614295,25742.7614295,25742.7614295,25742.7614295,25742.7614295,25742.7614295,25742.7614295,25742.7614295,25742.7614295,25742.7614295,25742.7614295,25742.7614295,25742.7614295,25742.7614295,25742.7614295,25742.7614295,25742.7614295,25742.7614295,25742.7614295,25742.7614295,25742.7614295,25742.7614295,25742.7614295,25742.7614295,25742.7614295,25742.7614295,25742.7614295,25742.7614295,25742.7614295,25742.7614295,25742.7614295,25742.7614295,25742.7614295,25742.7614295,25742.7614295,25742.7614295,25742.7614295,25742.7614295,25742.7614295,25742.7614295,25742.7614295,25742.7614295,25742.7614295,25742.7614295,25742.7614295,25742.7614295,25742.7614295,25742.7614295,25742.7614295,25742.7614295,25742.7614295,25742.7614295,25742.7614295,25742.7614295,25742.7614295,25742.7614295,25742.7614295,25742.7614295,25742.7614295,25742.7614295,25742.7614295,25742.7614295,25742.7614295,25742.7614295,25742.7614295,25742.7614295,25742.7614295,25742.7614295,25742.7614295,25742.7614295,25742.7614295,25742.7614295,25742.7614295,25742.7614295,25742.7614295,25742.7614295,25742.7614295,25742.7614295,25742.7614295,25742.7614295,25742.7614295,25742.7614295,25742.7614295,25742.7614295,25742.7614295,25742.7614295,25742.7614295,25742.7614295,25742.7614295,25742.7614295,25742.7614295,25742.7614295,25742.7614295,25742.7614295,25742.7614295,25742.7614295,25742.7614295,25742.7614295,25742.7614295,25742.7614295,25742.7614295,25742.7614295,25742.7614295,25742.7614295,25742.7614295,25742.7614295,25742.7614295,25742.7614295,25742.7614295,25742.7614295,25742.7614295,25742.7614295,25742.7614295,25742.7614295,25742.7614295,25742.7614295,25742.7614295,25742.7614295,25742.7614295,25742.7614295,25742.7614295,25742.7614295,25742.7614295,25742.7614295,25742.7614295,25742.7614295,25742.7614295,25742.7614295,25742.7614295,25742.7614295,25742.7614295,25742.7614295,25742.7614295,25742.7614295,25742.7614295,25742.7614295,25742.7614295,25742.7614295,25742.7614295,25742.7614295,25742.7614295,25742.7614295,25742.7614295,25742.7614295,25742.7614295,25742.7614295,25742.7614295,25742.7614295,25742.7614295,25742.7614295,25742.7614295,25742.7614295,25742.7614295,25742.7614295,25742.7614295,25742.7614295,25742.7614295,25742.7614295,25742.7614295,25742.7614295,25742.7614295,25742.7614295,25742.7614295,25742.7614295,25742.7614295,25742.7614295,25742.7614295,25742.7614295,25742.7614295,25742.7614295,25742.7614295,25742.7614295,25742.7614295,25742.7614295,25742.7614295,25742.7614295,25742.7614295,25742.7614295,25742.7614295,25742.7614295,25742.7614295,25742.7614295,25742.7614295,25742.7614295,25742.7614295,25742.7614295,25742.7614295,25742.7614295,25742.7614295,25742.7614295,25742.7614295,25742.7614295,25742.7614295,25742.7614295,25742.7614295,25742.7614295,25742.7614295,25742.7614295,25742.7614295,25742.7614295,25742.7614295,25742.7614295,25742.7614295,25742.7614295,25742.7614295,25742.7614295,25742.7614295,25742.7614295,25742.7614295,25742.7614295,25742.7614295,25742.7614295,25742.7614295,25742.7614295,25742.7614295,25742.7614295,25742.7614295,25742.7614295,25742.7614295,25742.7614295,25742.7614295,25742.7614295,25742.7614295,25742.7614295,25742.7614295,25742.7614295,25742.7614295,25742.7614295,25742.7614295,25742.7614295,25742.7614295,25742.7614295,25742.7614295,25742.7614295,25742.7614295,25742.7614295,25742.7614295,25742.7614295,25742.7614295,25742.7614295,25742.7614295,25742.7614295,25742.7614295,25742.7614295,25742.7614295,25742.7614295,25742.7614295,25742.7614295,25742.7614295,25742.7614295,25742.7614295,25742.7614295,25742.7614295,25742.7614295,25742.7614295,25742.7614295,25742.7614295,25742.7614295,25742.7614295,25742.7614295,25742.7614295,25742.7614295,25742.7614295,25742.7614295,25742.7614295,25742.7614295,25742.7614295,25742.7614295,25742.7614295,25742.7614295,25742.7614295,25742.7614295,25742.7614295,25742.7614295,25742.7614295,25742.7614295,25742.7614295,25742.7614295,25742.7614295,25742.7614295,25742.7614295,25742.7614295,25742.7614295,25742.7614295,25742.7614295,25742.7614295,25742.7614295,25742.7614295,25742.7614295,25742.7614295,25742.7614295,25742.7614295,25742.7614295,25742.7614295,25742.7614295,25742.7614295,25742.7614295,25742.7614295,25742.7614295,25742.7614295,25742.7614295,25742.7614295,25742.7614295,25742.7614295,25742.7614295,25742.7614295,25742.7614295,25742.7614295,25742.7614295,25742.7614295,25742.7614295,25742.7614295,25742.7614295,25742.7614295,25742.7614295,25742.7614295,25742.7614295,25742.7614295,25742.7614295,25742.7614295,25742.7614295,25742.7614295,25742.7614295,25742.7614295,25742.7614295,25742.7614295,25742.7614295,25742.7614295,25742.7614295,25742.7614295,25742.7614295,25742.7614295,25742.7614295,25742.7614295,25742.7614295,25742.7614295,25742.7614295,25742.7614295,25742.7614295,25742.7614295,25742.7614295,25742.7614295,25742.7614295,25742.7614295,25742.7614295,25742.7614295,25742.7614295,25742.7614295,25742.7614295,25742.7614295,25742.7614295,25742.7614295,25742.7614295,25742.7614295,25742.7614295,25742.7614295,25742.7614295,25742.7614295,25742.7614295,25742.7614295,25742.7614295,25742.7614295,25742.7614295,25742.7614295,25742.7614295,25742.7614295,25742.7614295,25742.7614295,25742.7614295,25742.7614295,25742.7614295,25742.7614295,25742.7614295,25742.7614295,25742.7614295,25742.7614295,25742.7614295,25742.7614295,25742.7614295,25742.7614295,25742.7614295,25742.7614295,25742.7614295,25742.7614295,25742.7614295,25742.7614295,25742.7614295,25742.7614295,25742.7614295,25742.7614295,25742.7614295,25742.7614295,25742.7614295,25742.7614295,25742.7614295,25742.7614295,25742.7614295,25742.7614295,25742.7614295,25742.7614295,25742.7614295,25742.7614295,25742.7614295,25742.7614295,25742.7614295,25742.7614295,25742.7614295,25742.7614295,25742.7614295,25742.7614295,25742.7614295,25742.7614295,25742.7614295,25742.7614295,25742.7614295,25742.7614295,25742.7614295,25742.7614295,25742.7614295,25742.7614295,25742.7614295,25742.7614295,25742.7614295,25742.7614295,25742.7614295,25742.7614295,25742.7614295,25742.7614295,25742.7614295,25742.7614295,25742.7614295,25742.7614295,25742.7614295,25742.7614295,25742.7614295,25742.7614295,25742.7614295,25742.7614295,25742.7614295,25742.7614295,25742.7614295,25742.7614295,25742.7614295,25742.7614295,25742.7614295,25742.7614295,25742.7614295,25742.7614295,25742.7614295,25742.7614295,25742.7614295,25742.7614295,25742.7614295,25742.7614295,25742.7614295,25742.7614295,25742.7614295,25742.7614295,25742.7614295,25742.7614295,25742.7614295,25742.7614295,25742.7614295,25742.7614295,25742.7614295,25742.7614295,25742.7614295,25742.7614295,25742.7614295,25742.7614295,25742.7614295,25742.7614295,25742.7614295,25742.7614295,25742.7614295,25742.7614295,25742.7614295,25742.7614295,25742.7614295,25742.7614295,25742.7614295,25742.7614295,25742.7614295,25742.7614295,25742.7614295,25742.7614295,25742.7614295,25742.7614295,25742.7614295,25742.7614295,25742.7614295,25742.7614295,25742.7614295,25742.7614295,25742.7614295,25742.7614295,25742.7614295,25742.7614295,25742.7614295,25742.7614295,25742.7614295,25742.7614295,25742.7614295,25742.7614295,25742.7614295,25742.7614295,25742.7614295,25742.7614295,25742.7614295,25742.7614295,25742.7614295,25742.7614295,25742.7614295,25742.7614295,25742.7614295,25742.7614295,25742.7614295,25742.7614295,25742.7614295,25742.7614295,25742.7614295,25742.7614295,25742.7614295,25742.7614295,25742.7614295,25742.7614295,25742.7614295,25742.7614295,25742.7614295,25742.7614295,25742.7614295,25742.7614295,25742.7614295,25742.7614295,25742.7614295,25742.7614295,25742.7614295,25742.7614295,25742.7614295,25742.7614295,25742.7614295,25742.7614295,25742.7614295,25742.7614295,25742.7614295,25742.7614295,25742.7614295,25742.7614295,25742.7614295,25742.7614295,25742.7614295,25742.7614295,25742.7614295,25742.7614295,25742.7614295,25742.7614295,25742.7614295,25742.7614295,25742.7614295,25742.7614295,25742.7614295,25742.7614295,25742.7614295,25742.7614295,25742.7614295,25742.7614295,25742.7614295,25742.7614295,25742.7614295,25742.7614295,25742.7614295,25742.7614295,25742.7614295,25742.7614295,25742.7614295,25742.7614295,25742.7614295,25742.7614295,25742.7614295,25742.7614295,25742.7614295,25742.7614295,25742.7614295,25742.7614295,25742.7614295,25742.7614295,25742.7614295,25742.7614295,25742.7614295,25742.7614295,25742.7614295,25742.7614295,25742.7614295,25742.7614295,25742.7614295,25742.7614295,25742.7614295,25742.7614295,25742.7614295,25742.7614295,25742.7614295,25742.7614295,25742.7614295,25742.7614295,25742.7614295,25742.7614295,25742.7614295,25742.7614295,25742.7614295,25742.7614295,25742.7614295,25742.7614295,25742.7614295,25742.7614295,25742.7614295,25742.7614295,25742.7614295,25742.7614295,25742.7614295,25742.7614295,25742.7614295,25742.7614295,25742.7614295,25742.7614295,25742.7614295,25742.7614295,25742.7614295,25742.7614295,25742.7614295,25742.7614295,25742.7614295,25742.7614295,25742.7614295,25742.7614295,25742.7614295,25742.7614295,25742.7614295,25742.7614295,25742.7614295,25742.7614295,25742.7614295,25742.7614295,25742.7614295,25742.7614295,25742.7614295,25742.7614295,25742.7614295,25742.7614295,25742.7614295,25742.7614295,25742.7614295,25742.7614295,25742.7614295,25742.7614295,25742.7614295,25742.7614295,25742.7614295,25742.7614295,25742.7614295,25742.7614295,25742.7614295,25742.7614295,25742.7614295,25742.7614295,25742.7614295,25742.7614295,25742.7614295,25742.7614295,25742.7614295,25742.7614295,25742.7614295,25742.7614295,25742.7614295,25742.7614295,25742.7614295,25742.7614295,25742.7614295,25742.7614295,25742.7614295,25742.7614295,25742.7614295,25742.7614295,25742.7614295,25742.7614295,25742.7614295,25742.7614295,25742.7614295,25742.7614295,25742.7614295,25742.7614295,25742.7614295,25742.7614295,25742.7614295,25742.7614295,25742.7614295,25742.7614295,25742.7614295,25742.7614295,25742.7614295,25742.7614295,25742.7614295,25742.7614295,25742.7614295,25742.7614295,25742.7614295,25742.7614295,25742.7614295,25742.7614295,25742.7614295,25742.7614295,25742.7614295,25742.7614295,25742.7614295,25742.7614295,25742.7614295,25742.7614295,25742.7614295,25742.7614295,25742.7614295,25742.7614295,25742.7614295,25742.7614295,25742.7614295,25742.7614295,25742.7614295,25742.7614295,25742.7614295,25742.7614295,25742.7614295,25742.7614295,25742.7614295,25742.7614295,25742.7614295,25742.7614295,25742.7614295,25742.7614295,25742.7614295,25742.7614295,25742.7614295,25742.7614295,25742.7614295,25742.7614295,25742.7614295,25742.7614295,25742.7614295,25742.7614295,25742.7614295,25742.7614295,25742.7614295,25742.7614295,25742.7614295,25742.7614295,25742.7614295,25742.7614295,25742.7614295,25742.7614295,25742.7614295,25742.7614295,25742.7614295,25742.7614295,25742.7614295,25742.7614295,25742.7614295,25742.7614295,25742.7614295,25742.7614295,25742.7614295,25742.7614295,25742.7614295,25742.7614295,25742.7614295,25742.7614295,25742.7614295,25742.7614295,25742.7614295,25742.7614295,25742.7614295,25742.7614295,25742.7614295,25742.7614295,25742.7614295,25742.7614295,25742.7614295,25742.7614295,25742.7614295,25742.7614295,25742.7614295,25742.7614295,25742.7614295,25742.7614295,25742.7614295,25742.7614295,25742.7614295,25742.7614295,25742.7614295,25742.7614295,25742.7614295,25742.7614295,25742.7614295,25742.7614295,25742.7614295,25742.7614295,25742.7614295,25742.7614295,25742.7614295,25742.7614295,25742.7614295,25742.7614295,25742.7614295,25742.7614295,25742.7614295,25742.7614295,25742.7614295,25742.7614295,25742.7614295,25742.7614295,25742.7614295,25742.7614295,25742.7614295,25742.7614295,25742.7614295,25742.7614295,25742.7614295,25742.7614295,25742.7614295,25742.7614295,25742.7614295,25742.7614295,25742.7614295,25742.7614295,25742.7614295,25742.7614295,25742.7614295,25742.7614295,25742.7614295,25742.7614295,25742.7614295,25742.7614295,25742.7614295,25742.7614295,25742.7614295,25742.7614295,25742.7614295,25742.7614295,25742.7614295,25742.7614295,25742.7614295,25742.7614295,25742.7614295,25742.7614295,25742.7614295,25742.7614295,25742.7614295,25742.7614295,25742.7614295,25742.7614295,25742.7614295,25742.7614295,25742.7614295,25742.7614295,25742.7614295,25742.7614295,25742.7614295,25742.7614295,25742.7614295,25742.7614295,25742.7614295,25742.7614295,25742.7614295,25742.7614295,25742.7614295,25742.7614295,25742.7614295,25742.7614295,25742.7614295,25742.7614295,25742.7614295,25742.7614295,25742.7614295,25742.7614295,25742.7614295,25742.7614295,25742.7614295,25742.7614295,25742.7614295,25742.7614295,25742.7614295,25742.7614295,25742.7614295,25742.7614295,25742.7614295,25742.7614295,25742.7614295,25742.7614295,25742.7614295,25742.7614295,25742.7614295,25742.7614295,25742.7614295,25742.7614295,25742.7614295,25742.7614295,25742.7614295,25742.7614295,25742.7614295,25742.7614295,25742.7614295,25742.7614295,25742.7614295,25742.7614295,25742.7614295,25742.7614295,25742.7614295,25742.7614295,25742.7614295,25742.7614295,25742.7614295,25742.7614295,25742.7614295,25742.7614295,25742.7614295,25742.7614295,25742.7614295,25742.7614295,25742.7614295,25742.7614295,25742.7614295,25742.7614295,25742.7614295,25742.7614295,25742.7614295,25742.7614295,25742.7614295,25742.7614295,25742.7614295,25742.7614295,25742.7614295,25742.7614295,25742.7614295,25742.7614295,25742.7614295,25742.7614295,25742.7614295,25742.7614295,25742.7614295,25742.7614295,25742.7614295,25742.7614295,25742.7614295,25742.7614295,25742.7614295,25742.7614295,25742.7614295,25742.7614295,25742.7614295,25742.7614295,25742.7614295,25742.7614295,25742.7614295,25742.7614295,25742.7614295,25742.7614295,25742.7614295,25742.7614295,25742.7614295,25742.7614295,25742.7614295,25742.7614295,25742.7614295,25742.7614295,25742.7614295,25742.7614295,25742.7614295,25742.7614295,25742.7614295,25742.7614295,25742.7614295,25742.7614295,25742.7614295,25742.7614295,25742.7614295,25742.7614295,25742.7614295,25742.7614295,25742.7614295,25742.7614295,25742.7614295,25742.7614295,25742.7614295,25742.7614295,25742.7614295,25742.7614295,25742.7614295,25742.7614295,25742.7614295,25742.7614295,25742.7614295,25742.7614295,25742.7614295,25742.7614295,25742.7614295,25742.7614295,25742.7614295,25742.7614295,25742.7614295,25742.7614295,25742.7614295,25742.7614295,25742.7614295,25742.7614295,25742.7614295,25742.7614295,25742.7614295,25742.7614295,25742.7614295,25742.7614295,25742.7614295,25742.7614295,25742.7614295,25742.7614295,25742.7614295,25742.7614295,25742.7614295,25742.7614295,25742.7614295,25742.7614295,25742.7614295,25742.7614295,25742.7614295,25742.7614295,25742.7614295,25742.7614295,25742.7614295,25742.7614295,25742.7614295,25742.7614295,25742.7614295,25742.7614295,25742.7614295,25742.7614295,25742.7614295,25742.7614295,25742.7614295,25742.7614295,25742.7614295,25742.7614295,25742.7614295,25742.7614295,25742.7614295,25742.7614295,25742.7614295,25742.7614295,25742.7614295,25742.7614295,25742.7614295,25742.7614295,25742.7614295,25742.7614295,25742.7614295,25742.7614295,25742.7614295,25742.7614295,25742.7614295,25742.7614295,25742.7614295,25742.7614295,25742.7614295,25742.7614295,25742.7614295,25742.7614295,25742.7614295,25742.7614295,25742.7614295,25742.7614295,25742.7614295,25742.7614295,25742.7614295,25742.7614295,25742.7614295,25742.7614295,25742.7614295,25742.7614295,25742.7614295,25742.7614295,25742.7614295,25742.7614295,25742.7614295,25742.7614295,25742.7614295,25742.7614295,25742.7614295,25742.7614295,25742.7614295,25742.7614295,25742.7614295,25742.7614295,25742.7614295,25742.7614295,25742.7614295,25742.7614295,25742.7614295,25742.7614295,25742.7614295,25742.7614295,25742.7614295,25742.7614295,25742.7614295,25742.7614295,25742.7614295,25742.7614295,25742.7614295,25742.7614295,25742.7614295,25742.7614295,25742.7614295,25742.7614295,25742.7614295,25742.7614295,25742.7614295,25742.7614295,25742.7614295,25742.7614295,25742.7614295,25742.7614295,25742.7614295,25742.7614295,25742.7614295,25742.7614295,25742.7614295,25742.7614295,25742.7614295,25742.7614295,25742.7614295,25742.7614295,25742.7614295,25742.7614295,25742.7614295,25742.7614295,25742.7614295,25742.7614295,25742.7614295,25742.7614295,25742.7614295,25742.7614295,25742.7614295,25742.7614295,25742.7614295,25742.7614295,25742.7614295,25742.7614295,25742.7614295,25742.7614295,25742.7614295,25742.7614295,25742.7614295,25742.7614295,25742.7614295,25742.7614295,25742.7614295,25742.7614295,25742.7614295,25742.7614295,25742.7614295,25742.7614295,25742.7614295,25742.7614295,25742.7614295,25742.7614295,25742.7614295,25742.7614295,25742.7614295,25742.7614295,25742.7614295,25742.7614295,25742.7614295,25742.7614295,25742.7614295,25742.7614295,25742.7614295,25742.7614295,25742.7614295,25742.7614295,25742.7614295,25742.7614295,25742.7614295,25742.7614295,25742.7614295,25742.7614295,25742.7614295,25742.7614295,25742.7614295,25742.7614295,25742.7614295,25742.7614295,25742.7614295,25742.7614295,25742.7614295,25742.7614295,25742.7614295,25742.7614295,25742.7614295,25742.7614295,25742.7614295,25742.7614295,25742.7614295,25742.7614295,25742.7614295,25742.7614295,25742.7614295,25742.7614295,25742.7614295,25742.7614295,25742.7614295,25742.7614295,25742.7614295,25742.7614295,25742.7614295,25742.7614295,25742.7614295,25742.7614295,25742.7614295,25742.7614295,25742.7614295,25742.7614295,25742.7614295,25742.7614295,25742.7614295,25742.7614295,25742.7614295,25742.7614295,25742.7614295,25742.7614295,25742.7614295,25742.7614295,25742.7614295,25742.7614295,25742.7614295,25742.7614295,25742.7614295,25742.7614295,25742.7614295,25742.7614295,25742.7614295,25742.7614295,25742.7614295,25742.7614295,25742.7614295,25742.7614295,25742.7614295,25742.7614295,25742.7614295,25742.7614295,25742.7614295,25742.7614295,25742.7614295,25742.7614295,25742.7614295,25742.7614295,25742.7614295,25742.7614295,25742.7614295,25742.7614295,25742.7614295,25742.7614295,25742.7614295,25742.7614295,25742.7614295,25742.7614295,25742.7614295,25742.7614295,25742.7614295,25742.7614295,25742.7614295,25742.7614295,25742.7614295,25742.7614295,25742.7614295,25742.7614295,25742.7614295,25742.7614295,25742.7614295,25742.7614295,25742.7614295,25742.7614295,25742.7614295,25742.7614295,25742.7614295,25742.7614295,25742.7614295,25742.7614295,25742.7614295,25742.7614295,25742.7614295,25742.7614295,25742.7614295,25742.7614295,25742.7614295,25742.7614295,25742.7614295,25742.7614295,25742.7614295,25742.7614295,25742.7614295,25742.7614295,25742.7614295,25742.7614295,25742.7614295,25742.7614295,25742.7614295,25742.7614295,25742.7614295,25742.7614295,25742.7614295,25742.7614295,25742.7614295,25742.7614295,25742.7614295,25742.7614295,25742.7614295,25742.7614295,25742.7614295,25742.7614295,25742.7614295,25742.7614295,25742.7614295,25742.7614295,25742.7614295,25742.7614295,25742.7614295,25742.7614295,25742.7614295,25742.7614295,25742.7614295,25742.7614295,25742.7614295,25742.7614295,25742.7614295,25742.7614295,25742.7614295,25742.7614295,25742.7614295,25742.7614295,25742.7614295,25742.7614295,25742.7614295,25742.7614295,25742.7614295,25742.7614295,25742.7614295,25742.7614295,25742.7614295,25742.7614295,25742.7614295,25742.7614295,25742.7614295,25742.7614295,25742.7614295,25742.7614295,25742.7614295,25742.7614295,25742.7614295,25742.7614295,25742.7614295,25742.7614295,25742.7614295,25742.7614295,25742.7614295,25742.7614295,25742.7614295,25742.7614295,25742.7614295,25742.7614295,25742.7614295,25742.7614295,25742.7614295,25742.7614295,25742.7614295,25742.7614295,25742.7614295,25742.7614295,25742.7614295,25742.7614295,25742.7614295,25742.7614295,25742.7614295,25742.7614295,25742.7614295,25742.7614295,25742.7614295,25742.7614295,25742.7614295,25742.7614295,25742.7614295,25742.7614295,25742.7614295,25742.7614295,25742.7614295,25742.7614295,25742.7614295,25742.7614295,25742.7614295,25742.7614295,25742.7614295,25742.7614295,25742.7614295,25742.7614295,25742.7614295,25742.7614295,25742.7614295,25742.7614295,25742.7614295,25742.7614295,25742.7614295,25742.7614295,25742.7614295,25742.7614295,25742.7614295,25742.7614295,25742.7614295,25742.7614295,25742.7614295,25742.7614295,25742.7614295,25742.7614295,25742.7614295,25742.7614295,25742.7614295,25742.7614295,25742.7614295,25742.7614295,25742.7614295,25742.7614295,25742.7614295,25742.7614295,25742.7614295,25742.7614295,25742.7614295,25742.7614295,25742.7614295,25742.7614295,25742.7614295,25742.7614295,25742.7614295,25742.7614295,25742.7614295,25742.7614295,25742.7614295,25742.7614295,25742.7614295,25742.7614295,25742.7614295,25742.7614295,25742.7614295,25742.7614295,25742.7614295,25742.7614295,25742.7614295,25742.7614295,25742.7614295,25742.7614295,25742.7614295,25742.7614295,25742.7614295,25742.7614295,25742.7614295,25742.7614295,25742.7614295,25742.7614295,25742.7614295,25742.7614295,25742.7614295,25742.7614295,25742.7614295,25742.7614295,25742.7614295,25742.7614295,25742.7614295,25742.7614295,25742.7614295,25742.7614295,25742.7614295,25742.7614295,25742.7614295,25742.7614295,25742.7614295,25742.7614295,25742.7614295,25742.7614295,25742.7614295,25742.7614295,25742.7614295,25742.7614295,25742.7614295,25742.7614295,25742.7614295,25742.7614295,25742.7614295,25742.7614295,25742.7614295,25742.7614295,25742.7614295,25742.7614295,25742.7614295,25742.7614295,25742.7614295,25742.7614295,25742.7614295,25742.7614295,25742.7614295,25742.7614295,25742.7614295,25742.7614295,25742.7614295,25742.7614295,25742.7614295,25742.7614295,25742.7614295,25742.7614295,25742.7614295,25742.7614295,25742.7614295,25742.7614295,25742.7614295,25742.7614295,25742.7614295,25742.7614295,25742.7614295,25742.7614295,25742.7614295,25742.7614295,25742.7614295,25742.7614295,25742.7614295,25742.7614295,25742.7614295,25742.7614295,25742.7614295,25742.7614295,25742.7614295,25742.7614295,25742.7614295,25742.7614295,25742.7614295,25742.7614295,25742.7614295,25742.7614295,25742.7614295,25742.7614295,25742.7614295,25742.7614295,25742.7614295,25742.7614295,25742.7614295,25742.7614295,25742.7614295,25742.7614295,25742.7614295,25742.7614295,25742.7614295,25742.7614295,25742.7614295,25742.7614295,25742.7614295,25742.7614295,25742.7614295,25742.7614295,25742.7614295,25742.7614295,25742.7614295,25742.7614295,25742.7614295,25742.7614295,25742.7614295,25742.7614295,25742.7614295,25742.7614295,25742.7614295,25742.7614295,25742.7614295,25742.7614295,25742.7614295,25742.7614295,25742.7614295,25742.7614295,25742.7614295,25742.7614295,25742.7614295,25742.7614295,25742.7614295,25742.7614295,25742.7614295,25742.7614295,25742.7614295,25742.7614295,25742.7614295,25742.7614295,25742.7614295,25742.7614295,25742.7614295,25742.7614295,25742.7614295,25742.7614295,25742.7614295,25742.7614295,25742.7614295,25742.7614295,25742.7614295,25742.7614295,25742.7614295,25742.7614295,25742.7614295,25742.7614295,25742.7614295,25742.7614295,25742.7614295,25742.7614295,25742.7614295,25742.7614295,25742.7614295,25742.7614295,25742.7614295,25742.7614295,25742.7614295,25742.7614295,25742.7614295,25742.7614295,25742.7614295,25742.7614295,25742.7614295,25742.7614295,25742.7614295,25742.7614295,25742.7614295,25742.7614295,25742.7614295,25742.7614295,25742.7614295,25742.7614295,25742.7614295,25742.7614295,25742.7614295,25742.7614295,25742.7614295,25742.7614295,25742.7614295,25742.7614295,25742.7614295,25742.7614295,25742.7614295,25742.7614295,25742.7614295,25742.7614295,25742.7614295,25742.7614295,25742.7614295,25742.7614295,25742.7614295,25742.7614295,25742.7614295,25742.7614295,25742.7614295,25742.7614295,25742.7614295,25742.7614295,25742.7614295,25742.7614295,25742.7614295,25742.7614295,25742.7614295,25742.7614295,25742.7614295,25742.7614295,25742.7614295,25742.7614295,25742.7614295,25742.7614295,25742.7614295,25742.7614295,25742.7614295,25742.7614295,25742.7614295,25742.7614295,25742.7614295,25742.7614295,25742.7614295,25742.7614295,25742.7614295,25742.7614295,25742.7614295,25742.7614295,25742.7614295,25742.7614295,25742.7614295,25742.7614295,25742.7614295,25742.7614295,25742.7614295,25742.7614295,25742.7614295,25742.7614295,25742.7614295,25742.7614295,25742.7614295,25742.7614295,25742.7614295,25742.7614295,25742.7614295,25742.7614295,25742.7614295,25742.7614295,25742.7614295,25742.7614295,25742.7614295,25742.7614295,25742.7614295,25742.7614295,25742.7614295,25742.7614295,25742.7614295,25742.7614295,25742.7614295,25742.7614295,25742.7614295,25742.7614295,25742.7614295,25742.7614295,25742.7614295,25742.7614295,25742.7614295,25742.7614295,25742.7614295,25742.7614295,25742.7614295,25742.7614295,25742.7614295,25742.7614295,25742.7614295,25742.7614295,25742.7614295,25742.7614295,25742.7614295,25742.7614295,25742.7614295,25742.7614295,25742.7614295,25742.7614295,25742.7614295,25742.7614295,25742.7614295,25742.7614295,25742.7614295,25742.7614295,25742.7614295,25742.7614295,25742.7614295,25742.7614295,25742.7614295,25742.7614295,25742.7614295,25742.7614295,25742.7614295,25742.7614295,25742.7614295,25742.7614295,25742.7614295,25742.7614295,25742.7614295,25742.7614295,25742.7614295,25742.7614295,25742.7614295,25742.7614295,25742.7614295,25742.7614295,25742.7614295,25742.7614295,25742.7614295,25742.7614295,25742.7614295,25742.7614295,25742.7614295,25742.7614295,25742.7614295,25742.7614295,25742.7614295,25742.7614295,25742.7614295,25742.7614295,25742.7614295,25742.7614295,25742.7614295,25742.7614295,25742.7614295,25742.7614295,25742.7614295,25742.7614295,25742.7614295,25742.7614295,25742.7614295,25742.7614295,25742.7614295,25742.7614295,25742.7614295,25742.7614295,25742.7614295,25742.7614295,25742.7614295,25742.7614295,25742.7614295,25742.7614295,25742.7614295,25742.7614295,25742.7614295,25742.7614295,25742.7614295,25742.7614295,25742.7614295,25742.7614295,25742.7614295,25742.7614295,25742.7614295,25742.7614295,25742.7614295,25742.7614295,25742.7614295,25742.7614295,25742.7614295,25742.7614295,25742.7614295,25742.7614295,25742.7614295,25742.7614295,25742.7614295,25742.7614295,25742.7614295,25742.7614295,25742.7614295,25742.7614295,25742.7614295,25742.7614295,25742.7614295,25742.7614295,25742.7614295,25742.7614295,25742.7614295,25742.7614295,25742.7614295,25742.7614295,25742.7614295,25742.7614295,25742.7614295,25742.7614295,25742.7614295,25742.7614295,25742.7614295,25742.7614295,25742.7614295,25742.7614295,25742.7614295,25742.7614295,25742.7614295,25742.7614295,25742.7614295,25742.7614295,25742.7614295,25742.7614295,25742.7614295,25742.7614295,25742.7614295,25742.7614295,25742.7614295,25742.7614295,25742.7614295,25742.7614295,25742.7614295,25742.7614295,25742.7614295,25742.7614295,25742.7614295,25742.7614295,25742.7614295,25742.7614295,25742.7614295,25742.7614295,25742.7614295,25742.7614295,25742.7614295,25742.7614295,25742.7614295,25742.7614295,25742.7614295,25742.7614295,25742.7614295,25742.7614295,25742.7614295,25742.7614295,25742.7614295,25742.7614295,25742.7614295,25742.7614295,25742.7614295,25742.7614295,25742.7614295,25742.7614295,25742.7614295,25742.7614295,25742.7614295,25742.7614295,25742.7614295,25742.7614295,25742.7614295,25742.7614295,25742.7614295,25742.7614295,25742.7614295,25742.7614295,25742.7614295,25742.7614295,25742.7614295,25742.7614295,25742.7614295,25742.7614295,25742.7614295,25742.7614295,25742.7614295,25742.7614295,25742.7614295,25742.7614295,25742.7614295,25742.7614295,25742.7614295,25742.7614295,25742.7614295,25742.7614295,25742.7614295,25742.7614295,25742.7614295,25742.7614295,25742.7614295,25742.7614295,25742.7614295,25742.7614295,25742.7614295,25742.7614295,25742.7614295,25742.7614295,25742.7614295,25742.7614295,25742.7614295,25742.7614295,25742.7614295,25742.7614295,25742.7614295,25742.7614295,25742.7614295,25742.7614295,25742.7614295,25742.7614295,25742.7614295,25742.7614295,25742.7614295,25742.7614295,25742.7614295,25742.7614295,25742.7614295,25742.7614295,25742.7614295,25742.7614295,25742.7614295,25742.7614295,25742.7614295,25742.7614295,25742.7614295,25742.7614295,25742.7614295,25742.7614295,25742.7614295,25742.7614295,25742.7614295,25742.7614295,25742.7614295,25742.7614295,25742.7614295,25742.7614295,25742.7614295,25742.7614295,25742.7614295,25742.7614295,25742.7614295,25742.7614295,25742.7614295,25742.7614295,25742.7614295,25742.7614295,25742.7614295,25742.7614295,25742.7614295,25742.7614295,25742.7614295,25742.7614295,25742.7614295,25742.7614295,25742.7614295,25742.7614295,25742.7614295,25742.7614295,25742.7614295,25742.7614295,25742.7614295,25742.7614295,25742.7614295,25742.7614295,25742.7614295,25742.7614295,25742.7614295,25742.7614295,25742.7614295,25742.7614295,25742.7614295,25742.7614295,25742.7614295,25742.7614295,25742.7614295,25742.7614295,25742.7614295,25742.7614295,25742.7614295,25742.7614295,25742.7614295,25742.7614295,25742.7614295,25742.7614295,25742.7614295,25742.7614295,25742.7614295,25742.7614295,25742.7614295,25742.7614295,25742.7614295,25742.7614295,25742.7614295,25742.7614295,25742.7614295,25742.7614295,25742.7614295,25742.7614295,25742.7614295,25742.7614295,25742.7614295,25742.7614295,25742.7614295,25742.7614295,25742.7614295,25742.7614295,25742.7614295,25742.7614295,25742.7614295,25742.7614295,25742.7614295,25742.7614295,25742.7614295,25742.7614295,25742.7614295,25742.7614295,25742.7614295,25742.7614295,25742.7614295,25742.7614295,25742.7614295,25742.7614295,25742.7614295,25742.7614295,25742.7614295,25742.7614295,25742.7614295,25742.7614295,25742.7614295,25742.7614295,25742.7614295,25742.7614295,25742.7614295,25742.7614295,25742.7614295,25742.7614295,25742.7614295,25742.7614295,25742.7614295,25742.7614295,25742.7614295,25742.7614295,25742.7614295,25742.7614295,25742.7614295,25742.7614295,25742.7614295,25742.7614295,25742.7614295,25742.7614295,25742.7614295,25742.7614295,25742.7614295,25742.7614295,25742.7614295,25742.7614295,25742.7614295,25742.7614295,25742.7614295,25742.7614295,25742.7614295,25742.7614295,25742.7614295,25742.7614295,25742.7614295,25742.7614295,25742.7614295,25742.7614295,25742.7614295,25742.7614295,25742.7614295,25742.7614295,25742.7614295,25742.7614295,25742.7614295,25742.7614295,25742.7614295,25742.7614295,25742.7614295,25742.7614295,25742.7614295,25742.7614295,25742.7614295,25742.7614295,25742.7614295,25742.7614295,25742.7614295,25742.7614295,25742.7614295,25742.7614295,25742.7614295,25742.7614295,25742.7614295,25742.7614295,25742.7614295,25742.7614295,25742.7614295,25742.7614295,25742.7614295,25742.7614295,25742.7614295,25742.7614295,25742.7614295,25742.7614295,25742.7614295,25742.7614295,25742.7614295,25742.7614295,25742.7614295,25742.7614295,25742.7614295,25742.7614295,25742.7614295,25742.7614295,25742.7614295,25742.7614295,25742.7614295,25742.7614295,25742.7614295,25742.7614295,25742.7614295,25742.7614295,25742.7614295,25742.7614295,25742.7614295,25742.7614295,25742.7614295,25742.7614295,25742.7614295,25742.7614295,25742.7614295,25742.7614295,25742.7614295,25742.7614295,25742.7614295,25742.7614295,25742.7614295,25742.7614295,25742.7614295,25742.7614295,25742.7614295,25742.7614295,25742.7614295,25742.7614295,25742.7614295,25742.7614295,25742.7614295,25742.7614295,25742.7614295,25742.7614295,25742.7614295,25742.7614295,25742.7614295,25742.7614295,25742.7614295,25742.7614295,25742.7614295,25742.7614295,25742.7614295,25742.7614295,25742.7614295,25742.7614295,25742.7614295,25742.7614295,25742.7614295,25742.7614295,25742.7614295,25742.7614295,25742.7614295,25742.7614295,25742.7614295,25742.7614295,25742.7614295,25742.7614295,25742.7614295,25742.7614295,25742.7614295,25742.7614295,25742.7614295,25742.7614295,25742.7614295,25742.7614295,25742.7614295,25742.7614295,25742.7614295,25742.7614295,25742.7614295,25742.7614295,25742.7614295,25742.7614295,25742.7614295,25742.7614295,25742.7614295,25742.7614295,25742.7614295,25742.7614295,25742.7614295,25742.7614295,25742.7614295,25742.7614295,25742.7614295,25742.7614295,25742.7614295,25742.7614295,25742.7614295,25742.7614295,25742.7614295,25742.7614295,25742.7614295,25742.7614295,25742.7614295,25742.7614295,25742.7614295,25742.7614295,25742.7614295,25742.7614295,25742.7614295,25742.7614295,25742.7614295,25742.7614295,25742.7614295,25742.7614295,25742.7614295,25742.7614295,25742.7614295,25742.7614295,25742.7614295,25742.7614295,25742.7614295,25742.7614295,25742.7614295,25742.7614295,25742.7614295,25742.7614295,25742.7614295,25742.7614295,25742.7614295,25742.7614295,25742.7614295,25742.7614295,25742.7614295,25742.7614295,25742.7614295,25742.7614295,25742.7614295,25742.7614295,25742.7614295,25742.7614295,25742.7614295,25742.7614295,25742.7614295,25742.7614295,25742.7614295,25742.7614295,25742.7614295,25742.7614295,25742.7614295,25742.7614295,25742.7614295,25742.7614295,25742.7614295,25742.7614295,25742.7614295,25742.7614295,25742.7614295,25742.7614295,25742.7614295,25742.7614295,25742.7614295,25742.7614295,25742.7614295,25742.7614295,25742.7614295,25742.7614295,25742.7614295,25742.7614295,25742.7614295,25742.7614295,25742.7614295,25742.7614295,25742.7614295,25742.7614295,25742.7614295,25742.7614295,25742.7614295,25742.7614295,25742.7614295,25742.7614295,25742.7614295,25742.7614295,25742.7614295,25742.7614295,25742.7614295,25742.7614295,25742.7614295,25742.7614295,25742.7614295,25742.7614295,25742.7614295,25742.7614295,25742.7614295,25742.7614295,25742.7614295,25742.7614295,25742.7614295,25742.7614295,25742.7614295,25742.7614295,25742.7614295,25742.7614295,25742.7614295,25742.7614295,25742.7614295,25742.7614295,25742.7614295,25742.7614295,25742.7614295,25742.7614295,25742.7614295,25742.7614295,25742.7614295,25742.7614295,25742.7614295,25742.7614295,25742.7614295,25742.7614295,25742.7614295,25742.7614295,25742.7614295,25742.7614295,25742.7614295,25742.7614295,25742.7614295,25742.7614295,25742.7614295,25742.7614295,25742.7614295,25742.7614295,25742.7614295,25742.7614295,25742.7614295,25742.7614295,25742.7614295,25742.7614295,25742.7614295,25742.7614295,25742.7614295,25742.7614295,25742.7614295,25742.7614295,25742.7614295,25742.7614295,25742.7614295,25742.7614295,25742.7614295,25742.7614295,25742.7614295,25742.7614295,25742.7614295,25742.7614295,25742.7614295,25742.7614295,25742.7614295,25742.7614295,25742.7614295,25742.7614295,25742.7614295,25742.7614295,25742.7614295,25742.7614295,25742.7614295,25742.7614295,25742.7614295,25742.7614295,25742.7614295,25742.7614295,25742.7614295,25742.7614295,25742.7614295,25742.7614295,25742.7614295,25742.7614295,25742.7614295,25742.7614295,25742.7614295,25742.7614295,25742.7614295,25742.7614295,25742.7614295,25742.7614295,25742.7614295,25742.7614295,25742.7614295,25742.7614295,25742.7614295,25742.7614295,25742.7614295,25742.7614295,25742.7614295,25742.7614295,25742.7614295,25742.7614295,25742.7614295,25742.7614295,25742.7614295,25742.7614295,25742.7614295,25742.7614295,25742.7614295,25742.7614295,25742.7614295,25742.7614295,25742.7614295,25742.7614295,25742.7614295,25742.7614295,25742.7614295,25742.7614295,25742.7614295,25742.7614295,25742.7614295,25742.7614295,25742.7614295,25742.7614295,25742.7614295,25742.7614295,25742.7614295,25742.7614295,25742.7614295,25742.7614295,25742.7614295,25742.7614295,25742.7614295,25742.7614295,25742.7614295,25742.7614295,25742.7614295,25742.7614295,25742.7614295,25742.7614295,25742.7614295,25742.7614295,25742.7614295,25742.7614295,25742.7614295,25742.7614295,25742.7614295,25742.7614295,25742.7614295,25742.7614295,25742.7614295,25742.7614295,25742.7614295,25742.7614295,25742.7614295,25742.7614295,25742.7614295,25742.7614295,25742.7614295,25742.7614295,25742.7614295,25742.7614295,25742.7614295,25742.7614295,25742.7614295,25742.7614295,25742.7614295,25742.7614295,25742.7614295,25742.7614295,25742.7614295,25742.7614295,25742.7614295,25742.7614295,25742.7614295,25742.7614295,25742.7614295,25742.7614295,25742.7614295,25742.7614295,25742.7614295,25742.7614295,25742.7614295,25742.7614295,25742.7614295,25742.7614295,25742.7614295,25742.7614295,25742.7614295,25742.7614295,25742.7614295,25742.7614295,25742.7614295,25742.7614295,25742.7614295,25742.7614295,25742.7614295,25742.7614295,25742.7614295,25742.7614295,25742.7614295,25742.7614295,25742.7614295,25742.7614295,25742.7614295,25742.7614295,25742.7614295,25742.7614295,25742.7614295,25742.7614295,25742.7614295,25742.7614295,25742.7614295,25742.7614295,25742.7614295,25742.7614295,25742.7614295,25742.7614295,25742.7614295,25742.7614295,25742.7614295,25742.7614295,25742.7614295,25742.7614295,25742.7614295,25742.7614295,25742.7614295,25742.7614295,25742.7614295,25742.7614295,25742.7614295,25742.7614295,25742.7614295,25742.7614295,25742.7614295,25742.7614295,25742.7614295,25742.7614295,25742.7614295,25742.7614295,25742.7614295,25742.7614295,25742.7614295,25742.7614295,25742.7614295,25742.7614295,25742.7614295,25742.7614295,25742.7614295,25742.7614295,25742.7614295,25742.7614295,25742.7614295,25742.7614295,25742.7614295,25742.7614295,25742.7614295,25742.7614295,25742.7614295,25742.7614295,25742.7614295,25742.7614295,25742.7614295,25742.7614295,25742.7614295,25742.7614295,25742.7614295,25742.7614295,25742.7614295,25742.7614295,25742.7614295,25742.7614295,25742.7614295,25742.7614295,25742.7614295,25742.7614295,25742.7614295,25742.7614295,25742.7614295,25742.7614295,25742.7614295,25742.7614295,25742.7614295,25742.7614295,25742.7614295,25742.7614295,25742.7614295,25742.7614295,25742.7614295,25742.7614295,25742.7614295,25742.7614295,25742.7614295,25742.7614295,25742.7614295,25742.7614295,25742.7614295,25742.7614295,25742.7614295,25742.7614295,25742.7614295,25742.7614295,25742.7614295,25742.7614295,25742.7614295,25742.7614295,25742.7614295,25742.7614295,25742.7614295,25742.7614295,25742.7614295,25742.7614295,25742.7614295,25742.7614295,25742.7614295,25742.7614295,25742.7614295,25742.7614295,25742.7614295,25742.7614295,25742.7614295,25742.7614295,25742.7614295,25742.7614295,25742.7614295,25742.7614295,25742.7614295,25742.7614295,25742.7614295,25742.7614295,25742.7614295,25742.7614295,25742.7614295,25742.7614295,25742.7614295,25742.7614295,25742.7614295,25742.7614295,25742.7614295,25742.7614295,25742.7614295,25742.7614295,25742.7614295,25742.7614295,25742.7614295,25742.7614295,25742.7614295,25742.7614295,25742.7614295,25742.7614295,25742.7614295,25742.7614295,25742.7614295,25742.7614295,25742.7614295,25742.7614295,25742.7614295,25742.7614295,25742.7614295,25742.7614295,25742.7614295,25742.7614295,25742.7614295,25742.7614295,25742.7614295,25742.7614295,25742.7614295,25742.7614295,25742.7614295,25742.7614295,25742.7614295,25742.7614295,25742.7614295,25742.7614295,25742.7614295,25742.7614295,25742.7614295,25742.7614295,25742.7614295,25742.7614295,25742.7614295,25742.7614295,25742.7614295,25742.7614295,25742.7614295,25742.7614295,25742.7614295,25742.7614295,25742.7614295,25742.7614295,25742.7614295,25742.7614295,25742.7614295,25742.7614295,25742.7614295,25742.7614295,25742.7614295,25742.7614295,25742.7614295,25742.7614295,25742.7614295,25742.7614295,25742.7614295,25742.7614295,25742.7614295,25742.7614295,25742.7614295,25742.7614295,25742.7614295,25742.7614295,25742.7614295,25742.7614295,25742.7614295,25742.7614295,25742.7614295,25742.7614295,25742.7614295,25742.7614295,25742.7614295,25742.7614295,25742.7614295,25742.7614295,25742.7614295,25742.7614295,25742.7614295,25742.7614295,25742.7614295,25742.7614295,25742.7614295,25742.7614295,25742.7614295,25742.7614295,25742.7614295,25742.7614295,25742.7614295,25742.7614295,25742.7614295,25742.7614295,25742.7614295,25742.7614295,25742.7614295,25742.7614295,25742.7614295,25742.7614295,25742.7614295,25742.7614295,25742.7614295,25742.7614295,25742.7614295,25742.7614295,25742.7614295,25742.7614295,25742.7614295,25742.7614295,25742.7614295,25742.7614295,25742.7614295,25742.7614295,25742.7614295,25742.7614295,25742.7614295,25742.7614295,25742.7614295,25742.7614295,25742.7614295,25742.7614295,25742.7614295,25742.7614295,25742.7614295,25742.7614295,25742.7614295,25742.7614295,25742.7614295,25742.7614295,25742.7614295,25742.7614295,25742.7614295,25742.7614295,25742.7614295,25742.7614295,25742.7614295,25742.7614295,25742.7614295,25742.7614295,25742.7614295,25742.7614295,25742.7614295,25742.7614295,25742.7614295,25742.7614295,25742.7614295,25742.7614295,25742.7614295,25742.7614295,25742.7614295,25742.7614295,25742.7614295,25742.7614295,25742.7614295,25742.7614295,25742.7614295,25742.7614295,25742.7614295,25742.7614295,25742.7614295,25742.7614295,25742.7614295,25742.7614295,25742.7614295,25742.7614295,25742.7614295,25742.7614295,25742.7614295,25742.7614295,25742.7614295,25742.7614295,25742.7614295,25742.7614295,25742.7614295,25742.7614295,25742.7614295,25742.7614295,25742.7614295,25742.7614295,25742.7614295,25742.7614295,25742.7614295,25742.7614295,25742.7614295,25742.7614295,25742.7614295,25742.7614295,25742.7614295,25742.7614295,25742.7614295,25742.7614295,25742.7614295,25742.7614295,25742.7614295,25742.7614295,25742.7614295,25742.7614295,25742.7614295,25742.7614295,25742.7614295,25742.7614295,25742.7614295,25742.7614295,25742.7614295,25742.7614295,25742.7614295,25742.7614295,25742.7614295,25742.7614295,25742.7614295,25742.7614295,25742.7614295,25742.7614295,25742.7614295,25742.7614295,25742.7614295,25742.7614295,25742.7614295,25742.7614295,25742.7614295,25742.7614295,25742.7614295,25742.7614295,25742.7614295,25742.7614295,25742.7614295,25742.7614295,25742.7614295,25742.7614295,25742.7614295,25742.7614295,25742.7614295,25742.7614295,25742.7614295,25742.7614295,25742.7614295,25742.7614295,25742.7614295,25742.7614295,25742.7614295,25742.7614295,25742.7614295,25742.7614295,25742.7614295,25742.7614295,25742.7614295,25742.7614295,25742.7614295,25742.7614295,25742.7614295,25742.7614295,25742.7614295,25742.7614295,25742.7614295,25742.7614295,25742.7614295,25742.7614295,25742.7614295,25742.7614295,25742.7614295,25742.7614295,25742.7614295,25742.7614295,25742.7614295,25742.7614295,25742.7614295,25742.7614295,25742.7614295,25742.7614295,25742.7614295,25742.7614295,25742.7614295,25742.7614295,25742.7614295,25742.7614295,25742.7614295,25742.7614295,25742.7614295,25742.7614295,25742.7614295,25742.7614295,25742.7614295,25742.7614295,25742.7614295,25742.7614295,25742.7614295,25742.7614295,25742.7614295,25742.7614295,25742.7614295,25742.7614295,25742.7614295,25742.7614295,25742.7614295,25742.7614295,25742.7614295,25742.7614295,25742.7614295,25742.7614295,25742.7614295,25742.7614295,25742.7614295,25742.7614295,25742.7614295,25742.7614295,25742.7614295,25742.7614295,25742.7614295,25742.7614295,25742.7614295,25742.7614295,25742.7614295,25742.7614295,25742.7614295,25742.7614295,25742.7614295,25742.7614295,25742.7614295,25742.7614295,25742.7614295,25742.7614295,25742.7614295,25742.7614295,25742.7614295,25742.7614295,25742.7614295,25742.7614295,25742.7614295,25742.7614295,25742.7614295,25742.7614295,25742.7614295,25742.7614295,25742.7614295,25742.7614295,25742.7614295,25742.7614295,25742.7614295,25742.7614295,25742.7614295,25742.7614295,25742.7614295,25742.7614295,25742.7614295,25742.7614295,25742.7614295,25742.7614295,25742.7614295,25742.7614295,25742.7614295,25742.7614295,25742.7614295,25742.7614295,25742.7614295,25742.7614295,25742.7614295,25742.7614295,25742.7614295,25742.7614295,25742.7614295,25742.7614295,25742.7614295,25742.7614295,25742.7614295,25742.7614295,25742.7614295,25742.7614295,25742.7614295,25742.7614295,25742.7614295,25742.7614295,25742.7614295,25742.7614295,25742.7614295,25742.7614295,25742.7614295,25742.7614295,25742.7614295,25742.7614295,25742.7614295,25742.7614295,25742.7614295,25742.7614295,25742.7614295,25742.7614295,25742.7614295,25742.7614295,25742.7614295,25742.7614295,25742.7614295,25742.7614295,25742.7614295,25742.7614295,25742.7614295,25742.7614295,25742.7614295,25742.7614295,25742.7614295,25742.7614295,25742.7614295,25742.7614295,25742.7614295,25742.7614295,25742.7614295,25742.7614295,25742.7614295,25742.7614295,25742.7614295,25742.7614295,25742.7614295,25742.7614295,25742.7614295,25742.7614295,25742.7614295,25742.7614295,25742.7614295,25742.7614295,25742.7614295,25742.7614295,25742.7614295,25742.7614295,25742.7614295,25742.7614295,25742.7614295,25742.7614295,25742.7614295,25742.7614295,25742.7614295,25742.7614295,25742.7614295,25742.7614295,25742.7614295,25742.7614295,25742.7614295,25742.7614295,25742.7614295,25742.7614295,25742.7614295,25742.7614295,25742.7614295,25742.7614295,25742.7614295,25742.7614295,25742.7614295,25742.7614295,25742.7614295,25742.7614295,25742.7614295,25742.7614295,25742.7614295,25742.7614295,25742.7614295,25742.7614295,25742.7614295,25742.7614295,25742.7614295,25742.7614295,25742.7614295,25742.7614295,25742.7614295,25742.7614295,25742.7614295,25742.7614295,25742.7614295,25742.7614295,25742.7614295,25742.7614295,25742.7614295,25742.7614295,25742.7614295,25742.7614295,25742.7614295,25742.7614295,25742.7614295,25742.7614295,25742.7614295,25742.7614295,25742.7614295,25742.7614295,25742.7614295,25742.7614295,25742.7614295,25742.7614295,25742.7614295,25742.7614295,25742.7614295,25742.7614295,25742.7614295,25742.7614295,25742.7614295,25742.7614295,25742.7614295,25742.7614295,25742.7614295,25742.7614295,25742.7614295,25742.7614295,25742.7614295,25742.7614295,25742.7614295,25742.7614295,25742.7614295,25742.7614295,25742.7614295,25742.7614295,25742.7614295,25742.7614295,25742.7614295,25742.7614295,25742.7614295,25742.7614295,25742.7614295,25742.7614295,25742.7614295,25742.7614295,25742.7614295,25742.7614295,25742.7614295,25742.7614295,25742.7614295,25742.7614295,25742.7614295,25742.7614295,25742.7614295,25742.7614295,25742.7614295,25742.7614295,25742.7614295,25742.7614295,25742.7614295,25742.7614295,25742.7614295,25742.7614295,25742.7614295,25742.7614295,25742.7614295,25742.7614295,25742.7614295,25742.7614295,25742.7614295,25742.7614295,25742.7614295,25742.7614295,25742.7614295,25742.7614295,25742.7614295,25742.7614295,25742.7614295,25742.7614295,25742.7614295,25742.7614295,25742.7614295,25742.7614295,25742.7614295,25742.7614295,25742.7614295,25742.7614295,25742.7614295,25742.7614295,25742.7614295,25742.7614295,25742.7614295,25742.7614295,25742.7614295,25742.7614295,25742.7614295,25742.7614295,25742.7614295,25742.7614295,25742.7614295,25742.7614295,25742.7614295,25742.7614295,25742.7614295,25742.7614295,25742.7614295,25742.7614295,25742.7614295,25742.7614295,25742.7614295,25742.7614295,25742.7614295,25742.7614295,25742.7614295,25742.7614295,25742.7614295,25742.7614295,25742.7614295,25742.7614295,25742.7614295,25742.7614295,25742.7614295,25742.7614295,25742.7614295,25742.7614295,25742.7614295,25742.7614295,25742.7614295,25742.7614295,25742.7614295,25742.7614295,25742.7614295,25742.7614295,25742.7614295,25742.7614295,25742.7614295,25742.7614295,25742.7614295,25742.7614295,25742.7614295,25742.7614295,25742.7614295,25742.7614295,25742.7614295,25742.7614295,25742.7614295,25742.7614295,25742.7614295,25742.7614295,25742.7614295,25742.7614295,25742.7614295,25742.7614295,25742.7614295,25742.7614295,25742.7614295,25742.7614295,25742.7614295,25742.7614295,25742.7614295,25742.7614295,25742.7614295,25742.7614295,25742.7614295,25742.7614295,25742.7614295,25742.7614295,25742.7614295,25742.7614295,25742.7614295,25742.7614295,25742.7614295,25742.7614295,25742.7614295,25742.7614295,25742.7614295,25742.7614295,25742.7614295,25742.7614295,25742.7614295,25742.7614295,25742.7614295,25742.7614295,25742.7614295,25742.7614295,25742.7614295,25742.7614295,25742.7614295,25742.7614295,25742.7614295,25742.7614295,25742.7614295,25742.7614295,25742.7614295,25742.7614295,25742.7614295,25742.7614295,25742.7614295,25742.7614295,25742.7614295,25742.7614295,25742.7614295,25742.7614295,25742.7614295,25742.7614295,25742.7614295,25742.7614295,25742.7614295,25742.7614295,25742.7614295,25742.7614295,25742.7614295,25742.7614295,25742.7614295,25742.7614295,25742.7614295,25742.7614295,25742.7614295,25742.7614295,25742.7614295,25742.7614295,25742.7614295,25742.7614295,25742.7614295,25742.7614295,25742.7614295,25742.7614295,25742.7614295,25742.7614295,25742.7614295,25742.7614295,25742.7614295,25742.7614295,25742.7614295,25742.7614295,25742.7614295,25742.7614295,25742.7614295,25742.7614295,25742.7614295,25742.7614295,25742.7614295,25742.7614295,25742.7614295,25742.7614295,25742.7614295,25742.7614295,25742.7614295,25742.7614295,25742.7614295,25742.7614295,25742.7614295,25742.7614295,25742.7614295,25742.7614295,25742.7614295,25742.7614295,25742.7614295,25742.7614295,25742.7614295,25742.7614295,25742.7614295,25742.7614295,25742.7614295,25742.7614295,25742.7614295,25742.7614295,25742.7614295,25742.7614295,25742.7614295,25742.7614295,25742.7614295,25742.7614295,25742.7614295,25742.7614295,25742.7614295,25742.7614295,25742.7614295,25742.7614295,25742.7614295,25742.7614295,25742.7614295,25742.7614295,25742.7614295,25742.7614295,25742.7614295,25742.7614295,25742.7614295,25742.7614295,25742.7614295,25742.7614295,25742.7614295,25742.7614295,25742.7614295,25742.7614295,25742.7614295,25742.7614295,25742.7614295,25742.7614295,25742.7614295,25742.7614295,25742.7614295,25742.7614295,25742.7614295,25742.7614295,25742.7614295,25742.7614295,25742.7614295,25742.7614295,25742.7614295,25742.7614295,25742.7614295,25742.7614295,25742.7614295,25742.7614295,25742.7614295,25742.7614295,25742.7614295,25742.7614295,25742.7614295,25742.7614295,25742.7614295,25742.7614295,25742.7614295,25742.7614295,25742.7614295,25742.7614295,25742.7614295,25742.7614295,25742.7614295,25742.7614295,25742.7614295,25742.7614295,25742.7614295,25742.7614295,25742.7614295,25742.7614295,25742.7614295,25742.7614295,25742.7614295,25742.7614295,25742.7614295,25742.7614295,25742.7614295,25742.7614295,25742.7614295,25742.7614295,25742.7614295,25742.7614295,25742.7614295,25742.7614295,25742.7614295,25742.7614295,25742.7614295,25742.7614295,25742.7614295,25742.7614295,25742.7614295,25742.7614295,25742.7614295,25742.7614295,25742.7614295,25742.7614295,25742.7614295,25742.7614295,25742.7614295,25742.7614295,25742.7614295,25742.7614295,25742.7614295,25742.7614295,25742.7614295,25742.7614295,25742.7614295,25742.7614295,25742.7614295,25742.7614295,25742.7614295,25742.7614295,25742.7614295,25742.7614295,25742.7614295,25742.7614295,25742.7614295,25742.7614295,25742.7614295,25742.7614295,25742.7614295,25742.7614295,25742.7614295,25742.7614295,25742.7614295,25742.7614295,25742.7614295,25742.7614295,25742.7614295,25742.7614295,25742.7614295,25742.7614295,25742.7614295,25742.7614295,25742.7614295,25742.7614295,25742.7614295,25742.7614295,25742.7614295,25742.7614295,25742.7614295,25742.7614295,25742.7614295,25742.7614295,25742.7614295,25742.7614295,25742.7614295,25742.7614295,25742.7614295,25742.7614295,25742.7614295,25742.7614295,25742.7614295,25742.7614295,25742.7614295,25742.7614295,25742.7614295,25742.7614295,25742.7614295,25742.7614295,25742.7614295,25742.7614295,25742.7614295,25742.7614295,25742.7614295,25742.7614295,25742.7614295,25742.7614295,25742.7614295,25742.7614295,25742.7614295,25742.7614295,25742.7614295,25742.7614295,25742.7614295,25742.7614295,25742.7614295,25742.7614295,25742.7614295,25742.7614295,25742.7614295,25742.7614295,25742.7614295,25742.7614295,25742.7614295,25742.7614295,25742.7614295,25742.7614295,25742.7614295,25742.7614295,25742.7614295,25742.7614295,25742.7614295,25742.7614295,25742.7614295,25742.7614295,25742.7614295,25742.7614295,25742.7614295,25742.7614295,25742.7614295,25742.7614295,25742.7614295,25742.7614295,25742.7614295,25742.7614295,25742.7614295,25742.7614295,25742.7614295,25742.7614295,25742.7614295,25742.7614295,25742.7614295,25742.7614295,25742.7614295,25742.7614295,25742.7614295,25742.7614295,25742.7614295,25742.7614295,25742.7614295,25742.7614295,25742.7614295,25742.7614295,25742.7614295,25742.7614295,25742.7614295,25742.7614295,25742.7614295,25742.7614295,25742.7614295,25742.7614295,25742.7614295,25742.7614295,25742.7614295,25742.7614295,25742.7614295,25742.7614295,25742.7614295,25742.7614295,25742.7614295,25742.7614295,25742.7614295,25742.7614295,25742.7614295,25742.7614295,25742.7614295,25742.7614295,25742.7614295,25742.7614295,25742.7614295,25742.7614295,25742.7614295,25742.7614295,25742.7614295,25742.7614295,25742.7614295,25742.7614295,25742.7614295,25742.7614295,25742.7614295,25742.7614295,25742.7614295,25742.7614295,25742.7614295,25742.7614295,25742.7614295,25742.7614295,25742.7614295,25742.7614295,25742.7614295,25742.7614295,25742.7614295,25742.7614295,25742.7614295,25742.7614295,25742.7614295,25742.7614295,25742.7614295,25742.7614295,25742.7614295,25742.7614295,25742.7614295,25742.7614295,25742.7614295,25742.7614295,25742.7614295,25742.7614295,25742.7614295,25742.7614295,25742.7614295,25742.7614295,25742.7614295,25742.7614295,25742.7614295,25742.7614295,25742.7614295,25742.7614295,25742.7614295,25742.7614295,25742.7614295,25742.7614295,25742.7614295,25742.7614295,25742.7614295,25742.7614295,25742.7614295,25742.7614295,25742.7614295,25742.7614295,25742.7614295,25742.7614295,25742.7614295,25742.7614295,25742.7614295,25742.7614295,25742.7614295,25742.7614295,25742.7614295,25742.7614295,25742.7614295,25742.7614295,25742.7614295,25742.7614295,25742.7614295,25742.7614295,25742.7614295,25742.7614295,25742.7614295,25742.7614295,25742.7614295,25742.7614295,25742.7614295,25742.7614295,25742.7614295,25742.7614295,25742.7614295,25742.7614295,25742.7614295,25742.7614295,25742.7614295,25742.7614295,25742.7614295,25742.7614295,25742.7614295,25742.7614295,25742.7614295,25742.7614295,25742.7614295,25742.7614295,25742.7614295,25742.7614295,25742.7614295,25742.7614295,25742.7614295,25742.7614295,25742.7614295,25742.7614295,25742.7614295,25742.7614295,25742.7614295,25742.7614295,25742.7614295,25742.7614295,25742.7614295,25742.7614295,25742.7614295,25742.7614295,25742.7614295,25742.7614295,25742.7614295,25742.7614295,25742.7614295,25742.7614295,25742.7614295,25742.7614295,25742.7614295,25742.7614295,25742.7614295,25742.7614295,25742.7614295,25742.7614295,25742.7614295,25742.7614295,25742.7614295,25742.7614295,25742.7614295,25742.7614295,25742.7614295,25742.7614295,25742.7614295,25742.7614295,25742.7614295,25742.7614295,25742.7614295,25742.7614295,25742.7614295,25742.7614295,25742.7614295,25742.7614295,25742.7614295,25742.7614295,25742.7614295,25742.7614295,25742.7614295,25742.7614295,25742.7614295,25742.7614295,25742.7614295,25742.7614295,25742.7614295,25742.7614295,25742.7614295,25742.7614295,25742.7614295,25742.7614295,25742.7614295,25742.7614295,25742.7614295,25742.7614295,25742.7614295,25742.7614295,25742.7614295,25742.7614295,25742.7614295,25742.7614295,25742.7614295,25742.7614295,25742.7614295,25742.7614295,25742.7614295,25742.7614295,25742.7614295,25742.7614295,25742.7614295,25742.7614295,25742.7614295,25742.7614295,25742.7614295,25742.7614295,25742.7614295,25742.7614295,25742.7614295,25742.7614295,25742.7614295,25742.7614295,25742.7614295,25742.7614295,25742.7614295,25742.7614295,25742.7614295,25742.7614295,25742.7614295,25742.7614295,25742.7614295,25742.7614295,25742.7614295,25742.7614295,25742.7614295,25742.7614295,25742.7614295,25742.7614295,25742.7614295,25742.7614295,25742.7614295,25742.7614295,25742.7614295,25742.7614295,25742.7614295,25742.7614295,25742.7614295,25742.7614295,25742.7614295,25742.7614295,25742.7614295,25742.7614295,25742.7614295,25742.7614295,25742.7614295,25742.7614295,25742.7614295,25742.7614295,25742.7614295,25742.7614295,25742.7614295,25742.7614295,25742.7614295,25742.7614295,25742.7614295,25742.7614295,25742.7614295,25742.7614295,25742.7614295,25742.7614295,25742.7614295,25742.7614295,25742.7614295,25742.7614295,25742.7614295,25742.7614295,25742.7614295,25742.7614295,25742.7614295,25742.7614295,25742.7614295,25742.7614295,25742.7614295,25742.7614295,25742.7614295,25742.7614295,25742.7614295,25742.7614295,25742.7614295,25742.7614295,25742.7614295,25742.7614295,25742.7614295,25742.7614295,25742.7614295,25742.7614295,25742.7614295,25742.7614295,25742.7614295,25742.7614295,25742.7614295,25742.7614295,25742.7614295,25742.7614295,25742.7614295,25742.7614295,25742.7614295,25742.7614295,25742.7614295,25742.7614295,25742.7614295,25742.7614295,25742.7614295,25742.7614295,25742.7614295,25742.7614295,25742.7614295,25742.7614295,25742.7614295,25742.7614295,25742.7614295,25742.7614295,25742.7614295,25742.7614295,25742.7614295,25742.7614295,25742.7614295,25742.7614295,25742.7614295,25742.7614295,25742.7614295,25742.7614295,25742.7614295,25742.7614295,25742.7614295,25742.7614295,25742.7614295,25742.7614295,25742.7614295,25742.7614295,25742.7614295,25742.7614295,25742.7614295,25742.7614295,25742.7614295,25742.7614295,25742.7614295,25742.7614295,25742.7614295,25742.7614295,25742.7614295,25742.7614295,25742.7614295,25742.7614295,25742.7614295,25742.7614295,25742.7614295,25742.7614295,25742.7614295,25742.7614295,25742.7614295,25742.7614295,25742.7614295,25742.7614295,25742.7614295,25742.7614295,25742.7614295,25742.7614295,25742.7614295,25742.7614295,25742.7614295,25742.7614295,25742.7614295,25742.7614295,25742.7614295,25742.7614295,25742.7614295,25742.7614295,25742.7614295,25742.7614295,25742.7614295,25742.7614295,25742.7614295,25742.7614295,25742.7614295,25742.7614295,25742.7614295,25742.7614295,25742.7614295,25742.7614295,25742.7614295,25742.7614295,25742.7614295,25742.7614295,25742.7614295,25742.7614295,25742.7614295,25742.7614295,25742.7614295,25742.7614295,25742.7614295,25742.7614295,25742.7614295,25742.7614295,25742.7614295,25742.7614295,25742.7614295,25742.7614295,25742.7614295,25742.7614295,25742.7614295,25742.7614295,25742.7614295,25742.7614295,25742.7614295,25742.7614295,25742.7614295,25742.7614295,25742.7614295,25742.7614295,25742.7614295,25742.7614295,25742.7614295,25742.7614295,25742.7614295,25742.7614295,25742.7614295,25742.7614295,25742.7614295,25742.7614295,25742.7614295,25742.7614295,25742.7614295,25742.7614295,25742.7614295,25742.7614295,25742.7614295,25742.7614295,25742.7614295,25742.7614295,25742.7614295,25742.7614295,25742.7614295,25742.7614295,25742.7614295,25742.7614295,25742.7614295,25742.7614295,25742.7614295,25742.7614295,25742.7614295,25742.7614295,25742.7614295,25742.7614295,25742.7614295,25742.7614295,25742.7614295,25742.7614295,25742.7614295,25742.7614295,25742.7614295,25742.7614295,25742.7614295,25742.7614295,25742.7614295,25742.7614295,25742.7614295,25742.7614295,25742.7614295,25742.7614295,25742.7614295,25742.7614295,25742.7614295,25742.7614295,25742.7614295,25742.7614295,25742.7614295,25742.7614295,25742.7614295,25742.7614295,25742.7614295,25742.7614295,25742.7614295,25742.7614295,25742.7614295,25742.7614295,25742.7614295,25742.7614295,25742.7614295,25742.7614295,25742.7614295,25742.7614295,25742.7614295,25742.7614295,25742.7614295,25742.7614295,25742.7614295,25742.7614295,25742.7614295,25742.7614295,25742.7614295,25742.7614295,25742.7614295,25742.7614295,25742.7614295,25742.7614295,25742.7614295,25742.7614295,25742.7614295,25742.7614295,25742.7614295,25742.7614295,25742.7614295,25742.7614295,25742.7614295,25742.7614295,25742.7614295,25742.7614295,25742.7614295,25742.7614295,25742.7614295,25742.7614295,25742.7614295,25742.7614295,25742.7614295,25742.7614295,25742.7614295,25742.7614295,25742.7614295,25742.7614295,25742.7614295,25742.7614295,25742.7614295,25742.7614295,25742.7614295,25742.7614295,25742.7614295,25742.7614295,25742.7614295,25742.7614295,25742.7614295,25742.7614295,25742.7614295,25742.7614295,25742.7614295,25742.7614295,25742.7614295,25742.7614295,25742.7614295,25742.7614295,25742.7614295,25742.7614295,25742.7614295,25742.7614295,25742.7614295,25742.7614295,25742.7614295,25742.7614295,25742.7614295,25742.7614295,25742.7614295,25742.7614295,25742.7614295,25742.7614295,25742.7614295,25742.7614295,25742.7614295,25742.7614295,25742.7614295,25742.7614295,25742.7614295,25742.7614295,25742.7614295,25742.7614295,25742.7614295,25742.7614295,25742.7614295,25742.7614295,25742.7614295,25742.7614295,25742.7614295,25742.7614295,25742.7614295,25742.7614295,25742.7614295,25742.7614295,25742.7614295,25742.7614295,25742.7614295,25742.7614295,25742.7614295,25742.7614295,25742.7614295,25742.7614295,25742.7614295,25742.7614295,25742.7614295,25742.7614295,25742.7614295,25742.7614295,25742.7614295,25742.7614295,25742.7614295,25742.7614295,25742.7614295,25742.7614295,25742.7614295,25742.7614295,25742.7614295,25742.7614295,25742.7614295,25742.7614295,25742.7614295,25742.7614295,25742.7614295,25742.7614295,25742.7614295,25742.7614295,25742.7614295,25742.7614295,25742.7614295,25742.7614295,25742.7614295,25742.7614295,25742.7614295,25742.7614295,25742.7614295,25742.7614295,25742.7614295,25742.7614295,25742.7614295,25742.7614295,25742.7614295,25742.7614295,25742.7614295,25742.7614295,25742.7614295,25742.7614295,25742.7614295,25742.7614295,25742.7614295,25742.7614295,25742.7614295,25742.7614295,25742.7614295,25742.7614295,25742.7614295,25742.7614295,25742.7614295,25742.7614295,25742.7614295,25742.7614295,25742.7614295,25742.7614295,25742.7614295,25742.7614295,25742.7614295,25742.7614295,25742.7614295,25742.7614295,25742.7614295,25742.7614295,25742.7614295,25742.7614295,25742.7614295,25742.7614295,25742.7614295,25742.7614295,25742.7614295,25742.7614295,25742.7614295,25742.7614295,25742.7614295,25742.7614295,25742.7614295,25742.7614295,25742.7614295,25742.7614295,25742.7614295,25742.7614295,25742.7614295,25742.7614295,25742.7614295,25742.7614295,25742.7614295,25742.7614295,25742.7614295,25742.7614295,25742.7614295,25742.7614295,25742.7614295,25742.7614295,25742.7614295,25742.7614295,25742.7614295,25742.7614295,25742.7614295,25742.7614295,25742.7614295,25742.7614295,25742.7614295,25742.7614295,25742.7614295,25742.7614295,25742.7614295,25742.7614295,25742.7614295,25742.7614295,25742.7614295,25742.7614295,25742.7614295,25742.7614295,25742.7614295,25742.7614295,25742.7614295,25742.7614295,25742.7614295,25742.7614295,25742.7614295,25742.7614295,25742.7614295,25742.7614295,25742.7614295,25742.7614295,25742.7614295,25742.7614295,25742.7614295,25742.7614295,25742.7614295,25742.7614295,25742.7614295,25742.7614295,25742.7614295,25742.7614295,25742.7614295,25742.7614295,25742.7614295,25742.7614295,25742.7614295,25742.7614295,25742.7614295,25742.7614295,25742.7614295,25742.7614295,25742.7614295,25742.7614295,25742.7614295,25742.7614295,25742.7614295,25742.7614295,25742.7614295,25742.7614295,25742.7614295,25742.7614295,25742.7614295,25742.7614295,25742.7614295,25742.7614295,25742.7614295,25742.7614295,25742.7614295,25742.7614295,25742.7614295,25742.7614295,25742.7614295,25742.7614295,25742.7614295,25742.7614295,25742.7614295,25742.7614295,25742.7614295,25742.7614295,25742.7614295,25742.7614295,25742.7614295,25742.7614295,25742.7614295,25742.7614295,25742.7614295,25742.7614295,25742.7614295,25742.7614295,25742.7614295,25742.7614295,25742.7614295,25742.7614295,25742.7614295,25742.7614295,25742.7614295,25742.7614295,25742.7614295,25742.7614295,25742.7614295,25742.7614295,25742.7614295,25742.7614295,25742.7614295,25742.7614295,25742.7614295,25742.7614295,25742.7614295,25742.7614295,25742.7614295,25742.7614295,25742.7614295,25742.7614295,25742.7614295,25742.7614295,25742.7614295,25742.7614295,25742.7614295,25742.7614295,25742.7614295,25742.7614295,25742.7614295,25742.7614295,25742.7614295,25742.7614295,25742.7614295,25742.7614295,25742.7614295,25742.7614295,25742.7614295,25742.7614295,25742.7614295,25742.7614295,25742.7614295,25742.7614295,25742.7614295,25742.7614295,25742.7614295,25742.7614295,25742.7614295,25742.7614295,25742.7614295,25742.7614295,25742.7614295,25742.7614295,25742.7614295,25742.7614295,25742.7614295,25742.7614295,25742.7614295,25742.7614295,25742.7614295,25742.7614295,25742.7614295,25742.7614295,25742.7614295,25742.7614295,25742.7614295,25742.7614295,25742.7614295,25742.7614295,25742.7614295,25742.7614295,25742.7614295,25742.7614295,25742.7614295,25742.7614295,25742.7614295,25742.7614295,25742.7614295,25742.7614295,25742.7614295,25742.7614295,25742.7614295,25742.7614295,25742.7614295,25742.7614295,25742.7614295,25742.7614295,25742.7614295,25742.7614295,25742.7614295,25742.7614295,25742.7614295,25742.7614295,25742.7614295,25742.7614295,25742.7614295,25742.7614295,25742.7614295,25742.7614295,25742.7614295,25742.7614295,25742.7614295,25742.7614295,25742.7614295,25742.7614295,25742.7614295,25742.7614295,25742.7614295,25742.7614295,25742.7614295,25742.7614295,25742.7614295,25742.7614295,25742.7614295,25742.7614295,25742.7614295,25742.7614295,25742.7614295,25742.7614295,25742.7614295,25742.7614295,25742.7614295,25742.7614295,25742.7614295,25742.7614295,25742.7614295,25742.7614295,25742.7614295,25742.7614295,25742.7614295,25742.7614295,25742.7614295,25742.7614295,25742.7614295,25742.7614295,25742.7614295,25742.7614295,25742.7614295,25742.7614295,25742.7614295,25742.7614295,25742.7614295,25742.7614295,25742.7614295,25742.7614295,25742.7614295,25742.7614295,25742.7614295,25742.7614295,25742.7614295,25742.7614295,25742.7614295,25742.7614295,25742.7614295,25742.7614295,25742.7614295,25742.7614295,25742.7614295,25742.7614295,25742.7614295,25742.7614295,25742.7614295,25742.7614295,25742.7614295,25742.7614295,25742.7614295,25742.7614295,25742.7614295,25742.7614295,25742.7614295,25742.7614295,25742.7614295,25742.7614295,25742.7614295,25742.7614295,25742.7614295,25742.7614295,25742.7614295,25742.7614295,25742.7614295,25742.7614295,25742.7614295,25742.7614295,25742.7614295,25742.7614295,25742.7614295,25742.7614295,25742.7614295,25742.7614295,25742.7614295,25742.7614295,25742.7614295,25742.7614295,25742.7614295,25742.7614295,25742.7614295,25742.7614295,25742.7614295,25742.7614295,25742.7614295,25742.7614295,25742.7614295,25742.7614295,25742.7614295,25742.7614295,25742.7614295,25742.7614295,25742.7614295,25742.7614295,25742.7614295,25742.7614295,25742.7614295,25742.7614295,25742.7614295,25742.7614295,25742.7614295,25742.7614295,25742.7614295,25742.7614295,25742.7614295,25742.7614295,25742.7614295,25742.7614295,25742.7614295,25742.7614295,25742.7614295,25742.7614295,25742.7614295,25742.7614295,25742.7614295,25742.7614295,25742.7614295,25742.7614295,25742.7614295,25742.7614295,25742.7614295,25742.7614295,25742.7614295,25742.7614295,25742.7614295,25742.7614295,25742.7614295,25742.7614295,25742.7614295,25742.7614295,25742.7614295,25742.7614295,25742.7614295,25742.7614295,25742.7614295,25742.7614295,25742.7614295,25742.7614295,25742.7614295,25742.7614295,25742.7614295,25742.7614295,25742.7614295,25742.7614295,25742.7614295,25742.7614295,25742.7614295,25742.7614295,25742.7614295,25742.7614295,25742.7614295,25742.7614295,25742.7614295,25742.7614295,25742.7614295,25742.7614295,25742.7614295,25742.7614295,25742.7614295,25742.7614295,25742.7614295,25742.7614295,25742.7614295,25742.7614295,25742.7614295,25742.7614295,25742.7614295,25742.7614295,25742.7614295,25742.7614295,25742.7614295,25742.7614295,25742.7614295,25742.7614295,25742.7614295,25742.7614295,25742.7614295,25742.7614295,25742.7614295,25742.7614295,25742.7614295,25742.7614295,25742.7614295,25742.7614295,25742.7614295,25742.7614295,25742.7614295,25742.7614295,25742.7614295,25742.7614295,25742.7614295,25742.7614295,25742.7614295,25742.7614295,25742.7614295,25742.7614295,25742.7614295,25742.7614295,25742.7614295,25742.7614295,25742.7614295,25742.7614295,25742.7614295,25742.7614295,25742.7614295,25742.7614295,25742.7614295,25742.7614295,25742.7614295,25742.7614295,25742.7614295,25742.7614295,25742.7614295,25742.7614295,25742.7614295,25742.7614295,25742.7614295,25742.7614295,25742.7614295,25742.7614295,25742.7614295,25742.7614295,25742.7614295,25742.7614295,25742.7614295,25742.7614295,25742.7614295,25742.7614295,25742.7614295,25742.7614295,25742.7614295,25742.7614295,25742.7614295,25742.7614295,25742.7614295,25742.7614295,25742.7614295,25742.7614295,25742.7614295,25742.7614295,25742.7614295,25742.7614295,25742.7614295,25742.7614295,25742.7614295,25742.7614295,25742.7614295,25742.7614295,25742.7614295,25742.7614295,25742.7614295,25742.7614295,25742.7614295,25742.7614295,25742.7614295,25742.7614295,25742.7614295,25742.7614295,25742.7614295,25742.7614295,25742.7614295,25742.7614295,25742.7614295,25742.7614295,25742.7614295,25742.7614295,25742.7614295,25742.7614295,25742.7614295,25742.7614295,25742.7614295,25742.7614295,25742.7614295,25742.7614295,25742.7614295,25742.7614295,25742.7614295,25742.7614295,25742.7614295,25742.7614295,25742.7614295,25742.7614295,25742.7614295,25742.7614295,25742.7614295,25742.7614295,25742.7614295,25742.7614295,25742.7614295,25742.7614295,25742.7614295,25742.7614295,25742.7614295,25742.7614295,25742.7614295,25742.7614295,25742.7614295,25742.7614295,25742.7614295,25742.7614295,25742.7614295,25742.7614295,25742.7614295,25742.7614295,25742.7614295,25742.7614295,25742.7614295,25742.7614295,25742.7614295,25742.7614295,25742.7614295,25742.7614295,25742.7614295,25742.7614295,25742.7614295,25742.7614295,25742.7614295,25742.7614295,25742.7614295,25742.7614295,25742.7614295,25742.7614295,25742.7614295,25742.7614295,25742.7614295,25742.7614295,25742.7614295,25742.7614295,25742.7614295,25742.7614295,25742.7614295,25742.7614295,25742.7614295,25742.7614295,25742.7614295,25742.7614295,25742.7614295,25742.7614295,25742.7614295,25742.7614295,25742.7614295,25742.7614295,25742.7614295,25742.7614295,25742.7614295,25742.7614295,25742.7614295,25742.7614295,25742.7614295,25742.7614295,25742.7614295,25742.7614295,25742.7614295,25742.7614295,25742.7614295,25742.7614295,25742.7614295,25742.7614295,25742.7614295,25742.7614295,25742.7614295,25742.7614295,25742.7614295,25742.7614295,25742.7614295,25742.7614295,25742.7614295,25742.7614295,25742.7614295,25742.7614295,25742.7614295,25742.7614295,25742.7614295,25742.7614295,25742.7614295,25742.7614295,25742.7614295,25742.7614295,25742.7614295,25742.7614295,25742.7614295,25742.7614295,25742.7614295,25742.7614295,25742.7614295,25742.7614295,25742.7614295,25742.7614295,25742.7614295,25742.7614295,25742.7614295,25742.7614295,25742.7614295,25742.7614295,25742.7614295,25742.7614295,25742.7614295,25742.7614295,25742.7614295,25742.7614295,25742.7614295,25742.7614295,25742.7614295,25742.7614295,25742.7614295,25742.7614295,25742.7614295,25742.7614295,25742.7614295,25742.7614295,25742.7614295,25742.7614295,25742.7614295,25742.7614295,25742.7614295,25742.7614295,25742.7614295,25742.7614295,25742.7614295,25742.7614295,25742.7614295,25742.7614295,25742.7614295,25742.7614295,25742.7614295,25742.7614295,25742.7614295,25742.7614295,25742.7614295,25742.7614295,25742.7614295,25742.7614295,25742.7614295,25742.7614295,25742.7614295,25742.7614295,25742.7614295,25742.7614295,25742.7614295,25742.7614295,25742.7614295,25742.7614295,25742.7614295,25742.7614295,25742.7614295,25742.7614295,25742.7614295,25742.7614295,25742.7614295,25742.7614295,25742.7614295,25742.7614295,25742.7614295,25742.7614295,25742.7614295,25742.7614295,25742.7614295,25742.7614295,25742.7614295,25742.7614295,25742.7614295,25742.7614295,25742.7614295,25742.7614295,25742.7614295,25742.7614295,25742.7614295,25742.7614295,25742.7614295,25742.7614295,25742.7614295,25742.7614295,25742.7614295,25742.7614295,25742.7614295,25742.7614295,25742.7614295,25742.7614295,25742.7614295,25742.7614295,25742.7614295,25742.7614295,25742.7614295,25742.7614295,25742.7614295,25742.7614295,25742.7614295,25742.7614295,25742.7614295,25742.7614295,25742.7614295,25742.7614295,25742.7614295,25742.7614295,25742.7614295,25742.7614295,25742.7614295,25742.7614295,25742.7614295,25742.7614295,25742.7614295,25742.7614295,25742.7614295,25742.7614295,25742.7614295,25742.7614295,25742.7614295,25742.7614295,25742.7614295,25742.7614295,25742.7614295,25742.7614295,25742.7614295,25742.7614295,25742.7614295,25742.7614295,25742.7614295,25742.7614295,25742.7614295,25742.7614295,25742.7614295,25742.7614295,25742.7614295,25742.7614295,25742.7614295,25742.7614295,25742.7614295,25742.7614295,25742.7614295,25742.7614295,25742.7614295,25742.7614295,25742.7614295,25742.7614295,25742.7614295,25742.7614295,25742.7614295,25742.7614295,25742.7614295,25742.7614295,25742.7614295,25742.7614295,25742.7614295,25742.7614295,25742.7614295,25742.7614295,25742.7614295,25742.7614295,25742.7614295,25742.7614295,25742.7614295,25742.7614295,25742.7614295,25742.7614295,25742.7614295,25742.7614295,25742.7614295,25742.7614295,25742.7614295,25742.7614295,25742.7614295,25742.7614295,25742.7614295,25742.7614295,25742.7614295,25742.7614295,25742.7614295,25742.7614295,25742.7614295,25742.7614295,25742.7614295,25742.7614295,25742.7614295,25742.7614295,25742.7614295,25742.7614295,25742.7614295,25742.7614295,25742.7614295,25742.7614295,25742.7614295,25742.7614295,25742.7614295,25742.7614295,25742.7614295,25742.7614295,25742.7614295,25742.7614295,25742.7614295,25742.7614295,25742.7614295,25742.7614295,25742.7614295,25742.7614295,25742.7614295,25742.7614295,25742.7614295,25742.7614295,25742.7614295,25742.7614295,25742.7614295,25742.7614295,25742.7614295,25742.7614295,25742.7614295,25742.7614295,25742.7614295,25742.7614295,25742.7614295,25742.7614295,25742.7614295,25742.7614295,25742.7614295,25742.7614295,25742.7614295,25742.7614295,25742.7614295,25742.7614295,25742.7614295,25742.7614295,25742.7614295,25742.7614295,25742.7614295,25742.7614295,25742.7614295,25742.7614295,25742.7614295,25742.7614295,25742.7614295,25742.7614295,25742.7614295,25742.7614295,25742.7614295,25742.7614295,25742.7614295,25742.7614295,25742.7614295,25742.7614295,25742.7614295,25742.7614295,25742.7614295,25742.7614295,25742.7614295,25742.7614295,25742.7614295,25742.7614295,25742.7614295,25742.7614295,25742.7614295,25742.7614295,25742.7614295,25742.7614295,25742.7614295,25742.7614295,25742.7614295,25742.7614295,25742.7614295,25742.7614295,25742.7614295,25742.7614295,25742.7614295,25742.7614295,25742.7614295,25742.7614295,25742.7614295,25742.7614295,25742.7614295,25742.7614295,25742.7614295,25742.7614295,25742.7614295,25742.7614295,25742.7614295,25742.7614295,25742.7614295,25742.7614295,25742.7614295,25742.7614295,25742.7614295,25742.7614295,25742.7614295,25742.7614295,25742.7614295,25742.7614295,25742.7614295,25742.7614295,25742.7614295,25742.7614295,25742.7614295,25742.7614295,25742.7614295,25742.7614295,25742.7614295,25742.7614295,25742.7614295,25742.7614295,25742.7614295,25742.7614295,25742.7614295,25742.7614295,25742.7614295,25742.7614295,25742.7614295,25742.7614295,25742.7614295,25742.7614295,25742.7614295,25742.7614295,25742.7614295,25742.7614295,25742.7614295,25742.7614295,25742.7614295,25742.7614295,25742.7614295,25742.7614295,25742.7614295,25742.7614295,25742.7614295,25742.7614295,25742.7614295,25742.7614295,25742.7614295,25742.7614295,25742.7614295,25742.7614295,25742.7614295,25742.7614295,25742.7614295,25742.7614295,25742.7614295,25742.7614295,25742.7614295,25742.7614295,25742.7614295,25742.7614295,25742.7614295,25742.7614295,25742.7614295,25742.7614295,25742.7614295,25742.7614295,25742.7614295,25742.7614295,25742.7614295,25742.7614295,25742.7614295,25742.7614295,25742.7614295,25742.7614295,25742.7614295,25742.7614295,25742.7614295,25742.7614295,25742.7614295,25742.7614295,25742.7614295,25742.7614295,25742.7614295,25742.7614295,25742.7614295,25742.7614295,25742.7614295,25742.7614295,25742.7614295,25742.7614295,25742.7614295,25742.7614295,25742.7614295,25742.7614295,25742.7614295,25742.7614295,25742.7614295,25742.7614295,25742.7614295,25742.7614295,25742.7614295,25742.7614295,25742.7614295,25742.7614295,25742.7614295,25742.7614295,25742.7614295,25742.7614295,25742.7614295,25742.7614295,25742.7614295,25742.7614295,25742.7614295,25742.7614295,25742.7614295,25742.7614295,25742.7614295,25742.7614295,25742.7614295,25742.7614295,25742.7614295,25742.7614295,25742.7614295,25742.7614295,25742.7614295,25742.7614295,25742.7614295,25742.7614295,25742.7614295,25742.7614295,25742.7614295,25742.7614295,25742.7614295,25742.7614295,25742.7614295,25742.7614295,25742.7614295,25742.7614295,25742.7614295,25742.7614295,25742.7614295,25742.7614295,25742.7614295,25742.7614295,25742.7614295,25742.7614295,25742.7614295,25742.7614295,25742.7614295,25742.7614295,25742.7614295,25742.7614295,25742.7614295,25742.7614295,25742.7614295,25742.7614295,25742.7614295,25742.7614295,25742.7614295,25742.7614295,25742.7614295,25742.7614295,25742.7614295,25742.7614295,25742.7614295,25742.7614295,25742.7614295,25742.7614295,25742.7614295,25742.7614295,25742.7614295,25742.7614295,25742.7614295,25742.7614295,25742.7614295,25742.7614295,25742.7614295,25742.7614295,25742.7614295,25742.7614295,25742.7614295,25742.7614295,25742.7614295,25742.7614295,25742.7614295,25742.7614295,25742.7614295,25742.7614295,25742.7614295,25742.7614295,25742.7614295,25742.7614295,25742.7614295,25742.7614295,25742.7614295,25742.7614295,25742.7614295,25742.7614295,25742.7614295,25742.7614295,25742.7614295,25742.7614295,25742.7614295,25742.7614295,25742.7614295,25742.7614295,25742.7614295,25742.7614295,25742.7614295,25742.7614295,25742.7614295,25742.7614295,25742.7614295,25742.7614295,25742.7614295,25742.7614295,25742.7614295,25742.7614295,25742.7614295,25742.7614295,25742.7614295,25742.7614295,25742.7614295,25742.7614295,25742.7614295,25742.7614295,25742.7614295,25742.7614295,25742.7614295,25742.7614295,25742.7614295,25742.7614295,25742.7614295,25742.7614295,25742.7614295,25742.7614295,25742.7614295,25742.7614295,25742.7614295,25742.7614295,25742.7614295,25742.7614295,25742.7614295,25742.7614295,25742.7614295,25742.7614295,25742.7614295,25742.7614295,25742.7614295,25742.7614295,25742.7614295,25742.7614295,25742.7614295,25742.7614295,25742.7614295,25742.7614295,25742.7614295,25742.7614295,25742.7614295,25742.7614295,25742.7614295,25742.7614295,25742.7614295,25742.7614295,25742.7614295,25742.7614295,25742.7614295,25742.7614295,25742.7614295,25742.7614295,25742.7614295,25742.7614295,25742.7614295,25742.7614295,25742.7614295,25742.7614295,25742.7614295,25742.7614295,25742.7614295,25742.7614295,25742.7614295,25742.7614295,25742.7614295,25742.7614295,25742.7614295,25742.7614295,25742.7614295,25742.7614295,25742.7614295,25742.7614295,25742.7614295,25742.7614295,25742.7614295,25742.7614295,25742.7614295,25742.7614295,25742.7614295,25742.7614295,25742.7614295,25742.7614295,25742.7614295,25742.7614295,25742.7614295,25742.7614295,25742.7614295,25742.7614295,25742.7614295,25742.7614295,25742.7614295,25742.7614295,25742.7614295,25742.7614295,25742.7614295,25742.7614295,25742.7614295,25742.7614295,25742.7614295,25742.7614295,25742.7614295,25742.7614295,25742.7614295,25742.7614295,25742.7614295,25742.7614295,25742.7614295,25742.7614295,25742.7614295,25742.7614295,25742.7614295,25742.7614295,25742.7614295,25742.7614295,25742.7614295,25742.7614295,25742.7614295,25742.7614295,25742.7614295,25742.7614295,25742.7614295,25742.7614295,25742.7614295,25742.7614295,25742.7614295,25742.7614295,25742.7614295,25742.7614295,25742.7614295,25742.7614295,25742.7614295,25742.7614295,25742.7614295,25742.7614295,25742.7614295,25742.7614295,25742.7614295,25742.7614295,25742.7614295,25742.7614295,25742.7614295,25742.7614295,25742.7614295,25742.7614295,25742.7614295,25742.7614295,25742.7614295,25742.7614295,25742.7614295,25742.7614295,25742.7614295,25742.7614295,25742.7614295,25742.7614295,25742.7614295,25742.7614295,25742.7614295,25742.7614295,25742.7614295,25742.7614295,25742.7614295,25742.7614295,25742.7614295,25742.7614295,25742.7614295,25742.7614295,25742.7614295,25742.7614295,25742.7614295,25742.7614295,25742.7614295,25742.7614295,25742.7614295,25742.7614295,25742.7614295,25742.7614295,25742.7614295,25742.7614295,25742.7614295,25742.7614295,25742.7614295,25742.7614295,25742.7614295,25742.7614295,25742.7614295,25742.7614295,25742.7614295,25742.7614295,25742.7614295,25742.7614295,25742.7614295,25742.7614295,25742.7614295,25742.7614295,25742.7614295,25742.7614295,25742.7614295,25742.7614295,25742.7614295,25742.7614295,25742.7614295,25742.7614295,25742.7614295,25742.7614295,25742.7614295,25742.7614295,25742.7614295,25742.7614295,25742.7614295,25742.7614295,25742.7614295,25742.7614295,25742.7614295,25742.7614295,25742.7614295,25742.7614295,25742.7614295,25742.7614295,25742.7614295,25742.7614295,25742.7614295,25742.7614295,25742.7614295,25742.7614295,25742.7614295,25742.7614295,25742.7614295,25742.7614295,25742.7614295,25742.7614295,25742.7614295,25742.7614295,25742.7614295,25742.7614295,25742.7614295,25742.7614295,25742.7614295,25742.7614295,25742.7614295,25742.7614295,25742.7614295,25742.7614295,25742.7614295,25742.7614295,25742.7614295,25742.7614295,25742.7614295,25742.7614295,25742.7614295,25742.7614295,25742.7614295,25742.7614295,25742.7614295,25742.7614295,25742.7614295,25742.7614295,25742.7614295,25742.7614295,25742.7614295,25742.7614295,25742.7614295,25742.7614295,25742.7614295,25742.7614295,25742.7614295,25742.7614295,25742.7614295,25742.7614295,25742.7614295,25742.7614295,25742.7614295,25742.7614295,25742.7614295,25742.7614295,25742.7614295,25742.7614295,25742.7614295,25742.7614295,25742.7614295,25742.7614295,25742.7614295,25742.7614295,25742.7614295,25742.7614295,25742.7614295,25742.7614295,25742.7614295,25742.7614295,25742.7614295,25742.7614295,25742.7614295,25742.7614295,25742.7614295,25742.7614295,25742.7614295,25742.7614295,25742.7614295,25742.7614295,25742.7614295,25742.7614295,25742.7614295,25742.7614295,25742.7614295,25742.7614295,25742.7614295,25742.7614295,25742.7614295,25742.7614295,25742.7614295,25742.7614295,25742.7614295,25742.7614295,25742.7614295,25742.7614295,25742.7614295,25742.7614295,25742.7614295,25742.7614295,25742.7614295,25742.7614295,25742.7614295,25742.7614295,25742.7614295,25742.7614295,25742.7614295,25742.7614295,25742.7614295,25742.7614295,25742.7614295,25742.7614295,25742.7614295,25742.7614295,25742.7614295,25742.7614295,25742.7614295,25742.7614295,25742.7614295,25742.7614295,25742.7614295,25742.7614295,25742.7614295,25742.7614295,25742.7614295,25742.7614295,25742.7614295,25742.7614295,25742.7614295,25742.7614295,25742.7614295,25742.7614295,25742.7614295,25742.7614295,25742.7614295,25742.7614295,25742.7614295,25742.7614295,25742.7614295,25742.7614295,25742.7614295,25742.7614295,25742.7614295,25742.7614295,25742.7614295,25742.7614295,25742.7614295,25742.7614295,25742.7614295,25742.7614295,25742.7614295,25742.7614295,25742.7614295,25742.7614295,25742.7614295,25742.7614295,25742.7614295,25742.7614295,25742.7614295,25742.7614295,25742.7614295,25742.7614295,25742.7614295,25742.7614295,25742.7614295,25742.7614295,25742.7614295,25742.7614295,25742.7614295,25742.7614295,25742.7614295,25742.7614295,25742.7614295,25742.7614295,25742.7614295,25742.7614295,25742.7614295,25742.7614295,25742.7614295,25742.7614295,25742.7614295,25742.7614295,25742.7614295,25742.7614295,25742.7614295,25742.7614295,25742.7614295,25742.7614295,25742.7614295,25742.7614295,25742.7614295,25742.7614295,25742.7614295,25742.7614295,25742.7614295,25742.7614295,25742.7614295,25742.7614295,25742.7614295,25742.7614295,25742.7614295,25742.7614295,25742.7614295,25742.7614295,25742.7614295,25742.7614295,25742.7614295,25742.7614295,25742.7614295,25742.7614295,25742.7614295,25742.7614295,25742.7614295,25742.7614295,25742.7614295,25742.7614295,25742.7614295,25742.7614295,25742.7614295,25742.7614295,25742.7614295,25742.7614295,25742.7614295,25742.7614295,25742.7614295,25742.7614295,25742.7614295,25742.7614295,25742.7614295,25742.7614295,25742.7614295,25742.7614295,25742.7614295,25742.7614295,25742.7614295,25742.7614295,25742.7614295,25742.7614295,25742.7614295,25742.7614295,25742.7614295,25742.7614295,25742.7614295,25742.7614295,25742.7614295,25742.7614295,25742.7614295,25742.7614295,25742.7614295,25742.7614295,25742.7614295,25742.7614295,25742.7614295,25742.7614295,25742.7614295,25742.7614295,25742.7614295,25742.7614295,25742.7614295,25742.7614295,25742.7614295,25742.7614295,25742.7614295,25742.7614295,25742.7614295,25742.7614295,25742.7614295,25742.7614295,25742.7614295,25742.7614295,25742.7614295,25742.7614295,25742.7614295,25742.7614295,25742.7614295,25742.7614295,25742.7614295,25742.7614295,25742.7614295,25742.7614295,25742.7614295,25742.7614295,25742.7614295,25742.7614295,25742.7614295,25742.7614295,25742.7614295,25742.7614295,25742.7614295,25742.7614295,25742.7614295,25742.7614295,25742.7614295,25742.7614295,25742.7614295,25742.7614295,25742.7614295,25742.7614295,25742.7614295,25742.7614295,25742.7614295,25742.7614295,25742.7614295,25742.7614295,25742.7614295,25742.7614295,25742.7614295,25742.7614295,25742.7614295,25742.7614295,25742.7614295,25742.7614295,25742.7614295,25742.7614295,25742.7614295,25742.7614295,25742.7614295,25742.7614295,25742.7614295,25742.7614295,25742.7614295,25742.7614295,25742.7614295,25742.7614295,25742.7614295,25742.7614295,25742.7614295,25742.7614295,25742.7614295,25742.7614295,25742.7614295,25742.7614295,25742.7614295,25742.7614295,25742.7614295,25742.7614295,25742.7614295,25742.7614295,25742.7614295,25742.7614295,25742.7614295,25742.7614295,25742.7614295,25742.7614295,25742.7614295,25742.7614295,25742.7614295,25742.7614295,25742.7614295,25742.7614295,25742.7614295,25742.7614295,25742.7614295,25742.7614295,25742.7614295,25742.7614295,25742.7614295,25742.7614295,25742.7614295,25742.7614295,25742.7614295,25742.7614295,25742.7614295,25742.7614295,25742.7614295,25742.7614295,25742.7614295,25742.7614295,25742.7614295,25742.7614295,25742.7614295,25742.7614295,25742.7614295,25742.7614295,25742.7614295,25742.7614295,25742.7614295,25742.7614295,25742.7614295,25742.7614295,25742.7614295,25742.7614295,25742.7614295,25742.7614295,25742.7614295,25742.7614295,25742.7614295,25742.7614295,25742.7614295,25742.7614295,25742.7614295,25742.7614295,25742.7614295,25742.7614295,25742.7614295,25742.7614295,25742.7614295,25742.7614295,25742.7614295,25742.7614295,25742.7614295,25742.7614295,25742.7614295,25742.7614295,25742.7614295,25742.7614295,25742.7614295,25742.7614295,25742.7614295,25742.7614295,25742.7614295,25742.7614295,25742.7614295,25742.7614295,25742.7614295,25742.7614295,25742.7614295,25742.7614295,25742.7614295,25742.7614295,25742.7614295,25742.7614295,25742.7614295,25742.7614295,25742.7614295,25742.7614295,25742.7614295,25742.7614295,25742.7614295,25742.7614295,25742.7614295,25742.7614295,25742.7614295,25742.7614295,25742.7614295,25742.7614295,25742.7614295,25742.7614295,25742.7614295,25742.7614295,25742.7614295,25742.7614295,25742.7614295,25742.7614295,25742.7614295,25742.7614295,25742.7614295,25742.7614295,25742.7614295,25742.7614295,25742.7614295,25742.7614295,25742.7614295,25742.7614295,25742.7614295,25742.7614295,25742.7614295,25742.7614295,25742.7614295,25742.7614295,25742.7614295,25742.7614295,25742.7614295,25742.7614295,25742.7614295,25742.7614295,25742.7614295,25742.7614295,25742.7614295,25742.7614295,25742.7614295,25742.7614295,25742.7614295,25742.7614295,25742.7614295,25742.7614295,25742.7614295,25742.7614295,25742.7614295,25742.7614295,25742.7614295,25742.7614295,25742.7614295,25742.7614295,25742.7614295,25742.7614295,25742.7614295,25742.7614295,25742.7614295,25742.7614295,25742.7614295,25742.7614295,25742.7614295,25742.7614295,25742.7614295,25742.7614295,25742.7614295,25742.7614295,25742.7614295,25742.7614295,25742.7614295,25742.7614295,25742.7614295,25742.7614295,25742.7614295,25742.7614295,25742.7614295,25742.7614295,25742.7614295,25742.7614295,25742.7614295,25742.7614295,25742.7614295,25742.7614295,25742.7614295,25742.7614295,25742.7614295,25742.7614295,25742.7614295,25742.7614295,25742.7614295,25742.7614295,25742.7614295,25742.7614295,25742.7614295,25742.7614295,25742.7614295,25742.7614295,25742.7614295,25742.7614295,25742.7614295,25742.7614295,25742.7614295,25742.7614295,25742.7614295,25742.7614295,25742.7614295,25742.7614295,25742.7614295,25742.7614295,25742.7614295,25742.7614295,25742.7614295,25742.7614295,25742.7614295,25742.7614295,25742.7614295,25742.7614295,25742.7614295,25742.7614295,25742.7614295,25742.7614295,25742.7614295,25742.7614295,25742.7614295,25742.7614295,25742.7614295,25742.7614295,25742.7614295,25742.7614295,25742.7614295,25742.7614295,25742.7614295,25742.7614295,25742.7614295,25742.7614295,25742.7614295,25742.7614295,25742.7614295,25742.7614295,25742.7614295,25742.7614295,25742.7614295,25742.7614295,25742.7614295,25742.7614295,25742.7614295,25742.7614295,25742.7614295,25742.7614295,25742.7614295,25742.7614295,25742.7614295,25742.7614295,25742.7614295,25742.7614295,25742.7614295,25742.7614295,25742.7614295,25742.7614295,25742.7614295,25742.7614295,25742.7614295,25742.7614295,25742.7614295,25742.7614295,25742.7614295,25742.7614295,25742.7614295,25742.7614295,25742.7614295,25742.7614295,25742.7614295,25742.7614295,25742.7614295,25742.7614295,25742.7614295,25742.7614295,25742.7614295,25742.7614295,25742.7614295,25742.7614295,25742.7614295,25742.7614295,25742.7614295,25742.7614295,25742.7614295,25742.7614295,25742.7614295,25742.7614295,25742.7614295,25742.7614295,25742.7614295,25742.7614295,25742.7614295,25742.7614295,25742.7614295,25742.7614295,25742.7614295,25742.7614295,25742.7614295,25742.7614295,25742.7614295,25742.7614295,25742.7614295,25742.7614295,25742.7614295,25742.7614295,25742.7614295,25742.7614295,25742.7614295,25742.7614295,25742.7614295,25742.7614295,25742.7614295,25742.7614295,25742.7614295,25742.7614295,25742.7614295,25742.7614295,25742.7614295,25742.7614295,25742.7614295,25742.7614295,25742.7614295,25742.7614295,25742.7614295,25742.7614295,25742.7614295,25742.7614295,25742.7614295,25742.7614295,25742.7614295,25742.7614295,25742.7614295,25742.7614295,25742.7614295,25742.7614295,25742.7614295,25742.7614295,25742.7614295,25742.7614295,25742.7614295,25742.7614295,25742.7614295,25742.7614295,25742.7614295,25742.7614295,25742.7614295,25742.7614295,25742.7614295,25742.7614295,25742.7614295,25742.7614295,25742.7614295,25742.7614295,25742.7614295,25742.7614295,25742.7614295,25742.7614295,25742.7614295,25742.7614295,25742.7614295,25742.7614295,25742.7614295,25742.7614295,25742.7614295,25742.7614295,25742.7614295,25742.7614295,25742.7614295,25742.7614295,25742.7614295,25742.7614295,25742.7614295,25742.7614295,25742.7614295,25742.7614295,25742.7614295,25742.7614295,25742.7614295,25742.7614295,25742.7614295,25742.7614295,25742.7614295,25742.7614295,25742.7614295,25742.7614295,25742.7614295,25742.7614295,25742.7614295,25742.7614295,25742.7614295,25742.7614295,25742.7614295,25742.7614295,25742.7614295,25742.7614295,25742.7614295,25742.7614295,25742.7614295,25742.7614295,25742.7614295,25742.7614295,25742.7614295,25742.7614295,25742.7614295,25742.7614295,25742.7614295,25742.7614295,25742.7614295,25742.7614295,25742.7614295,25742.7614295,25742.7614295,25742.7614295,25742.7614295,25742.7614295,25742.7614295,25742.7614295,25742.7614295,25742.7614295,25742.7614295,25742.7614295,25742.7614295,25742.7614295,25742.7614295,25742.7614295,25742.7614295,25742.7614295,25742.7614295,25742.7614295,25742.7614295,25742.7614295,25742.7614295,25742.7614295,25742.7614295,25742.7614295,25742.7614295,25742.7614295,25742.7614295,25742.7614295,25742.7614295,25742.7614295,25742.7614295,25742.7614295,25742.7614295,25742.7614295,25742.7614295,25742.7614295,25742.7614295,25742.7614295,25742.7614295,25742.7614295,25742.7614295,25742.7614295,25742.7614295,25742.7614295,25742.7614295,25742.7614295,25742.7614295,25742.7614295,25742.7614295,25742.7614295,25742.7614295,25742.7614295,25742.7614295,25742.7614295,25742.7614295,25742.7614295,25742.7614295,25742.7614295,25742.7614295,25742.7614295,25742.7614295,25742.7614295,25742.7614295,25742.7614295,25742.7614295,25742.7614295,25742.7614295,25742.7614295,25742.7614295,25742.7614295,25742.7614295,25742.7614295,25742.7614295,25742.7614295,25742.7614295,25742.7614295,25742.7614295,25742.7614295,25742.7614295,25742.7614295,25742.7614295,25742.7614295,25742.7614295,25742.7614295,25742.7614295,25742.7614295,25742.7614295,25742.7614295,25742.7614295,25742.7614295,25742.7614295,25742.7614295,25742.7614295,25742.7614295,25742.7614295,25742.7614295,25742.7614295,25742.7614295,25742.7614295,25742.7614295,25742.7614295,25742.7614295,25742.7614295,25742.7614295,25742.7614295,25742.7614295,25742.7614295,25742.7614295,25742.7614295,25742.7614295,25742.7614295,25742.7614295,25742.7614295,25742.7614295,25742.7614295,25742.7614295,25742.7614295,25742.7614295,25742.7614295,25742.7614295,25742.7614295,25742.7614295,25742.7614295,25742.7614295,25742.7614295,25742.7614295,25742.7614295,25742.7614295,25742.7614295,25742.7614295,25742.7614295,25742.7614295,25742.7614295,25742.7614295,25742.7614295,25742.7614295,25742.7614295,25742.7614295,25742.7614295,25742.7614295,25742.7614295,25742.7614295,25742.7614295,25742.7614295,25742.7614295,25742.7614295,25742.7614295,25742.7614295,25742.7614295,25742.7614295,25742.7614295,25742.7614295,25742.7614295,25742.7614295,25742.7614295,25742.7614295,25742.7614295,25742.7614295,25742.7614295,25742.7614295,25742.7614295,25742.7614295,25742.7614295,25742.7614295,25742.7614295,25742.7614295,25742.7614295,25742.7614295,25742.7614295,25742.7614295,25742.7614295,25742.7614295,25742.7614295,25742.7614295,25742.7614295,25742.7614295,25742.7614295,25742.7614295,25742.7614295,25742.7614295,25742.7614295,25742.7614295,25742.7614295,25742.7614295,25742.7614295,25742.7614295,25742.7614295,25742.7614295,25742.7614295,25742.7614295,25742.7614295,25742.7614295,25742.7614295,25742.7614295,25742.7614295,25742.7614295,25742.7614295,25742.7614295,25742.7614295,25742.7614295,25742.7614295,25742.7614295,25742.7614295,25742.7614295,25742.7614295,25742.7614295,25742.7614295,25742.7614295,25742.7614295,25742.7614295,25742.7614295,25742.7614295,25742.7614295,25742.7614295,25742.7614295,25742.7614295,25742.7614295,25742.7614295,25742.7614295,25742.7614295,25742.7614295,25742.7614295,25742.7614295,25742.7614295,25742.7614295,25742.7614295,25742.7614295,25742.7614295,25742.7614295,25742.7614295,25742.7614295,25742.7614295,25742.7614295,25742.7614295,25742.7614295,25742.7614295,25742.7614295,25742.7614295,25742.7614295,25742.7614295,25742.7614295,25742.7614295,25742.7614295,25742.7614295,25742.7614295,25742.7614295,25742.7614295,25742.7614295,25742.7614295,25742.7614295,25742.7614295,25742.7614295,25742.7614295,25742.7614295,25742.7614295,25742.7614295,25742.7614295,25742.7614295,25742.7614295,25742.7614295,25742.7614295,25742.7614295,25742.7614295,25742.7614295,25742.7614295,25742.7614295,25742.7614295,25742.7614295,25742.7614295,25742.7614295,25742.7614295,25742.7614295,25742.7614295,25742.7614295,25742.7614295,25742.7614295,25742.7614295,25742.7614295,25742.7614295,25742.7614295,25742.7614295,25742.7614295,25742.7614295,25742.7614295,25742.7614295,25742.7614295,25742.7614295,25742.7614295,25742.7614295,25742.7614295,25742.7614295,25742.7614295,25742.7614295,25742.7614295,25742.7614295,25742.7614295,25742.7614295,25742.7614295,25742.7614295,25742.7614295,25742.7614295,25742.7614295,25742.7614295,25742.7614295,25742.7614295,25742.7614295,25742.7614295,25742.7614295,25742.7614295,25742.7614295,25742.7614295,25742.7614295,25742.7614295,25742.7614295,25742.7614295,25742.7614295,25742.7614295,25742.7614295,25742.7614295,25742.7614295,25742.7614295,25742.7614295,25742.7614295,25742.7614295,25742.7614295,25742.7614295,25742.7614295,25742.7614295,25742.7614295,25742.7614295,25742.7614295,25742.7614295,25742.7614295,25742.7614295,25742.7614295,25742.7614295,25742.7614295,25742.7614295,25742.7614295,25742.7614295,25742.7614295,25742.7614295,25742.7614295,25742.7614295,25742.7614295,25742.7614295,25742.7614295,25742.7614295,25742.7614295,25742.7614295,25742.7614295,25742.7614295,25742.7614295,25742.7614295,25742.7614295,25742.7614295,25742.7614295,25742.7614295,25742.7614295,25742.7614295,25742.7614295,25742.7614295,25742.7614295,25742.7614295,25742.7614295,25742.7614295,25742.7614295,25742.7614295,25742.7614295,25742.7614295,25742.7614295,25742.7614295,25742.7614295,25742.7614295,25742.7614295,25742.7614295,25742.7614295,25742.7614295,25742.7614295,25742.7614295,25742.7614295,25742.7614295,25742.7614295,25742.7614295,25742.7614295,25742.7614295,25742.7614295,25742.7614295,25742.7614295,25742.7614295,25742.7614295,25742.7614295,25742.7614295,25742.7614295,25742.7614295,25742.7614295,25742.7614295,25742.7614295,25742.7614295,25742.7614295,25742.7614295,25742.7614295,25742.7614295,25742.7614295,25742.7614295,25742.7614295,25742.7614295,25742.7614295,25742.7614295,25742.7614295,25742.7614295,25742.7614295,25742.7614295,25742.7614295,25742.7614295,25742.7614295,25742.7614295,25742.7614295,25742.7614295,25742.7614295,25742.7614295,25742.7614295,25742.7614295,25742.7614295,25742.7614295,25742.7614295,25742.7614295,25742.7614295,25742.7614295,25742.7614295,25742.7614295,25742.7614295,25742.7614295,25742.7614295,25742.7614295,25742.7614295,25742.7614295,25742.7614295,25742.7614295,25742.7614295,25742.7614295,25742.7614295,25742.7614295,25742.7614295,25742.7614295,25742.7614295,25742.7614295,25742.7614295,25742.7614295,25742.7614295,25742.7614295,25742.7614295,25742.7614295,25742.7614295,25742.7614295,25742.7614295,25742.7614295,25742.7614295,25742.7614295,25742.7614295,25742.7614295,25742.7614295,25742.7614295,25742.7614295,25742.7614295,25742.7614295,25742.7614295,25742.7614295,25742.7614295,25742.7614295,25742.7614295,25742.7614295,25742.7614295,25742.7614295,25742.7614295,25742.7614295,25742.7614295,25742.7614295,25742.7614295,25742.7614295,25742.7614295,25742.7614295,25742.7614295,25742.7614295,25742.7614295,25742.7614295,25742.7614295,25742.7614295,25742.7614295,25742.7614295,25742.7614295,25742.7614295,25742.7614295,25742.7614295,25742.7614295,25742.7614295,25742.7614295,25742.7614295,25742.7614295,25742.7614295,25742.7614295,25742.7614295,25742.7614295,25742.7614295,25742.7614295,25742.7614295,25742.7614295,25742.7614295,25742.7614295,25742.7614295,25742.7614295,25742.7614295,25742.7614295,25742.7614295,25742.7614295,25742.7614295,25742.7614295,25742.7614295,25742.7614295,25742.7614295,25742.7614295,25742.7614295,25742.7614295,25742.7614295,25742.7614295,25742.7614295,25742.7614295,25742.7614295,25742.7614295,25742.7614295,25742.7614295,25742.7614295,25742.7614295,25742.7614295,25742.7614295,25742.7614295,25742.7614295,25742.7614295,25742.7614295,25742.7614295,25742.7614295,25742.7614295,25742.7614295,25742.7614295,25742.7614295,25742.7614295,25742.7614295,25742.7614295,25742.7614295,25742.7614295,25742.7614295,25742.7614295,25742.7614295,25742.7614295,25742.7614295,25742.7614295,25742.7614295,25742.7614295,25742.7614295,25742.7614295,25742.7614295,25742.7614295,25742.7614295,25742.7614295,25742.7614295,25742.7614295,25742.7614295,25742.7614295,25742.7614295,25742.7614295,25742.7614295,25742.7614295,25742.7614295,25742.7614295,25742.7614295,25742.7614295,25742.7614295,25742.7614295,25742.7614295,25742.7614295,25742.7614295,25742.7614295,25742.7614295,25742.7614295,25742.7614295,25742.7614295,25742.7614295,25742.7614295,25742.7614295,25742.7614295,25742.7614295,25742.7614295,25742.7614295,25742.7614295,25742.7614295,25742.7614295,25742.7614295,25742.7614295,25742.7614295,25742.7614295,25742.7614295,25742.7614295,25742.7614295,25742.7614295,25742.7614295,25742.7614295,25742.7614295,25742.7614295,25742.7614295,25742.7614295,25742.7614295,25742.7614295,25742.7614295,25742.7614295,25742.7614295,25742.7614295,25742.7614295,25742.7614295,25742.7614295,25742.7614295,25742.7614295,25742.7614295,25742.7614295,25742.7614295,25742.7614295,25742.7614295,25742.7614295,25742.7614295,25742.7614295,25742.7614295,25742.7614295,25742.7614295,25742.7614295,25742.7614295,25742.7614295,25742.7614295,25742.7614295,25742.7614295,25742.7614295,25742.7614295,25742.7614295,25742.7614295,25742.7614295,25742.7614295,25742.7614295,25742.7614295,25742.7614295,25742.7614295,25742.7614295,25742.7614295,25742.7614295,25742.7614295,25742.7614295,25742.7614295,25742.7614295,25742.7614295,25742.7614295,25742.7614295,25742.7614295,25742.7614295,25742.7614295,25742.7614295,25742.7614295,25742.7614295,25742.7614295,25742.7614295,25742.7614295,25742.7614295,25742.7614295,25742.7614295,25742.7614295,25742.7614295,25742.7614295,25742.7614295,25742.7614295,25742.7614295,25742.7614295,25742.7614295,25742.7614295,25742.7614295,25742.7614295,25742.7614295,25742.7614295,25742.7614295,25742.7614295,25742.7614295,25742.7614295,25742.7614295,25742.7614295,25742.7614295,25742.7614295,25742.7614295,25742.7614295,25742.7614295,25742.7614295,25742.7614295,25742.7614295,25742.7614295,25742.7614295,25742.7614295,25742.7614295,25742.7614295,25742.7614295,25742.7614295,25742.7614295,25742.7614295,25742.7614295,25742.7614295,25742.7614295,25742.7614295,25742.7614295,25742.7614295,25742.7614295,25742.7614295,25742.7614295,25742.7614295,25742.7614295,25742.7614295,25742.7614295,25742.7614295,25742.7614295,25742.7614295,25742.7614295,25742.7614295,25742.7614295,25742.7614295,25742.7614295,25742.7614295,25742.7614295,25742.7614295,25742.7614295,25742.7614295,25742.7614295,25742.7614295,25742.7614295,25742.7614295,25742.7614295,25742.7614295,25742.7614295,25742.7614295,25742.7614295,25742.7614295,25742.7614295,25742.7614295,25742.7614295,25742.7614295,25742.7614295,25742.7614295,25742.7614295,25742.7614295,25742.7614295,25742.7614295,25742.7614295,25742.7614295,25742.7614295,25742.7614295,25742.7614295,25742.7614295,25742.7614295,25742.7614295,25742.7614295,25742.7614295,25742.7614295,25742.7614295,25742.7614295,25742.7614295,25742.7614295,25742.7614295,25742.7614295,25742.7614295,25742.7614295,25742.7614295,25742.7614295,25742.7614295,25742.7614295,25742.7614295,25742.7614295,25742.7614295,25742.7614295,25742.7614295,25742.7614295,25742.7614295,25742.7614295,25742.7614295,25742.7614295,25742.7614295,25742.7614295,25742.7614295,25742.7614295,25742.7614295,25742.7614295,25742.7614295,25742.7614295,25742.7614295,25742.7614295,25742.7614295,25742.7614295,25742.7614295,25742.7614295,25742.7614295,25742.7614295,25742.7614295,25742.7614295,25742.7614295,25742.7614295,25742.7614295,25742.7614295,25742.7614295,25742.7614295,25742.7614295,25742.7614295,25742.7614295,25742.7614295,25742.7614295,25742.7614295,25742.7614295,25742.7614295,25742.7614295,25742.7614295,25742.7614295,25742.7614295,25742.7614295,25742.7614295,25742.7614295,25742.7614295,25742.7614295,25742.7614295,25742.7614295,25742.7614295,25742.7614295,25742.7614295,25742.7614295,25742.7614295,25742.7614295,25742.7614295,25742.7614295,25742.7614295,25742.7614295,25742.7614295,25742.7614295,25742.7614295,25742.7614295,25742.7614295,25742.7614295,25742.7614295,25742.7614295,25742.7614295,25742.7614295,25742.7614295,25742.7614295,25742.7614295,25742.7614295,25742.7614295,25742.7614295,25742.7614295,25742.7614295,25742.7614295,25742.7614295,25742.7614295,25742.7614295,25742.7614295,25742.7614295,25742.7614295,25742.7614295,25742.7614295,25742.7614295,25742.7614295,25742.7614295,25742.7614295,25742.7614295,25742.7614295,25742.7614295,25742.7614295,25742.7614295,25742.7614295,25742.7614295,25742.7614295,25742.7614295,25742.7614295,25742.7614295,25742.7614295,25742.7614295,25742.7614295,25742.7614295,25742.7614295,25742.7614295,25742.7614295,25742.7614295,25742.7614295,25742.7614295,25742.7614295,25742.7614295,25742.7614295,25742.7614295,25742.7614295,25742.7614295,25742.7614295,25742.7614295,25742.7614295,25742.7614295,25742.7614295,25742.7614295,25742.7614295,25742.7614295,25742.7614295,25742.7614295,25742.7614295,25742.7614295,25742.7614295,25742.7614295,25742.7614295,25742.7614295,25742.7614295,25742.7614295,25742.7614295,25742.7614295,25742.7614295,25742.7614295,25742.7614295,25742.7614295,25742.7614295,25742.7614295,25742.7614295,25742.7614295,25742.7614295,25742.7614295,25742.7614295,25742.7614295,25742.7614295,25742.7614295,25742.7614295,25742.7614295,25742.7614295,25742.7614295,25742.7614295,25742.7614295,25742.7614295,25742.7614295,25742.7614295,25742.7614295,25742.7614295,25742.7614295,25742.7614295,25742.7614295,25742.7614295,25742.7614295,25742.7614295,25742.7614295,25742.7614295,25742.7614295,25742.7614295,25742.7614295,25742.7614295,25742.7614295,25742.7614295,25742.7614295,25742.7614295,25742.7614295,25742.7614295,25742.7614295,25742.7614295,25742.7614295,25742.7614295,25742.7614295,25742.7614295,25742.7614295,25742.7614295,25742.7614295,25742.7614295,25742.7614295,25742.7614295,25742.7614295,25742.7614295,25742.7614295,25742.7614295,25742.7614295,25742.7614295,25742.7614295,25742.7614295,25742.7614295,25742.7614295,25742.7614295,25742.7614295,25742.7614295,25742.7614295,25742.7614295,25742.7614295,25742.7614295,25742.7614295,25742.7614295,25742.7614295,25742.7614295,25742.7614295,25742.7614295,25742.7614295,25742.7614295,25742.7614295,25742.7614295,25742.7614295,25742.7614295,25742.7614295,25742.7614295,25742.7614295,25742.7614295,25742.7614295,25742.7614295,25742.7614295,25742.7614295,25742.7614295,25742.7614295,25742.7614295,25742.7614295,25742.7614295,25742.7614295,25742.7614295,25742.7614295,25742.7614295,25742.7614295,25742.7614295,25742.7614295,25742.7614295,25742.7614295,25742.7614295,25742.7614295,25742.7614295,25742.7614295,25742.7614295,25742.7614295,25742.7614295,25742.7614295,25742.7614295,25742.7614295,25742.7614295,25742.7614295,25742.7614295,25742.7614295,25742.7614295,25742.7614295,25742.7614295,25742.7614295,25742.7614295,25742.7614295,25742.7614295,25742.7614295,25742.7614295,25742.7614295,25742.7614295,25742.7614295,25742.7614295,25742.7614295,25742.7614295,25742.7614295,25742.7614295,25742.7614295,25742.7614295,25742.7614295,25742.7614295,25742.7614295,25742.7614295,25742.7614295,25742.7614295,25742.7614295,25742.7614295,25742.7614295,25742.7614295,25742.7614295,25742.7614295,25742.7614295,25742.7614295,25742.7614295,25742.7614295,25742.7614295,25742.7614295,25742.7614295,25742.7614295,25742.7614295,25742.7614295,25742.7614295,25742.7614295,25742.7614295,25742.7614295,25742.7614295,25742.7614295,25742.7614295,25742.7614295,25742.7614295,25742.7614295,25742.7614295,25742.7614295,25742.7614295,25742.7614295,25742.7614295,25742.7614295,25742.7614295,25742.7614295,25742.7614295,25742.7614295,25742.7614295,25742.7614295,25742.7614295,25742.7614295,25742.7614295,25742.7614295,25742.7614295,25742.7614295,25742.7614295,25742.7614295,25742.7614295,25742.7614295,25742.7614295,25742.7614295,25742.7614295,25742.7614295,25742.7614295,25742.7614295,25742.7614295,25742.7614295,25742.7614295,25742.7614295,25742.7614295,25742.7614295,25742.7614295,25742.7614295,25742.7614295,25742.7614295,25742.7614295,25742.7614295,25742.7614295,25742.7614295,25742.7614295,25742.7614295,25742.7614295,25742.7614295,25742.7614295,25742.7614295,25742.7614295,25742.7614295,25742.7614295,25742.7614295,25742.7614295,25742.7614295,25742.7614295,25742.7614295,25742.7614295,25742.7614295,25742.7614295,25742.7614295,25742.7614295,25742.7614295,25742.7614295,25742.7614295,25742.7614295,25742.7614295,25742.7614295,25742.7614295,25742.7614295,25742.7614295,25742.7614295,25742.7614295,25742.7614295,25742.7614295,25742.7614295,25742.7614295,25742.7614295,25742.7614295,25742.7614295,25742.7614295,25742.7614295,25742.7614295,25742.7614295,25742.7614295,25742.7614295,25742.7614295,25742.7614295,25742.7614295,25742.7614295,25742.7614295,25742.7614295,25742.7614295,25742.7614295,25742.7614295,25742.7614295,25742.7614295,25742.7614295,25742.7614295,25742.7614295,25742.7614295,25742.7614295,25742.7614295,25742.7614295,25742.7614295,25742.7614295,25742.7614295,25742.7614295,25742.7614295,25742.7614295,25742.7614295,25742.7614295,25742.7614295,25742.7614295,25742.7614295,25742.7614295,25742.7614295,25742.7614295,25742.7614295,25742.7614295,25742.7614295,25742.7614295,25742.7614295,25742.7614295,25742.7614295,25742.7614295,25742.7614295,25742.7614295,25742.7614295,25742.7614295,25742.7614295,25742.7614295,25742.7614295,25742.7614295,25742.7614295,25742.7614295,25742.7614295,25742.7614295,25742.7614295,25742.7614295,25742.7614295,25742.7614295,25742.7614295,25742.7614295,25742.7614295,25742.7614295,25742.7614295,25742.7614295,25742.7614295,25742.7614295,25742.7614295,25742.7614295,25742.7614295,25742.7614295,25742.7614295,25742.7614295,25742.7614295,25742.7614295,25742.7614295,25742.7614295,25742.7614295,25742.7614295,25742.7614295,25742.7614295,25742.7614295,25742.7614295,25742.7614295,25742.7614295,25742.7614295,25742.7614295,25742.7614295,25742.7614295,25742.7614295,25742.7614295,25742.7614295,25742.7614295,25742.7614295,25742.7614295,25742.7614295,25742.7614295,25742.7614295,25742.7614295,25742.7614295,25742.7614295,25742.7614295,25742.7614295,25742.7614295,25742.7614295,25742.7614295,25742.7614295,25742.7614295,25742.7614295,25742.7614295,25742.7614295,25742.7614295,25742.7614295,25742.7614295,25742.7614295,25742.7614295,25742.7614295,25742.7614295,25742.7614295,25742.7614295,25742.7614295,25742.7614295,25742.7614295,25742.7614295,25742.7614295,25742.7614295,25742.7614295,25742.7614295,25742.7614295,25742.7614295,25742.7614295,25742.7614295,25742.7614295,25742.7614295,25742.7614295,25742.7614295,25742.7614295,25742.7614295,25742.7614295,25742.7614295,25742.7614295,25742.7614295,25742.7614295,25742.7614295,25742.7614295,25742.7614295,25742.7614295,25742.7614295,25742.7614295,25742.7614295,25742.7614295,25742.7614295,25742.7614295,25742.7614295,25742.7614295,25742.7614295,25742.7614295,25742.7614295,25742.7614295,25742.7614295,25742.7614295,25742.7614295,25742.7614295,25742.7614295,25742.7614295,25742.7614295,25742.7614295,25742.7614295,25742.7614295,25742.7614295,25742.7614295,25742.7614295,25742.7614295,25742.7614295,25742.7614295,25742.7614295,25742.7614295,25742.7614295,25742.7614295,25742.7614295,25742.7614295,25742.7614295,25742.7614295,25742.7614295,25742.7614295,25742.7614295,25742.7614295,25742.7614295,25742.7614295,25742.7614295,25742.7614295,25742.7614295,25742.7614295,25742.7614295,25742.7614295,25742.7614295,25742.7614295,25742.7614295,25742.7614295,25742.7614295,25742.7614295,25742.7614295,25742.7614295,25742.7614295,25742.7614295,25742.7614295,25742.7614295,25742.7614295,25742.7614295,25742.7614295,25742.7614295,25742.7614295,25742.7614295,25742.7614295,25742.7614295,25742.7614295,25742.7614295,25742.7614295,25742.7614295,25742.7614295,25742.7614295,25742.7614295,25742.7614295,25742.7614295,25742.7614295,25742.7614295,25742.7614295,25742.7614295,25742.7614295,25742.7614295,25742.7614295,25742.7614295,25742.7614295,25742.7614295,25742.7614295,25742.7614295,25742.7614295,25742.7614295,25742.7614295,25742.7614295,25742.7614295,25742.7614295,25742.7614295,25742.7614295,25742.7614295,25742.7614295,25742.7614295,25742.7614295,25742.7614295,25742.7614295,25742.7614295,25742.7614295,25742.7614295,25742.7614295,25742.7614295,25742.7614295,25742.7614295,25742.7614295,25742.7614295,25742.7614295,25742.7614295,25742.7614295,25742.7614295,25742.7614295,25742.7614295,25742.7614295,25742.7614295,25742.7614295,25742.7614295,25742.7614295,25742.7614295,25742.7614295,25742.7614295,25742.7614295,25742.7614295,25742.7614295,25742.7614295,25742.7614295,25742.7614295,25742.7614295,25742.7614295,25742.7614295,25742.7614295,25742.7614295,25742.7614295,25742.7614295,25742.7614295,25742.7614295,25742.7614295,25742.7614295,25742.7614295,25742.7614295,25742.7614295,25742.7614295,25742.7614295,25742.7614295,25742.7614295,25742.7614295,25742.7614295,25742.7614295,25742.7614295,25742.7614295,25742.7614295,25742.7614295,25742.7614295,25742.7614295,25742.7614295,25742.7614295,25742.7614295,25742.7614295,25742.7614295,25742.7614295,25742.7614295,25742.7614295,25742.7614295,25742.7614295,25742.7614295,25742.7614295,25742.7614295,25742.7614295,25742.7614295,25742.7614295,25742.7614295,25742.7614295,25742.7614295,25742.7614295,25742.7614295,25742.7614295,25742.7614295,25742.7614295,25742.7614295,25742.7614295,25742.7614295,25742.7614295,25742.7614295,25742.7614295,25742.7614295,25742.7614295,25742.7614295,25742.7614295,25742.7614295,25742.7614295,25742.7614295,25742.7614295,25742.7614295,25742.7614295,25742.7614295,25742.7614295,25742.7614295,25742.7614295,25742.7614295,25742.7614295,25742.7614295,25742.7614295,25742.7614295,25742.7614295,25742.7614295,25742.7614295,25742.7614295,25742.7614295,25742.7614295,25742.7614295,25742.7614295,25742.7614295,25742.7614295,25742.7614295,25742.7614295,25742.7614295,25742.7614295,25742.7614295,25742.7614295,25742.7614295,25742.7614295,25742.7614295,25742.7614295,25742.7614295,25742.7614295,25742.7614295,25742.7614295,25742.7614295,25742.7614295,25742.7614295,25742.7614295,25742.7614295,25742.7614295,25742.7614295,25742.7614295,25742.7614295,25742.7614295,25742.7614295,25742.7614295,25742.7614295,25742.7614295,25742.7614295,25742.7614295,25742.7614295,25742.7614295,25742.7614295,25742.7614295,25742.7614295,25742.7614295,25742.7614295,25742.7614295,25742.7614295,25742.7614295,25742.7614295,25742.7614295,25742.7614295,25742.7614295,25742.7614295,25742.7614295,25742.7614295,25742.7614295,25742.7614295,25742.7614295,25742.7614295,25742.7614295,25742.7614295,25742.7614295,25742.7614295,25742.7614295,25742.7614295,25742.7614295,25742.7614295,25742.7614295,25742.7614295,25742.7614295,25742.7614295,25742.7614295,25742.7614295,25742.7614295,25742.7614295,25742.7614295,25742.7614295,25742.7614295,25742.7614295,25742.7614295,25742.7614295,25742.7614295,25742.7614295,25742.7614295,25742.7614295,25742.7614295,25742.7614295,25742.7614295,25742.7614295,25742.7614295,25742.7614295,25742.7614295,25742.7614295,25742.7614295,25742.7614295,25742.7614295,25742.7614295,25742.7614295,25742.7614295,25742.7614295,25742.7614295,25742.7614295,25742.7614295,25742.7614295,25742.7614295,25742.7614295,25742.7614295,25742.7614295,25742.7614295,25742.7614295,25742.7614295,25742.7614295,25742.7614295,25742.7614295,25742.7614295,25742.7614295,25742.7614295,25742.7614295,25742.7614295,25742.7614295,25742.7614295,25742.7614295,25742.7614295,25742.7614295,25742.7614295,25742.7614295,25742.7614295,25742.7614295,25742.7614295,25742.7614295,25742.7614295,25742.7614295,25742.7614295,25742.7614295,25742.7614295,25742.7614295,25742.7614295,25742.7614295,25742.7614295,25742.7614295,25742.7614295,25742.7614295,25742.7614295,25742.7614295,25742.7614295,25742.7614295,25742.7614295,25742.7614295,25742.7614295,25742.7614295,25742.7614295,25742.7614295,25742.7614295,25742.7614295,25742.7614295,25742.7614295,25742.7614295,25742.7614295,25742.7614295,25742.7614295,25742.7614295,25742.7614295,25742.7614295,25742.7614295,25742.7614295,25742.7614295,25742.7614295,25742.7614295,25742.7614295,25742.7614295,25742.7614295,25742.7614295,25742.7614295,25742.7614295,25742.7614295,25742.7614295,25742.7614295,25742.7614295,25742.7614295,25742.7614295,25742.7614295,25742.7614295,25742.7614295,25742.7614295,25742.7614295,25742.7614295,25742.7614295,25742.7614295,25742.7614295,25742.7614295,25742.7614295,25742.7614295,25742.7614295,25742.7614295,25742.7614295,25742.7614295,25742.7614295,25742.7614295,25742.7614295,25742.7614295,25742.7614295,25742.7614295,25742.7614295,25742.7614295,25742.7614295,25742.7614295,25742.7614295,25742.7614295,25742.7614295,25742.7614295,25742.7614295,25742.7614295,25742.7614295,25742.7614295,25742.7614295,25742.7614295,25742.7614295,25742.7614295,25742.7614295,25742.7614295,25742.7614295,25742.7614295,25742.7614295,25742.7614295,25742.7614295,25742.7614295,25742.7614295,25742.7614295,25742.7614295,25742.7614295,25742.7614295,25742.7614295,25742.7614295,25742.7614295,25742.7614295,25742.7614295,25742.7614295,25742.7614295,25742.7614295,25742.7614295,25742.7614295,25742.7614295,25742.7614295,25742.7614295,25742.7614295,25742.7614295,25742.7614295,25742.7614295,25742.7614295,25742.7614295,25742.7614295,25742.7614295,25742.7614295,25742.7614295,25742.7614295,25742.7614295,25742.7614295,25742.7614295,25742.7614295,25742.7614295,25742.7614295,25742.7614295,25742.7614295,25742.7614295,25742.7614295,25742.7614295,25742.7614295,25742.7614295,25742.7614295,25742.7614295,25742.7614295,25742.7614295,25742.7614295,25742.7614295,25742.7614295,25742.7614295,25742.7614295,25742.7614295,25742.7614295,25742.7614295,25742.7614295,25742.7614295,25742.7614295,25742.7614295,25742.7614295,25742.7614295,25742.7614295,25742.7614295,25742.7614295,25742.7614295,25742.7614295,25742.7614295,25742.7614295,25742.7614295,25742.7614295,25742.7614295,25742.7614295,25742.7614295,25742.7614295,25742.7614295,25742.7614295,25742.7614295,25742.7614295,25742.7614295,25742.7614295,25742.7614295,25742.7614295,25742.7614295,25742.7614295,25742.7614295,25742.7614295,25742.7614295,25742.7614295,25742.7614295,25742.7614295,25742.7614295,25742.7614295,25742.7614295,25742.7614295,25742.7614295,25742.7614295,25742.7614295,25742.7614295,25742.7614295,25742.7614295,25742.7614295,25742.7614295,25742.7614295,25742.7614295,25742.7614295,25742.7614295,25742.7614295,25742.7614295,25742.7614295,25742.7614295,25742.7614295,25742.7614295,25742.7614295,25742.7614295,25742.7614295,25742.7614295,25742.7614295,25742.7614295,25742.7614295,25742.7614295,25742.7614295,25742.7614295,25742.7614295,25742.7614295,25742.7614295,25742.7614295,25742.7614295,25742.7614295,25742.7614295,25742.7614295,25742.7614295,25742.7614295,25742.7614295,25742.7614295,25742.7614295,25742.7614295,25742.7614295,25742.7614295,25742.7614295,25742.7614295,25742.7614295,25742.7614295,25742.7614295,25742.7614295,25742.7614295,25742.7614295,25742.7614295,25742.7614295,25742.7614295,25742.7614295,25742.7614295,25742.7614295,25742.7614295,25742.7614295,25742.7614295,25742.7614295,25742.7614295,25742.7614295,25742.7614295,25742.7614295,25742.7614295,25742.7614295,25742.7614295,25742.7614295,25742.7614295,25742.7614295,25742.7614295,25742.7614295,25742.7614295,25742.7614295,25742.7614295,25742.7614295,25742.7614295,25742.7614295,25742.7614295,25742.7614295,25742.7614295,25742.7614295,25742.7614295,25742.7614295,25742.7614295,25742.7614295,25742.7614295,25742.7614295,25742.7614295,25742.7614295,25742.7614295,25742.7614295,25742.7614295,25742.7614295,25742.7614295,25742.7614295,25742.7614295,25742.7614295,25742.7614295,25742.7614295,25742.7614295,25742.7614295,25742.7614295,25742.7614295,25742.7614295,25742.7614295,25742.7614295,25742.7614295,25742.7614295,25742.7614295,25742.7614295,25742.7614295,25742.7614295,25742.7614295,25742.7614295,25742.7614295,25742.7614295,25742.7614295,25742.7614295,25742.7614295,25742.7614295,25742.7614295,25742.7614295,25742.7614295,25742.7614295,25742.7614295,25742.7614295,25742.7614295,25742.7614295,25742.7614295,25742.7614295,25742.7614295,25742.7614295,25742.7614295,25742.7614295,25742.7614295,25742.7614295,25742.7614295,25742.7614295,25742.7614295,25742.7614295,25742.7614295,25742.7614295,25742.7614295,25742.7614295,25742.7614295,25742.7614295,25742.7614295,25742.7614295,25742.7614295,25742.7614295,25742.7614295,25742.7614295,25742.7614295,25742.7614295,25742.7614295,25742.7614295,25742.7614295,25742.7614295,25742.7614295,25742.7614295,25742.7614295,25742.7614295,25742.7614295,25742.7614295,25742.7614295,25742.7614295,25742.7614295,25742.7614295,25742.7614295,25742.7614295,25742.7614295,25742.7614295,25742.7614295,25742.7614295,25742.7614295,25742.7614295,25742.7614295,25742.7614295,25742.7614295,25742.7614295,25742.7614295,25742.7614295,25742.7614295,25742.7614295,25742.7614295,25742.7614295,25742.7614295,25742.7614295,25742.7614295,25742.7614295,25742.7614295,25742.7614295,25742.7614295,25742.7614295,25742.7614295,25742.7614295,25742.7614295,25742.7614295,25742.7614295,25742.7614295,25742.7614295,25742.7614295,25742.7614295,25742.7614295,25742.7614295,25742.7614295,25742.7614295,25742.7614295,25742.7614295,25742.7614295,25742.7614295,25742.7614295,25742.7614295,25742.7614295,25742.7614295,25742.7614295,25742.7614295,25742.7614295,25742.7614295,25742.7614295,25742.7614295,25742.7614295,25742.7614295,25742.7614295,25742.7614295,25742.7614295,25742.7614295,25742.7614295,25742.7614295,25742.7614295,25742.7614295,25742.7614295,25742.7614295,25742.7614295,25742.7614295,25742.7614295,25742.7614295,25742.7614295,25742.7614295,25742.7614295,25742.7614295,25742.7614295,25742.7614295,25742.7614295,25742.7614295,25742.7614295,25742.7614295,25742.7614295,25742.7614295,25742.7614295,25742.7614295,25742.7614295,25742.7614295,25742.7614295,25742.7614295,25742.7614295,25742.7614295,25742.7614295,25742.7614295,25742.7614295,25742.7614295,25742.7614295,25742.7614295,25742.7614295,25742.7614295,25742.7614295,25742.7614295,25742.7614295,25742.7614295,25742.7614295,25742.7614295,25742.7614295,25742.7614295,25742.7614295,25742.7614295,25742.7614295,25742.7614295,25742.7614295,25742.7614295,25742.7614295,25742.7614295,25742.7614295,25742.7614295,25742.7614295,25742.7614295,25742.7614295,25742.7614295,25742.7614295,25742.7614295,25742.7614295,25742.7614295,25742.7614295,25742.7614295,25742.7614295,25742.7614295,25742.7614295,25742.7614295,25742.7614295,25742.7614295,25742.7614295,25742.7614295,25742.7614295,25742.7614295,25742.7614295,25742.7614295,25742.7614295,25742.7614295,25742.7614295,25742.7614295,25742.7614295,25742.7614295,25742.7614295,25742.7614295,25742.7614295,25742.7614295,25742.7614295,25742.7614295,25742.7614295,25742.7614295,25742.7614295,25742.7614295,25742.7614295,25742.7614295,25742.7614295,25742.7614295,25742.7614295,25742.7614295,25742.7614295,25742.7614295,25742.7614295,25742.7614295,25742.7614295,25742.7614295,25742.7614295,25742.7614295,25742.7614295,25742.7614295,25742.7614295,25742.7614295,25742.7614295,25742.7614295,25742.7614295,25742.7614295,25742.7614295,25742.7614295,25742.7614295,25742.7614295,25742.7614295,25742.7614295,25742.7614295,25742.7614295,25742.7614295,25742.7614295,25742.7614295,25742.7614295,25742.7614295,25742.7614295,25742.7614295,25742.7614295,25742.7614295,25742.7614295,25742.7614295,25742.7614295,25742.7614295,25742.7614295,25742.7614295,25742.7614295,25742.7614295,25742.7614295,25742.7614295,25742.7614295,25742.7614295,25742.7614295,25742.7614295,25742.7614295,25742.7614295,25742.7614295,25742.7614295,25742.7614295,25742.7614295,25742.7614295,25742.7614295,25742.7614295,25742.7614295,25742.7614295,25742.7614295,25742.7614295,25742.7614295,25742.7614295,25742.7614295,25742.7614295,25742.7614295,25742.7614295,25742.7614295,25742.7614295,25742.7614295,25742.7614295,25742.7614295,25742.7614295,25742.7614295,25742.7614295,25742.7614295,25742.7614295,25742.7614295,25742.7614295,25742.7614295,25742.7614295,25742.7614295,25742.7614295,25742.7614295,25742.7614295,25742.7614295,25742.7614295,25742.7614295,25742.7614295,25742.7614295,25742.7614295,25742.7614295,25742.7614295,25742.7614295,25742.7614295,25742.7614295,25742.7614295,25742.7614295,25742.7614295,25742.7614295,25742.7614295,25742.7614295,25742.7614295,25742.7614295,25742.7614295,25742.7614295,25742.7614295,25742.7614295,25742.7614295,25742.7614295,25742.7614295,25742.7614295,25742.7614295,25742.7614295,25742.7614295,25742.7614295,25742.7614295,25742.7614295,25742.7614295,25742.7614295,25742.7614295,25742.7614295,25742.7614295,25742.7614295,25742.7614295,25742.7614295,25742.7614295,25742.7614295,25742.7614295,25742.7614295,25742.7614295,25742.7614295,25742.7614295,25742.7614295,25742.7614295,25742.7614295,25742.7614295,25742.7614295,25742.7614295,25742.7614295,25742.7614295,25742.7614295,25742.7614295,25742.7614295,25742.7614295,25742.7614295,25742.7614295,25742.7614295,25742.7614295,25742.7614295,25742.7614295,25742.7614295,25742.7614295,25742.7614295,25742.7614295,25742.7614295,25742.7614295,25742.7614295,25742.7614295,25742.7614295,25742.7614295,25742.7614295,25742.7614295,25742.7614295,25742.7614295,25742.7614295,25742.7614295,25742.7614295,25742.7614295,25742.7614295,25742.7614295,25742.7614295,25742.7614295,25742.7614295,25742.7614295,25742.7614295,25742.7614295,25742.7614295,25742.7614295,25742.7614295,25742.7614295,25742.7614295,25742.7614295,25742.7614295,25742.7614295,25742.7614295,25742.7614295,25742.7614295,25742.7614295,25742.7614295,25742.7614295,25742.7614295,25742.7614295,25742.7614295,25742.7614295,25742.7614295,25742.7614295,25742.7614295,25742.7614295,25742.7614295,25742.7614295,25742.7614295,25742.7614295,25742.7614295,25742.7614295,25742.7614295,25742.7614295,25742.7614295,25742.7614295,25742.7614295,25742.7614295,25742.7614295,25742.7614295,25742.7614295,25742.7614295,25742.7614295,25742.7614295,25742.7614295,25742.7614295,25742.7614295,25742.7614295,25742.7614295,25742.7614295,25742.7614295,25742.7614295,25742.7614295,25742.7614295,25742.7614295,25742.7614295,25742.7614295,25742.7614295,25742.7614295,25742.7614295,25742.7614295,25742.7614295,25742.7614295,25742.7614295,25742.7614295,25742.7614295,25742.7614295,25742.7614295,25742.7614295,25742.7614295,25742.7614295,25742.7614295,25742.7614295,25742.7614295,25742.7614295,25742.7614295,25742.7614295,25742.7614295,25742.7614295,25742.7614295,25742.7614295,25742.7614295,25742.7614295,25742.7614295,25742.7614295,25742.7614295,25742.7614295,25742.7614295,25742.7614295,25742.7614295,25742.7614295,25742.7614295,25742.7614295,25742.7614295,25742.7614295,25742.7614295,25742.7614295,25742.7614295,25742.7614295,25742.7614295,25742.7614295,25742.7614295,25742.7614295,25742.7614295,25742.7614295,25742.7614295,25742.7614295,25742.7614295,25742.7614295,25742.7614295,25742.7614295,25742.7614295,25742.7614295,25742.7614295,25742.7614295,25742.7614295,25742.7614295,25742.7614295,25742.7614295,25742.7614295,25742.7614295,25742.7614295,25742.7614295,25742.7614295,25742.7614295,25742.7614295,25742.7614295,25742.7614295,25742.7614295,25742.7614295,25742.7614295,25742.7614295,25742.7614295,25742.7614295,25742.7614295,25742.7614295,25742.7614295,25742.7614295,25742.7614295,25742.7614295,25742.7614295,25742.7614295,25742.7614295,25742.7614295,25742.7614295,25742.7614295,25742.7614295,25742.7614295,25742.7614295,25742.7614295,25742.7614295,25742.7614295,25742.7614295,25742.7614295,25742.7614295,25742.7614295,25742.7614295,25742.7614295,25742.7614295,25742.7614295,25742.7614295,25742.7614295,25742.7614295,25742.7614295,25742.7614295,25742.7614295,25742.7614295,25742.7614295,25742.7614295,25742.7614295,25742.7614295,25742.7614295,25742.7614295,25742.7614295,25742.7614295,25742.7614295,25742.7614295,25742.7614295,25742.7614295,25742.7614295,25742.7614295,25742.7614295,25742.7614295,25742.7614295,25742.7614295,25742.7614295,25742.7614295,25742.7614295,25742.7614295,25742.7614295,25742.7614295,25742.7614295,25742.7614295,25742.7614295,25742.7614295,25742.7614295,25742.7614295,25742.7614295,25742.7614295,25742.7614295,25742.7614295,25742.7614295,25742.7614295,25742.7614295,25742.7614295,25742.7614295,25742.7614295,25742.7614295,25742.7614295,25742.7614295,25742.7614295,25742.7614295,25742.7614295,25742.7614295,25742.7614295,25742.7614295,25742.7614295,25742.7614295,25742.7614295,25742.7614295,25742.7614295,25742.7614295,25742.7614295,25742.7614295,25742.7614295,25742.7614295,25742.7614295,25742.7614295,25742.7614295,25742.7614295,25742.7614295,25742.7614295,25742.7614295,25742.7614295,25742.7614295,25742.7614295,25742.7614295,25742.7614295,25742.7614295,25742.7614295,25742.7614295,25742.7614295,25742.7614295,25742.7614295,25742.7614295,25742.7614295,25742.7614295,25742.7614295,25742.7614295,25742.7614295,25742.7614295,25742.7614295,25742.7614295,25742.7614295,25742.7614295,25742.7614295,25742.7614295,25742.7614295,25742.7614295,25742.7614295,25742.7614295,25742.7614295,25742.7614295,25742.7614295,25742.7614295,25742.7614295,25742.7614295,25742.7614295,25742.7614295,25742.7614295,25742.7614295,25742.7614295,25742.7614295,25742.7614295,25742.7614295,25742.7614295,25742.7614295,25742.7614295,25742.7614295,25742.7614295,25742.7614295,25742.7614295,25742.7614295,25742.7614295,25742.7614295,25742.7614295,25742.7614295,25742.7614295,25742.7614295,25742.7614295,25742.7614295,25742.7614295,25742.7614295,25742.7614295,25742.7614295,25742.7614295,25742.7614295,25742.7614295,25742.7614295,25742.7614295,25742.7614295,25742.7614295,25742.7614295,25742.7614295,25742.7614295,25742.7614295,25742.7614295,25742.7614295,25742.7614295,25742.7614295,25742.7614295,25742.7614295,25742.7614295,25742.7614295,25742.7614295,25742.7614295,25742.7614295,25742.7614295,25742.7614295,25742.7614295,25742.7614295,25742.7614295,25742.7614295,25742.7614295,25742.7614295,25742.7614295,25742.7614295,25742.7614295,25742.7614295,25742.7614295,25742.7614295,25742.7614295,25742.7614295,25742.7614295,25742.7614295,25742.7614295,25742.7614295,25742.7614295,25742.7614295,25742.7614295,25742.7614295,25742.7614295,25742.7614295,25742.7614295,25742.7614295,25742.7614295,25742.7614295,25742.7614295,25742.7614295,25742.7614295,25742.7614295,25742.7614295,25742.7614295,25742.7614295,25742.7614295,25742.7614295,25742.7614295,25742.7614295,25742.7614295,25742.7614295,25742.7614295,25742.7614295,25742.7614295,25742.7614295,25742.7614295,25742.7614295,25742.7614295,25742.7614295,25742.7614295,25742.7614295,25742.7614295,25742.7614295,25742.7614295,25742.7614295,25742.7614295,25742.7614295,25742.7614295,25742.7614295,25742.7614295,25742.7614295,25742.7614295,25742.7614295,25742.7614295,25742.7614295,25742.7614295,25742.7614295,25742.7614295,25742.7614295,25742.7614295,25742.7614295,25742.7614295,25742.7614295,25742.7614295,25742.7614295,25742.7614295,25742.7614295,25742.7614295,25742.7614295,25742.7614295,25742.7614295,25742.7614295,25742.7614295,25742.7614295,25742.7614295,25742.7614295,25742.7614295,25742.7614295,25742.7614295,25742.7614295,25742.7614295,25742.7614295,25742.7614295,25742.7614295,25742.7614295,25742.7614295,25742.7614295,25742.7614295,25742.7614295,25742.7614295,25742.7614295,25742.7614295,25742.7614295,25742.7614295,25742.7614295,25742.7614295,25742.7614295,25742.7614295,25742.7614295,25742.7614295,25742.7614295,25742.7614295,25742.7614295,25742.7614295,25742.7614295,25742.7614295,25742.7614295,25742.7614295,25742.7614295,25742.7614295,25742.7614295,25742.7614295,25742.7614295,25742.7614295,25742.7614295,25742.7614295,25742.7614295,25742.7614295,25742.7614295,25742.7614295,25742.7614295,25742.7614295,25742.7614295,25742.7614295,25742.7614295,25742.7614295,25742.7614295,25742.7614295,25742.7614295,25742.7614295,25742.7614295,25742.7614295,25742.7614295,25742.7614295,25742.7614295,25742.7614295,25742.7614295,25742.7614295,25742.7614295,25742.7614295,25742.7614295,25742.7614295,25742.7614295,25742.7614295,25742.7614295,25742.7614295,25742.7614295,25742.7614295,25742.7614295,25742.7614295,25742.7614295,25742.7614295,25742.7614295,25742.7614295,25742.7614295,25742.7614295,25742.7614295,25742.7614295,25742.7614295,25742.7614295,25742.7614295,25742.7614295,25742.7614295,25742.7614295,25742.7614295,25742.7614295,25742.7614295,25742.7614295,25742.7614295,25742.7614295,25742.7614295,25742.7614295,25742.7614295,25742.7614295,25742.7614295,25742.7614295,25742.7614295,25742.7614295,25742.7614295,25742.7614295,25742.7614295,25742.7614295,25742.7614295,25742.7614295,25742.7614295,25742.7614295,25742.7614295,25742.7614295,25742.7614295,25742.7614295,25742.7614295,25742.7614295,25742.7614295,25742.7614295,25742.7614295,25742.7614295,25742.7614295,25742.7614295,25742.7614295,25742.7614295,25742.7614295,25742.7614295,25742.7614295,25742.7614295,25742.7614295,25742.7614295,25742.7614295,25742.7614295,25742.7614295,25742.7614295,25742.7614295,25742.7614295,25742.7614295,25742.7614295,25742.7614295,25742.7614295,25742.7614295,25742.7614295,25742.7614295,25742.7614295,25742.7614295,25742.7614295,25742.7614295,25742.7614295,25742.7614295,25742.7614295,25742.7614295,25742.7614295,25742.7614295,25742.7614295,25742.7614295,25742.7614295,25742.7614295,25742.7614295,25742.7614295,25742.7614295,25742.7614295,25742.7614295,25742.7614295,25742.7614295,25742.7614295,25742.7614295,25742.7614295,25742.7614295,25742.7614295,25742.7614295,25742.7614295,25742.7614295,25742.7614295,25742.7614295,25742.7614295,25742.7614295,25742.7614295,25742.7614295,25742.7614295,25742.7614295,25742.7614295,25742.7614295,25742.7614295,25742.7614295,25742.7614295,25742.7614295,25742.7614295,25742.7614295,25742.7614295,25742.7614295,25742.7614295,25742.7614295,25742.7614295,25742.7614295,25742.7614295,25742.7614295,25742.7614295,25742.7614295,25742.7614295,25742.7614295,25742.7614295,25742.7614295,25742.7614295,25742.7614295,25742.7614295,25742.7614295,25742.7614295,25742.7614295,25742.7614295,25742.7614295,25742.7614295,25742.7614295,25742.7614295,25742.7614295,25742.7614295,25742.7614295,25742.7614295,25742.7614295,25742.7614295,25742.7614295,25742.7614295,25742.7614295,25742.7614295,25742.7614295,25742.7614295,25742.7614295,25742.7614295,25742.7614295,25742.7614295,25742.7614295,25742.7614295,25742.7614295,25742.7614295,25742.7614295,25742.7614295,25742.7614295,25742.7614295,25742.7614295,25742.7614295,25742.7614295,25742.7614295,25742.7614295,25742.7614295,25742.7614295,25742.7614295,25742.7614295,25742.7614295,25742.7614295,25742.7614295,25742.7614295,25742.7614295,25742.7614295,25742.7614295,25742.7614295,25742.7614295,25742.7614295,25742.7614295,25742.7614295,25742.7614295,25742.7614295,25742.7614295,25742.7614295,25742.7614295,25742.7614295,25742.7614295,25742.7614295,25742.7614295,25742.7614295,25742.7614295,25742.7614295,25742.7614295,25742.7614295,25742.7614295,25742.7614295,25742.7614295,25742.7614295,25742.7614295,25742.7614295,25742.7614295,25742.7614295,25742.7614295,25742.7614295,25742.7614295,25742.7614295,25742.7614295,25742.7614295,25742.7614295,25742.7614295,25742.7614295,25742.7614295,25742.7614295,25742.7614295,25742.7614295,25742.7614295,25742.7614295,25742.7614295,25742.7614295,25742.7614295,25742.7614295,25742.7614295,25742.7614295,25742.7614295,25742.7614295,25742.7614295,25742.7614295,25742.7614295,25742.7614295,25742.7614295,25742.7614295,25742.7614295,25742.7614295,25742.7614295,25742.7614295,25742.7614295,25742.7614295,25742.7614295,25742.7614295,25742.7614295,25742.7614295,25742.7614295,25742.7614295,25742.7614295,25742.7614295,25742.7614295,25742.7614295,25742.7614295,25742.7614295,25742.7614295,25742.7614295,25742.7614295,25742.7614295,25742.7614295,25742.7614295,25742.7614295,25742.7614295,25742.7614295,25742.7614295,25742.7614295,25742.7614295,25742.7614295,25742.7614295,25742.7614295,25742.7614295,25742.7614295,25742.7614295,25742.7614295,25742.7614295,25742.7614295,25742.7614295,25742.7614295,25742.7614295,25742.7614295,25742.7614295,25742.7614295,25742.7614295,25742.7614295,25742.7614295,25742.7614295,25742.7614295,25742.7614295,25742.7614295,25742.7614295,25742.7614295,25742.7614295,25742.7614295,25742.7614295,25742.7614295,25742.7614295,25742.7614295,25742.7614295,25742.7614295,25742.7614295,25742.7614295,25742.7614295,25742.7614295,25742.7614295,25742.7614295,25742.7614295,25742.7614295,25742.7614295,25742.7614295,25742.7614295,25742.7614295,25742.7614295,25742.7614295,25742.7614295,25742.7614295,25742.7614295,25742.7614295,25742.7614295,25742.7614295,25742.7614295,25742.7614295,25742.7614295,25742.7614295,25742.7614295,25742.7614295,25742.7614295,25742.7614295,25742.7614295,25742.7614295,25742.7614295,25742.7614295,25742.7614295,25742.7614295,25742.7614295,25742.7614295,25742.7614295,25742.7614295,25742.7614295,25742.7614295,25742.7614295,25742.7614295,25742.7614295,25742.7614295,25742.7614295,25742.7614295,25742.7614295,25742.7614295,25742.7614295,25742.7614295,25742.7614295,25742.7614295,25742.7614295,25742.7614295,25742.7614295,25742.7614295,25742.7614295,25742.7614295,25742.7614295,25742.7614295,25742.7614295,25742.7614295,25742.7614295,25742.7614295,25742.7614295,25742.7614295,25742.7614295,25742.7614295,25742.7614295,25742.7614295,25742.7614295,25742.7614295,25742.7614295,25742.7614295,25742.7614295,25742.7614295,25742.7614295,25742.7614295,25742.7614295,25742.7614295,25742.7614295,25742.7614295,25742.7614295,25742.7614295,25742.7614295,25742.7614295,25742.7614295,25742.7614295,25742.7614295,25742.7614295,25742.7614295,25742.7614295,25742.7614295,25742.7614295,25742.7614295,25742.7614295,25742.7614295,25742.7614295,25742.7614295,25742.7614295,25742.7614295,25742.7614295,25742.7614295,25742.7614295,25742.7614295,25742.7614295,25742.7614295,25742.7614295,25742.7614295,25742.7614295,25742.7614295,25742.7614295,25742.7614295,25742.7614295,25742.7614295,25742.7614295,25742.7614295,25742.7614295,25742.7614295,25742.7614295,25742.7614295,25742.7614295,25742.7614295,25742.7614295,25742.7614295,25742.7614295,25742.7614295,25742.7614295,25742.7614295,25742.7614295,25742.7614295,25742.7614295,25742.7614295,25742.7614295,25742.7614295,25742.7614295,25742.7614295,25742.7614295,25742.7614295,25742.7614295,25742.7614295,25742.7614295,25742.7614295,25742.7614295,25742.7614295,25742.7614295,25742.7614295,25742.7614295,25742.7614295,25742.7614295,25742.7614295,25742.7614295,25742.7614295,25742.7614295,25742.7614295,25742.7614295,25742.7614295,25742.7614295,25742.7614295,25742.7614295,25742.7614295,25742.7614295,25742.7614295,25742.7614295,25742.7614295,25742.7614295,25742.7614295,25742.7614295,25742.7614295,25742.7614295,25742.7614295,25742.7614295,25742.7614295,25742.7614295,25742.7614295,25742.7614295,25742.7614295,25742.7614295,25742.7614295,25742.7614295,25742.7614295,25742.7614295,25742.7614295,25742.7614295,25742.7614295,25742.7614295,25742.7614295,25742.7614295,25742.7614295,25742.7614295,25742.7614295,25742.7614295,25742.7614295,25742.7614295,25742.7614295,25742.7614295,25742.7614295,25742.7614295,25742.7614295,25742.7614295,25742.7614295,25742.7614295,25742.7614295,25742.7614295,25742.7614295,25742.7614295,25742.7614295,25742.7614295,25742.7614295,25742.7614295,25742.7614295,25742.7614295,25742.7614295,25742.7614295,25742.7614295,25742.7614295,25742.7614295,25742.7614295,25742.7614295,25742.7614295,25742.7614295,25742.7614295,25742.7614295,25742.7614295,25742.7614295,25742.7614295,25742.7614295,25742.7614295,25742.7614295,25742.7614295,25742.7614295,25742.7614295,25742.7614295,25742.7614295,25742.7614295,25742.7614295,25742.7614295,25742.7614295,25742.7614295,25742.7614295,25742.7614295,25742.7614295,25742.7614295,25742.7614295,25742.7614295,25742.7614295,25742.7614295,25742.7614295,25742.7614295,25742.7614295,25742.7614295,25742.7614295,25742.7614295,25742.7614295,25742.7614295,25742.7614295,25742.7614295,25742.7614295,25742.7614295,25742.7614295,25742.7614295,25742.7614295,25742.7614295,25742.7614295,25742.7614295,25742.7614295,25742.7614295,25742.7614295,25742.7614295,25742.7614295,25742.7614295,25742.7614295,25742.7614295,25742.7614295,25742.7614295,25742.7614295,25742.7614295,25742.7614295,25742.7614295,25742.7614295,25742.7614295,25742.7614295,25742.7614295,25742.7614295,25742.7614295,25742.7614295,25742.7614295,25742.7614295,25742.7614295,25742.7614295,25742.7614295,25742.7614295,25742.7614295,25742.7614295,25742.7614295,25742.7614295,25742.7614295,25742.7614295,25742.7614295,25742.7614295,25742.7614295,25742.7614295,25742.7614295,25742.7614295,25742.7614295,25742.7614295,25742.7614295,25742.7614295,25742.7614295,25742.7614295,25742.7614295,25742.7614295,25742.7614295,25742.7614295,25742.7614295,25742.7614295,25742.7614295,25742.7614295,25742.7614295,25742.7614295,25742.7614295,25742.7614295,25742.7614295,25742.7614295,25742.7614295,25742.7614295,25742.7614295,25742.7614295,25742.7614295,25742.7614295,25742.7614295,25742.7614295,25742.7614295,25742.7614295,25742.7614295,25742.7614295,25742.7614295,25742.7614295,25742.7614295,25742.7614295,25742.7614295,25742.7614295,25742.7614295,25742.7614295,25742.7614295,25742.7614295,25742.7614295,25742.7614295,25742.7614295,25742.7614295,25742.7614295,25742.7614295,25742.7614295,25742.7614295,25742.7614295,25742.7614295,25742.7614295,25742.7614295,25742.7614295,25742.7614295,25742.7614295,25742.7614295,25742.7614295,25742.7614295,25742.7614295,25742.7614295,25742.7614295,25742.7614295,25742.7614295,25742.7614295,25742.7614295,25742.7614295,25742.7614295,25742.7614295,25742.7614295,25742.7614295,25742.7614295,25742.7614295,25742.7614295,25742.7614295,25742.7614295,25742.7614295,25742.7614295,25742.7614295,25742.7614295,25742.7614295,25742.7614295,25742.7614295,25742.7614295,25742.7614295,25742.7614295,25742.7614295,25742.7614295,25742.7614295,25742.7614295,25742.7614295,25742.7614295,25742.7614295,25742.7614295,25742.7614295,25742.7614295,25742.7614295,25742.7614295,25742.7614295,25742.7614295,25742.7614295,25742.7614295,25742.7614295,25742.7614295,25742.7614295,25742.7614295,25742.7614295,25742.7614295,25742.7614295,25742.7614295,25742.7614295,25742.7614295,25742.7614295,25742.7614295,25742.7614295,25742.7614295,25742.7614295,25742.7614295,25742.7614295,25742.7614295,25742.7614295,25742.7614295,25742.7614295,25742.7614295,25742.7614295,25742.7614295,25742.7614295,25742.7614295,25742.7614295,25742.7614295,25742.7614295,25742.7614295,25742.7614295,25742.7614295,25742.7614295,25742.7614295,25742.7614295,25742.7614295,25742.7614295,25742.7614295,25742.7614295,25742.7614295,25742.7614295,25742.7614295,25742.7614295,25742.7614295,25742.7614295,25742.7614295,25742.7614295,25742.7614295,25742.7614295,25742.7614295,25742.7614295,25742.7614295,25742.7614295,25742.7614295,25742.7614295,25742.7614295,25742.7614295,25742.7614295,25742.7614295,25742.7614295,25742.7614295,25742.7614295,25742.7614295,25742.7614295,25742.7614295,25742.7614295,25742.7614295,25742.7614295,25742.7614295,25742.7614295,25742.7614295,25742.7614295,25742.7614295,25742.7614295,25742.7614295,25742.7614295,25742.7614295,25742.7614295,25742.7614295,25742.7614295,25742.7614295,25742.7614295,25742.7614295,25742.7614295,25742.7614295,25742.7614295,25742.7614295,25742.7614295,25742.7614295,25742.7614295,25742.7614295,25742.7614295,25742.7614295,25742.7614295,25742.7614295,25742.7614295,25742.7614295,25742.7614295,25742.7614295,25742.7614295,25742.7614295,25742.7614295,25742.7614295,25742.7614295,25742.7614295,25742.7614295,25742.7614295,25742.7614295,25742.7614295,25742.7614295,25742.7614295,25742.7614295,25742.7614295,25742.7614295,25742.7614295,25742.7614295,25742.7614295,25742.7614295,25742.7614295,25742.7614295,25742.7614295,25742.7614295,25742.7614295,25742.7614295,25742.7614295,25742.7614295,25742.7614295,25742.7614295,25742.7614295,25742.7614295,25742.7614295,25742.7614295,25742.7614295,25742.7614295,25742.7614295,25742.7614295,25742.7614295,25742.7614295,25742.7614295,25742.7614295,25742.7614295,25742.7614295,25742.7614295,25742.7614295,25742.7614295,25742.7614295,25742.7614295,25742.7614295,25742.7614295,25742.7614295,25742.7614295,25742.7614295,25742.7614295,25742.7614295,25742.7614295,25742.7614295,25742.7614295,25742.7614295,25742.7614295,25742.7614295,25742.7614295,25742.7614295,25742.7614295,25742.7614295,25742.7614295,25742.7614295,25742.7614295,25742.7614295,25742.7614295,25742.7614295,25742.7614295,25742.7614295,25742.7614295,25742.7614295,25742.7614295,25742.7614295,25742.7614295,25742.7614295,25742.7614295,25742.7614295,25742.7614295,25742.7614295,25742.7614295,25742.7614295,25742.7614295,25742.7614295,25742.7614295,25742.7614295,25742.7614295,25742.7614295,25742.7614295,25742.7614295,25742.7614295,25742.7614295,25742.7614295,25742.7614295,25742.7614295,25742.7614295,25742.7614295,25742.7614295,25742.7614295,25742.7614295,25742.7614295,25742.7614295,25742.7614295,25742.7614295,25742.7614295,25742.7614295,25742.7614295,25742.7614295,25742.7614295,25742.7614295,25742.7614295,25742.7614295,25742.7614295,25742.7614295,25742.7614295,25742.7614295,25742.7614295,25742.7614295,25742.7614295,25742.7614295,25742.7614295,25742.7614295,25742.7614295,25742.7614295,25742.7614295,25742.7614295,25742.7614295,25742.7614295,25742.7614295,25742.7614295,25742.7614295,25742.7614295,25742.7614295,25742.7614295,25742.7614295,25742.7614295,25742.7614295,25742.7614295,25742.7614295,25742.7614295,25742.7614295,25742.7614295,25742.7614295,25742.7614295,25742.7614295,25742.7614295,25742.7614295,25742.7614295,25742.7614295,25742.7614295,25742.7614295,25742.7614295,25742.7614295,25742.7614295,25742.7614295,25742.7614295,25742.7614295,25742.7614295,25742.7614295,25742.7614295,25742.7614295,25742.7614295,25742.7614295,25742.7614295,25742.7614295,25742.7614295,25742.7614295,25742.7614295,25742.7614295,25742.7614295,25742.7614295,25742.7614295,25742.7614295,25742.7614295,25742.7614295,25742.7614295,25742.7614295,25742.7614295,25742.7614295,25742.7614295,25742.7614295,25742.7614295,25742.7614295,25742.7614295,25742.7614295,25742.7614295,25742.7614295,25742.7614295,25742.7614295,25742.7614295,25742.7614295,25742.7614295,25742.7614295,25742.7614295,25742.7614295,25742.7614295,25742.7614295,25742.7614295,25742.7614295,25742.7614295,25742.7614295,25742.7614295,25742.7614295,25742.7614295,25742.7614295,25742.7614295,25742.7614295,25742.7614295,25742.7614295,25742.7614295,25742.7614295,25742.7614295,25742.7614295,25742.7614295,25742.7614295,25742.7614295,25742.7614295,25742.7614295,25742.7614295,25742.7614295,25742.7614295,25742.7614295,25742.7614295,25742.7614295,25742.7614295,25742.7614295,25742.7614295,25742.7614295,25742.7614295,25742.7614295,25742.7614295,25742.7614295,25742.7614295,25742.7614295,25742.7614295,25742.7614295,25742.7614295,25742.7614295,25742.7614295,25742.7614295,25742.7614295,25742.7614295,25742.7614295,25742.7614295,25742.7614295,25742.7614295,25742.7614295,25742.7614295,25742.7614295,25742.7614295,25742.7614295,25742.7614295,25742.7614295,25742.7614295,25742.7614295,25742.7614295,25742.7614295,25742.7614295,25742.7614295,25742.7614295,25742.7614295,25742.7614295,25742.7614295,25742.7614295,25742.7614295,25742.7614295,25742.7614295,25742.7614295,25742.7614295,25742.7614295,25742.7614295,25742.7614295,25742.7614295,25742.7614295,25742.7614295,25742.7614295,25742.7614295,25742.7614295,25742.7614295,25742.7614295,25742.7614295,25742.7614295,25742.7614295,25742.7614295,25742.7614295,25742.7614295,25742.7614295,25742.7614295,25742.7614295,25742.7614295,25742.7614295,25742.7614295,25742.7614295,25742.7614295,25742.7614295,25742.7614295,25742.7614295,25742.7614295,25742.7614295,25742.7614295,25742.7614295,25742.7614295,25742.7614295,25742.7614295,25742.7614295,25742.7614295,25742.7614295,25742.7614295,25742.7614295,25742.7614295,25742.7614295,25742.7614295,25742.7614295,25742.7614295,25742.7614295,25742.7614295,25742.7614295,25742.7614295,25742.7614295,25742.7614295,25742.7614295,25742.7614295,25742.7614295,25742.7614295,25742.7614295,25742.7614295,25742.7614295,25742.7614295,25742.7614295,25742.7614295,25742.7614295,25742.7614295,25742.7614295,25742.7614295,25742.7614295,25742.7614295,25742.7614295,25742.7614295,25742.7614295,25742.7614295,25742.7614295,25742.7614295,25742.7614295,25742.7614295,25742.7614295,25742.7614295,25742.7614295,25742.7614295,25742.7614295,25742.7614295,25742.7614295,25742.7614295,25742.7614295,25742.7614295,25742.7614295,25742.7614295,25742.7614295,25742.7614295,25742.7614295,25742.7614295,25742.7614295,25742.7614295,25742.7614295,25742.7614295,25742.7614295,25742.7614295,25742.7614295,25742.7614295,25742.7614295,25742.7614295,25742.7614295,25742.7614295,25742.7614295,25742.7614295,25742.7614295,25742.7614295,25742.7614295,25742.7614295,25742.7614295,25742.7614295,25742.7614295,25742.7614295,25742.7614295,25742.7614295,25742.7614295,25742.7614295,25742.7614295,25742.7614295,25742.7614295,25742.7614295,25742.7614295,25742.7614295,25742.7614295,25742.7614295,25742.7614295,25742.7614295,25742.7614295,25742.7614295,25742.7614295,25742.7614295,25742.7614295,25742.7614295,25742.7614295,25742.7614295,25742.7614295,25742.7614295,25742.7614295,25742.7614295,25742.7614295,25742.7614295,25742.7614295,25742.7614295,25742.7614295,25742.7614295,25742.7614295,25742.7614295,25742.7614295,25742.7614295,25742.7614295,25742.7614295,25742.7614295,25742.7614295,25742.7614295,25742.7614295,25742.7614295,25742.7614295,25742.7614295,25742.7614295,25742.7614295,25742.7614295,25742.7614295,25742.7614295,25742.7614295,25742.7614295,25742.7614295,25742.7614295,25742.7614295,25742.7614295,25742.7614295,25742.7614295,25742.7614295,25742.7614295,25742.7614295,25742.7614295,25742.7614295,25742.7614295,25742.7614295,25742.7614295,25742.7614295,25742.7614295,25742.7614295,25742.7614295,25742.7614295,25742.7614295,25742.7614295,25742.7614295,25742.7614295,25742.7614295,25742.7614295,25742.7614295,25742.7614295,25742.7614295,25742.7614295,25742.7614295,25742.7614295,25742.7614295,25742.7614295,25742.7614295,25742.7614295,25742.7614295,25742.7614295,25742.7614295,25742.7614295,25742.7614295,25742.7614295,25742.7614295,25742.7614295,25742.7614295,25742.7614295,25742.7614295,25742.7614295,25742.7614295,25742.7614295,25742.7614295,25742.7614295,25742.7614295,25742.7614295,25742.7614295,25742.7614295,25742.7614295,25742.7614295,25742.7614295,25742.7614295,25742.7614295,25742.7614295,25742.7614295,25742.7614295,25742.7614295,25742.7614295,25742.7614295,25742.7614295,25742.7614295,25742.7614295,25742.7614295,25742.7614295,25742.7614295,25742.7614295,25742.7614295,25742.7614295,25742.7614295,25742.7614295,25742.7614295,25742.7614295,25742.7614295,25742.7614295,25742.7614295,25742.7614295,25742.7614295,25742.7614295,25742.7614295,25742.7614295,25742.7614295,25742.7614295,25742.7614295,25742.7614295,25742.7614295,25742.7614295,25742.7614295,25742.7614295,25742.7614295,25742.7614295,25742.7614295,25742.7614295,25742.7614295,25742.7614295,25742.7614295,25742.7614295,25742.7614295,25742.7614295,25742.7614295,25742.7614295,25742.7614295,25742.7614295,25742.7614295,25742.7614295,25742.7614295,25742.7614295,25742.7614295,25742.7614295,25742.7614295,25742.7614295,25742.7614295,25742.7614295,25742.7614295,25742.7614295,25742.7614295,25742.7614295,25742.7614295,25742.7614295,25742.7614295,25742.7614295,25742.7614295,25742.7614295,25742.7614295,25742.7614295,25742.7614295,25742.7614295,25742.7614295,25742.7614295,25742.7614295,25742.7614295,25742.7614295,25742.7614295,25742.7614295,25742.7614295,25742.7614295,25742.7614295,25742.7614295,25742.7614295,25742.7614295,25742.7614295,25742.7614295,25742.7614295,25742.7614295,25742.7614295,25742.7614295,25742.7614295,25742.7614295,25742.7614295,25742.7614295,25742.7614295,25742.7614295,25742.7614295,25742.7614295,25742.7614295,25742.7614295,25742.7614295,25742.7614295,25742.7614295,25742.7614295,25742.7614295,25742.7614295,25742.7614295,25742.7614295,25742.7614295,25742.7614295,25742.7614295,25742.7614295,25742.7614295,25742.7614295,25742.7614295,25742.7614295,25742.7614295,25742.7614295,25742.7614295,25742.7614295,25742.7614295,25742.7614295,25742.7614295,25742.7614295,25742.7614295,25742.7614295,25742.7614295,25742.7614295,25742.7614295,25742.7614295,25742.7614295,25742.7614295,25742.7614295,25742.7614295,25742.7614295,25742.7614295,25742.7614295,25742.7614295,25742.7614295,25742.7614295,25742.7614295,25742.7614295,25742.7614295,25742.7614295,25742.7614295,25742.7614295,25742.7614295,25742.7614295,25742.7614295,25742.7614295,25742.7614295,25742.7614295,25742.7614295,25742.7614295,25742.7614295,25742.7614295,25742.7614295,25742.7614295,25742.7614295,25742.7614295,25742.7614295,25742.7614295,25742.7614295,25742.7614295,25742.7614295,25742.7614295,25742.7614295,25742.7614295,25742.7614295,25742.7614295,25742.7614295,25742.7614295,25742.7614295,25742.7614295,25742.7614295,25742.7614295,25742.7614295,25742.7614295,25742.7614295,25742.7614295,25742.7614295,25742.7614295,25742.7614295,25742.7614295,25742.7614295,25742.7614295,25742.7614295,25742.7614295,25742.7614295,25742.7614295,25742.7614295,25742.7614295,25742.7614295,25742.7614295,25742.7614295,25742.7614295,25742.7614295,25742.7614295,25742.7614295,25742.7614295,25742.7614295,25742.7614295,25742.7614295,25742.7614295,25742.7614295,25742.7614295,25742.7614295,25742.7614295,25742.7614295,25742.7614295,25742.7614295,25742.7614295,25742.7614295,25742.7614295,25742.7614295,25742.7614295,25742.7614295,25742.7614295,25742.7614295,25742.7614295,25742.7614295,25742.7614295,25742.7614295,25742.7614295,25742.7614295,25742.7614295,25742.7614295,25742.7614295,25742.7614295,25742.7614295,25742.7614295,25742.7614295,25742.7614295,25742.7614295,25742.7614295,25742.7614295,25742.7614295,25742.7614295,25742.7614295,25742.7614295,25742.7614295,25742.7614295,25742.7614295,25742.7614295,25742.7614295,25742.7614295,25742.7614295,25742.7614295,25742.7614295,25742.7614295,25742.7614295,25742.7614295,25742.7614295,25742.7614295,25742.7614295,25742.7614295,25742.7614295,25742.7614295,25742.7614295,25742.7614295,25742.7614295,25742.7614295,25742.7614295,25742.7614295,25742.7614295,25742.7614295,25742.7614295,25742.7614295,25742.7614295,25742.7614295,25742.7614295,25742.7614295,25742.7614295,25742.7614295,25742.7614295,25742.7614295,25742.7614295,25742.7614295,25742.7614295,25742.7614295,25742.7614295,25742.7614295,25742.7614295,25742.7614295,25742.7614295,25742.7614295,25742.7614295,25742.7614295,25742.7614295,25742.7614295,25742.7614295,25742.7614295,25742.7614295,25742.7614295,25742.7614295,25742.7614295,25742.7614295,25742.7614295,25742.7614295,25742.7614295,25742.7614295,25742.7614295,25742.7614295,25742.7614295,25742.7614295,25742.7614295,25742.7614295,25742.7614295,25742.7614295,25742.7614295,25742.7614295,25742.7614295,25742.7614295,25742.7614295,25742.7614295,25742.7614295,25742.7614295,25742.7614295,25742.7614295,25742.7614295,25742.7614295,25742.7614295,25742.7614295,25742.7614295,25742.7614295,25742.7614295,25742.7614295,25742.7614295,25742.7614295,25742.7614295,25742.7614295,25742.7614295,25742.7614295,25742.7614295,25742.7614295,25742.7614295,25742.7614295,25742.7614295,25742.7614295,25742.7614295,25742.7614295,25742.7614295,25742.7614295,25742.7614295,25742.7614295,25742.7614295,25742.7614295,25742.7614295,25742.7614295,25742.7614295,25742.7614295,25742.7614295,25742.7614295,25742.7614295,25742.7614295,25742.7614295,25742.7614295,25742.7614295,25742.7614295,25742.7614295,25742.7614295,25742.7614295,25742.7614295,25742.7614295,25742.7614295,25742.7614295,25742.7614295,25742.7614295,25742.7614295,25742.7614295,25742.7614295,25742.7614295,25742.7614295,25742.7614295,25742.7614295,25742.7614295,25742.7614295,25742.7614295,25742.7614295,25742.7614295,25742.7614295,25742.7614295,25742.7614295,25742.7614295,25742.7614295,25742.7614295,25742.7614295,25742.7614295,25742.7614295,25742.7614295,25742.7614295,25742.7614295,25742.7614295,25742.7614295,25742.7614295,25742.7614295,25742.7614295,25742.7614295,25742.7614295,25742.7614295,25742.7614295,25742.7614295,25742.7614295,25742.7614295,25742.7614295,25742.7614295,25742.7614295,25742.7614295,25742.7614295,25742.7614295,25742.7614295,25742.7614295,25742.7614295,25742.7614295,25742.7614295,25742.7614295,25742.7614295,25742.7614295,25742.7614295,25742.7614295,25742.7614295,25742.7614295,25742.7614295,25742.7614295,25742.7614295,25742.7614295,25742.7614295,25742.7614295,25742.7614295,25742.7614295,25742.7614295,25742.7614295,25742.7614295,25742.7614295,25742.7614295,25742.7614295,25742.7614295,25742.7614295,25742.7614295,25742.7614295,25742.7614295,25742.7614295,25742.7614295,25742.7614295,25742.7614295,25742.7614295,25742.7614295,25742.7614295,25742.7614295,25742.7614295,25742.7614295,25742.7614295,25742.7614295,25742.7614295,25742.7614295,25742.7614295,25742.7614295,25742.7614295,25742.7614295,25742.7614295,25742.7614295,25742.7614295,25742.7614295,25742.7614295,25742.7614295,25742.7614295,25742.7614295,25742.7614295,25742.7614295,25742.7614295,25742.7614295,25742.7614295,25742.7614295,25742.7614295,25742.7614295,25742.7614295,25742.7614295,25742.7614295,25742.7614295,25742.7614295,25742.7614295,25742.7614295,25742.7614295,25742.7614295,25742.7614295,25742.7614295,25742.7614295,25742.7614295,25742.7614295,25742.7614295,25742.7614295,25742.7614295,25742.7614295,25742.7614295,25742.7614295,25742.7614295,25742.7614295,25742.7614295,25742.7614295,25742.7614295,25742.7614295,25742.7614295,25742.7614295,25742.7614295,25742.7614295,25742.7614295,25742.7614295,25742.7614295,25742.7614295,25742.7614295,25742.7614295,25742.7614295,25742.7614295,25742.7614295,25742.7614295,25742.7614295,25742.7614295,25742.7614295,25742.7614295,25742.7614295,25742.7614295,25742.7614295,25742.7614295,25742.7614295,25742.7614295,25742.7614295,25742.7614295,25742.7614295,25742.7614295,25742.7614295,25742.7614295,25742.7614295,25742.7614295,25742.7614295,25742.7614295,25742.7614295,25742.7614295,25742.7614295,25742.7614295,25742.7614295,25742.7614295,25742.7614295,25742.7614295,25742.7614295,25742.7614295,25742.7614295,25742.7614295,25742.7614295,25742.7614295,25742.7614295,25742.7614295,25742.7614295,25742.7614295,25742.7614295,25742.7614295,25742.7614295,25742.7614295,25742.7614295,25742.7614295,25742.7614295,25742.7614295,25742.7614295,25742.7614295,25742.7614295,25742.7614295,25742.7614295,25742.7614295,25742.7614295,25742.7614295,25742.7614295,25742.7614295,25742.7614295,25742.7614295,25742.7614295,25742.7614295,25742.7614295,25742.7614295,25742.7614295,25742.7614295,25742.7614295,25742.7614295,25742.7614295,25742.7614295,25742.7614295,25742.7614295,25742.7614295,25742.7614295,25742.7614295,25742.7614295,25742.7614295,25742.7614295,25742.7614295,25742.7614295,25742.7614295,25742.7614295,25742.7614295,25742.7614295,25742.7614295,25742.7614295,25742.7614295,25742.7614295,25742.7614295,25742.7614295,25742.7614295,25742.7614295,25742.7614295,25742.7614295,25742.7614295,25742.7614295,25742.7614295,25742.7614295,25742.7614295,25742.7614295,25742.7614295,25742.7614295,25742.7614295,25742.7614295,25742.7614295,25742.7614295,25742.7614295,25742.7614295,25742.7614295,25742.7614295,25742.7614295,25742.7614295,25742.7614295,25742.7614295,25742.7614295,25742.7614295,25742.7614295,25742.7614295,25742.7614295,25742.7614295,25742.7614295,25742.7614295,25742.7614295,25742.7614295,25742.7614295,25742.7614295,25742.7614295,25742.7614295,25742.7614295,25742.7614295,25742.7614295,25742.7614295,25742.7614295,25742.7614295,25742.7614295,25742.7614295,25742.7614295,25742.7614295,25742.7614295,25742.7614295,25742.7614295,25742.7614295,25742.7614295,25742.7614295,25742.7614295,25742.7614295,25742.7614295,25742.7614295,25742.7614295,25742.7614295,25742.7614295,25742.7614295,25742.7614295,25742.7614295,25742.7614295,25742.7614295,25742.7614295,25742.7614295,25742.7614295,25742.7614295,25742.7614295,25742.7614295,25742.7614295,25742.7614295,25742.7614295,25742.7614295,25742.7614295,25742.7614295,25742.7614295,25742.7614295,25742.7614295,25742.7614295,25742.7614295,25742.7614295,25742.7614295,25742.7614295,25742.7614295,25742.7614295,25742.7614295,25742.7614295,25742.7614295,25742.7614295,25742.7614295,25742.7614295,25742.7614295,25742.7614295,25742.7614295,25742.7614295,25742.7614295,25742.7614295,25742.7614295,25742.7614295,25742.7614295,25742.7614295,25742.7614295,25742.7614295,25742.7614295,25742.7614295,25742.7614295,25742.7614295,25742.7614295,25742.7614295,25742.7614295,25742.7614295,25742.7614295,25742.7614295,25742.7614295,25742.7614295,25742.7614295,25742.7614295,25742.7614295,25742.7614295,25742.7614295,25742.7614295,25742.7614295,25742.7614295,25742.7614295,25742.7614295,25742.7614295,25742.7614295,25742.7614295,25742.7614295,25742.7614295,25742.7614295,25742.7614295,25742.7614295,25742.7614295,25742.7614295,25742.7614295,25742.7614295,25742.7614295,25742.7614295,25742.7614295,25742.7614295,25742.7614295,25742.7614295,25742.7614295,25742.7614295,25742.7614295,25742.7614295,25742.7614295,25742.7614295,25742.7614295,25742.7614295,25742.7614295,25742.7614295,25742.7614295,25742.7614295,25742.7614295,25742.7614295,25742.7614295,25742.7614295,25742.7614295,25742.7614295,25742.7614295,25742.7614295,25742.7614295,25742.7614295,25742.7614295,25742.7614295,25742.7614295,25742.7614295,25742.7614295,25742.7614295,25742.7614295,25742.7614295,25742.7614295,25742.7614295,25742.7614295,25742.7614295,25742.7614295,25742.7614295,25742.7614295,25742.7614295,25742.7614295,25742.7614295,25742.7614295,25742.7614295,25742.7614295,25742.7614295,25742.7614295,25742.7614295,25742.7614295,25742.7614295,25742.7614295,25742.7614295,25742.7614295,25742.7614295,25742.7614295,25742.7614295,25742.7614295,25742.7614295,25742.7614295,25742.7614295,25742.7614295,25742.7614295,25742.7614295,25742.7614295,25742.7614295,25742.7614295,25742.7614295,25742.7614295,25742.7614295,25742.7614295,25742.7614295,25742.7614295,25742.7614295,25742.7614295,25742.7614295,25742.7614295,25742.7614295,25742.7614295,25742.7614295,25742.7614295,25742.7614295,25742.7614295,25742.7614295,25742.7614295,25742.7614295,25742.7614295,25742.7614295,25742.7614295,25742.7614295,25742.7614295,25742.7614295,25742.7614295,25742.7614295,25742.7614295,25742.7614295,25742.7614295,25742.7614295,25742.7614295,25742.7614295,25742.7614295,25742.7614295,25742.7614295,25742.7614295,25742.7614295,25742.7614295,25742.7614295,25742.7614295,25742.7614295,25742.7614295,25742.7614295,25742.7614295,25742.7614295,25742.7614295,25742.7614295,25742.7614295,25742.7614295,25742.7614295,25742.7614295,25742.7614295,25742.7614295,25742.7614295,25742.7614295,25742.7614295,25742.7614295,25742.7614295,25742.7614295,25742.7614295,25742.7614295,25742.7614295,25742.7614295,25742.7614295,25742.7614295,25742.7614295,25742.7614295,25742.7614295,25742.7614295,25742.7614295,25742.7614295,25742.7614295,25742.7614295,25742.7614295,25742.7614295,25742.7614295,25742.7614295,25742.7614295,25742.7614295,25742.7614295,25742.7614295,25742.7614295,25742.7614295,25742.7614295,25742.7614295,25742.7614295,25742.7614295,25742.7614295,25742.7614295,25742.7614295,25742.7614295,25742.7614295,25742.7614295,25742.7614295,25742.7614295,25742.7614295,25742.7614295,25742.7614295,25742.7614295,25742.7614295,25742.7614295,25742.7614295,25742.7614295,25742.7614295,25742.7614295,25742.7614295,25742.7614295,25742.7614295,25742.7614295,25742.7614295,25742.7614295,25742.7614295,25742.7614295,25742.7614295,25742.7614295,25742.7614295,25742.7614295,25742.7614295,25742.7614295,25742.7614295,25742.7614295,25742.7614295,25742.7614295,25742.7614295,25742.7614295,25742.7614295,25742.7614295,25742.7614295,25742.7614295,25742.7614295,25742.7614295,25742.7614295,25742.7614295,25742.7614295,25742.7614295,25742.7614295,25742.7614295,25742.7614295,25742.7614295,25742.7614295,25742.7614295,25742.7614295,25742.7614295,25742.7614295,25742.7614295,25742.7614295,25742.7614295,25742.7614295,25742.7614295,25742.7614295,25742.7614295,25742.7614295,25742.7614295,25742.7614295,25742.7614295,25742.7614295,25742.7614295,25742.7614295,25742.7614295,25742.7614295,25742.7614295,25742.7614295,25742.7614295,25742.7614295,25742.7614295,25742.7614295,25742.7614295,25742.7614295,25742.7614295,25742.7614295,25742.7614295,25742.7614295,25742.7614295,25742.7614295,25742.7614295,25742.7614295,25742.7614295,25742.7614295,25742.7614295,25742.7614295,25742.7614295,25742.7614295,25742.7614295,25742.7614295,25742.7614295,25742.7614295,25742.7614295,25742.7614295,25742.7614295,25742.7614295,25742.7614295,25742.7614295,25742.7614295,25742.7614295,25742.7614295,25742.7614295,25742.7614295,25742.7614295,25742.7614295,25742.7614295,25742.7614295,25742.7614295,25742.7614295,25742.7614295,25742.7614295,25742.7614295,25742.7614295,25742.7614295,25742.7614295,25742.7614295,25742.7614295,25742.7614295,25742.7614295,25742.7614295,25742.7614295,25742.7614295,25742.7614295,25742.7614295,25742.7614295,25742.7614295,25742.7614295,25742.7614295,25742.7614295,25742.7614295,25742.7614295,25742.7614295,25742.7614295,25742.7614295,25742.7614295,25742.7614295,25742.7614295,25742.7614295,25742.7614295,25742.7614295,25742.7614295,25742.7614295,25742.7614295,25742.7614295,25742.7614295,25742.7614295,25742.7614295,25742.7614295,25742.7614295,25742.7614295,25742.7614295,25742.7614295,25742.7614295,25742.7614295,25742.7614295,25742.7614295,25742.7614295,25742.7614295,25742.7614295,25742.7614295,25742.7614295,25742.7614295,25742.7614295,25742.7614295,25742.7614295,25742.7614295,25742.7614295,25742.7614295,25742.7614295,25742.7614295,25742.7614295,25742.7614295,25742.7614295,25742.7614295,25742.7614295,25742.7614295,25742.7614295,25742.7614295,25742.7614295,25742.7614295,25742.7614295,25742.7614295,25742.7614295,25742.7614295,25742.7614295,25742.7614295,25742.7614295,25742.7614295,25742.7614295,25742.7614295,25742.7614295,25742.7614295,25742.7614295,25742.7614295,25742.7614295,25742.7614295,25742.7614295,25742.7614295,25742.7614295,25742.7614295,25742.7614295,25742.7614295,25742.7614295,25742.7614295,25742.7614295,25742.7614295,25742.7614295,25742.7614295,25742.7614295,25742.7614295,25742.7614295,25742.7614295,25742.7614295,25742.7614295,25742.7614295,25742.7614295,25742.7614295,25742.7614295,25742.7614295,25742.7614295,25742.7614295,25742.7614295,25742.7614295,25742.7614295,25742.7614295,25742.7614295,25742.7614295,25742.7614295,25742.7614295,25742.7614295,25742.7614295,25742.7614295,25742.7614295,25742.7614295,25742.7614295,25742.7614295,25742.7614295,25742.7614295,25742.7614295,25742.7614295,25742.7614295,25742.7614295,25742.7614295,25742.7614295,25742.7614295,25742.7614295,25742.7614295,25742.7614295,25742.7614295,25742.7614295,25742.7614295,25742.7614295,25742.7614295,25742.7614295,25742.7614295,25742.7614295,25742.7614295,25742.7614295,25742.7614295,25742.7614295,25742.7614295,25742.7614295,25742.7614295,25742.7614295,25742.7614295,25742.7614295,25742.7614295,25742.7614295,25742.7614295,25742.7614295,25742.7614295,25742.7614295,25742.7614295,25742.7614295,25742.7614295,25742.7614295,25742.7614295,25742.7614295,25742.7614295,25742.7614295,25742.7614295,25742.7614295,25742.7614295,25742.7614295,25742.7614295,25742.7614295,25742.7614295,25742.7614295,25742.7614295,25742.7614295,25742.7614295,25742.7614295,25742.7614295,25742.7614295,25742.7614295,25742.7614295,25742.7614295,25742.7614295,25742.7614295,25742.7614295,25742.7614295,25742.7614295,25742.7614295,25742.7614295,25742.7614295,25742.7614295,25742.7614295,25742.7614295,25742.7614295,25742.7614295,25742.7614295,25742.7614295,25742.7614295,25742.7614295,25742.7614295,25742.7614295,25742.7614295,25742.7614295,25742.7614295,25742.7614295,25742.7614295,25742.7614295,25742.7614295,25742.7614295,25742.7614295,25742.7614295,25742.7614295,25742.7614295,25742.7614295,25742.7614295,25742.7614295,25742.7614295,25742.7614295,25742.7614295,25742.7614295,25742.7614295,25742.7614295,25742.7614295,25742.7614295,25742.7614295,25742.7614295,25742.7614295,25742.7614295,25742.7614295,25742.7614295,25742.7614295,25742.7614295,25742.7614295,25742.7614295,25742.7614295,25742.7614295,25742.7614295,25742.7614295,25742.7614295,25742.7614295,25742.7614295,25742.7614295,25742.7614295,25742.7614295,25742.7614295,25742.7614295,25742.7614295,25742.7614295,25742.7614295,25742.7614295,25742.7614295,25742.7614295,25742.7614295,25742.7614295,25742.7614295,25742.7614295,25742.7614295,25742.7614295,25742.7614295,25742.7614295,25742.7614295,25742.7614295,25742.7614295,25742.7614295,25742.7614295,25742.7614295,25742.7614295,25742.7614295,25742.7614295,25742.7614295,25742.7614295,25742.7614295,25742.7614295,25742.7614295,25742.7614295,25742.7614295,25742.7614295,25742.7614295,25742.7614295,25742.7614295,25742.7614295,25742.7614295,25742.7614295,25742.7614295,25742.7614295,25742.7614295,25742.7614295,25742.7614295,25742.7614295,25742.7614295,25742.7614295,25742.7614295,25742.7614295,25742.7614295,25742.7614295,25742.7614295,25742.7614295,25742.7614295,25742.7614295,25742.7614295,25742.7614295,25742.7614295,25742.7614295,25742.7614295,25742.7614295,25742.7614295,25742.7614295,25742.7614295,25742.7614295,25742.7614295,25742.7614295,25742.7614295,25742.7614295,25742.7614295,25742.7614295,25742.7614295,25742.7614295,25742.7614295,25742.7614295,25742.7614295,25742.7614295,25742.7614295,25742.7614295,25742.7614295,25742.7614295,25742.7614295,25742.7614295,25742.7614295,25742.7614295,25742.7614295,25742.7614295,25742.7614295,25742.7614295,25742.7614295,25742.7614295,25742.7614295,25742.7614295,25742.7614295,25742.7614295,25742.7614295,25742.7614295,25742.7614295,25742.7614295,25742.7614295,25742.7614295,25742.7614295,25742.7614295,25742.7614295,25742.7614295,25742.7614295,25742.7614295,25742.7614295,25742.7614295,25742.7614295,25742.7614295,25742.7614295,25742.7614295,25742.7614295,25742.7614295,25742.7614295,25742.7614295,25742.7614295,25742.7614295,25742.7614295,25742.7614295,25742.7614295,25742.7614295,25742.7614295,25742.7614295,25742.7614295,25742.7614295,25742.7614295,25742.7614295,25742.7614295,25742.7614295,25742.7614295,25742.7614295,25742.7614295,25742.7614295,25742.7614295,25742.7614295,25742.7614295,25742.7614295,25742.7614295,25742.7614295,25742.7614295,25742.7614295,25742.7614295,25742.7614295,25742.7614295,25742.7614295,25742.7614295,25742.7614295,25742.7614295,25742.7614295,25742.7614295,25742.7614295,25742.7614295,25742.7614295,25742.7614295,25742.7614295,25742.7614295,25742.7614295,25742.7614295,25742.7614295,25742.7614295,25742.7614295,25742.7614295,25742.7614295,25742.7614295,25742.7614295,25742.7614295,25742.7614295,25742.7614295,25742.7614295,25742.7614295,25742.7614295,25742.7614295,25742.7614295,25742.7614295,25742.7614295,25742.7614295,25742.7614295,25742.7614295,25742.7614295,25742.7614295,25742.7614295,25742.7614295,25742.7614295,25742.7614295,25742.7614295,25742.7614295,25742.7614295,25742.7614295,25742.7614295,25742.7614295,25742.7614295,25742.7614295,25742.7614295,25742.7614295,25742.7614295,25742.7614295,25742.7614295,25742.7614295,25742.7614295,25742.7614295,25742.7614295,25742.7614295,25742.7614295,25742.7614295,25742.7614295,25742.7614295,25742.7614295,25742.7614295,25742.7614295,25742.7614295,25742.7614295,25742.7614295,25742.7614295,25742.7614295,25742.7614295,25742.7614295,25742.7614295,25742.7614295,25742.7614295,25742.7614295,25742.7614295,25742.7614295,25742.7614295,25742.7614295,25742.7614295,25742.7614295,25742.7614295,25742.7614295,25742.7614295,25742.7614295,25742.7614295,25742.7614295,25742.7614295,25742.7614295,25742.7614295,25742.7614295,25742.7614295,25742.7614295,25742.7614295,25742.7614295,25742.7614295,25742.7614295,25742.7614295,25742.7614295,25742.7614295,25742.7614295,25742.7614295,25742.7614295,25742.7614295,25742.7614295,25742.7614295,25742.7614295,25742.7614295,25742.7614295,25742.7614295,25742.7614295,25742.7614295,25742.7614295,25742.7614295,25742.7614295,25742.7614295,25742.7614295,25742.7614295,25742.7614295,25742.7614295,25742.7614295,25742.7614295,25742.7614295,25742.7614295,25742.7614295,25742.7614295,25742.7614295,25742.7614295,25742.7614295,25742.7614295,25742.7614295,25742.7614295,25742.7614295,25742.7614295,25742.7614295,25742.7614295,25742.7614295,25742.7614295,25742.7614295,25742.7614295,25742.7614295,25742.7614295,25742.7614295,25742.7614295,25742.7614295,25742.7614295,25742.7614295,25742.7614295,25742.7614295,25742.7614295,25742.7614295,25742.7614295,25742.7614295,25742.7614295,25742.7614295,25742.7614295,25742.7614295,25742.7614295,25742.7614295,25742.7614295,25742.7614295,25742.7614295,25742.7614295,25742.7614295,25742.7614295,25742.7614295,25742.7614295,25742.7614295,25742.7614295,25742.7614295,25742.7614295,25742.7614295,25742.7614295,25742.7614295,25742.7614295,25742.7614295,25742.7614295,25742.7614295,25742.7614295,25742.7614295,25742.7614295,25742.7614295,25742.7614295,25742.7614295,25742.7614295,25742.7614295,25742.7614295,25742.7614295,25742.7614295,25742.7614295,25742.7614295,25742.7614295,25742.7614295,25742.7614295,25742.7614295,25742.7614295,25742.7614295,25742.7614295,25742.7614295,25742.7614295,25742.7614295,25742.7614295,25742.7614295,25742.7614295,25742.7614295,25742.7614295,25742.7614295,25742.7614295,25742.7614295,25742.7614295,25742.7614295,25742.7614295,25742.7614295,25742.7614295,25742.7614295,25742.7614295,25742.7614295,25742.7614295,25742.7614295,25742.7614295,25742.7614295,25742.7614295,25742.7614295,25742.7614295,25742.7614295,25742.7614295,25742.7614295,25742.7614295,25742.7614295,25742.7614295,25742.7614295,25742.7614295,25742.7614295,25742.7614295,25742.7614295,25742.7614295,25742.7614295,25742.7614295,25742.7614295,25742.7614295,25742.7614295,25742.7614295,25742.7614295,25742.7614295,25742.7614295,25742.7614295,25742.7614295,25742.7614295,25742.7614295,25742.7614295,25742.7614295,25742.7614295,25742.7614295,25742.7614295,25742.7614295,25742.7614295,25742.7614295,25742.7614295,25742.7614295,25742.7614295,25742.7614295,25742.7614295,25742.7614295,25742.7614295,25742.7614295,25742.7614295,25742.7614295,25742.7614295,25742.7614295,25742.7614295,25742.7614295,25742.7614295,25742.7614295,25742.7614295,25742.7614295,25742.7614295,25742.7614295,25742.7614295,25742.7614295,25742.7614295,25742.7614295,25742.7614295,25742.7614295,25742.7614295,25742.7614295,25742.7614295,25742.7614295,25742.7614295,25742.7614295,25742.7614295,25742.7614295,25742.7614295,25742.7614295,25742.7614295,25742.7614295,25742.7614295,25742.7614295,25742.7614295,25742.7614295,25742.7614295,25742.7614295,25742.7614295,25742.7614295,25742.7614295,25742.7614295,25742.7614295,25742.7614295,25742.7614295,25742.7614295,25742.7614295,25742.7614295,25742.7614295,25742.7614295,25742.7614295,25742.7614295,25742.7614295,25742.7614295,25742.7614295,25742.7614295,25742.7614295,25742.7614295,25742.7614295,25742.7614295,25742.7614295,25742.7614295,25742.7614295,25742.7614295,25742.7614295,25742.7614295,25742.7614295,25742.7614295,25742.7614295,25742.7614295,25742.7614295,25742.7614295,25742.7614295,25742.7614295,25742.7614295,25742.7614295,25742.7614295,25742.7614295,25742.7614295,25742.7614295,25742.7614295,25742.7614295,25742.7614295,25742.7614295,25742.7614295,25742.7614295,25742.7614295,25742.7614295,25742.7614295,25742.7614295,25742.7614295,25742.7614295,25742.7614295,25742.7614295,25742.7614295,25742.7614295,25742.7614295,25742.7614295,25742.7614295,25742.7614295,25742.7614295,25742.7614295,25742.7614295,25742.7614295,25742.7614295,25742.7614295,25742.7614295,25742.7614295,25742.7614295,25742.7614295,25742.7614295,25742.7614295,25742.7614295,25742.7614295,25742.7614295,25742.7614295,25742.7614295,25742.7614295,25742.7614295,25742.7614295,25742.7614295,25742.7614295,25742.7614295,25742.7614295,25742.7614295,25742.7614295,25742.7614295,25742.7614295,25742.7614295,25742.7614295,25742.7614295,25742.7614295,25742.7614295,25742.7614295,25742.7614295,25742.7614295,25742.7614295,25742.7614295,25742.7614295,25742.7614295,25742.7614295,25742.7614295,25742.7614295,25742.7614295,25742.7614295,25742.7614295,25742.7614295,25742.7614295,25742.7614295,25742.7614295,25742.7614295,25742.7614295,25742.7614295,25742.7614295,25742.7614295,25742.7614295,25742.7614295,25742.7614295,25742.7614295,25742.7614295,25742.7614295,25742.7614295,25742.7614295,25742.7614295,25742.7614295,25742.7614295,25742.7614295,25742.7614295,25742.7614295,25742.7614295,25742.7614295,25742.7614295,25742.7614295,25742.7614295,25742.7614295,25742.7614295,25742.7614295,25742.7614295,25742.7614295,25742.7614295,25742.7614295,25742.7614295,25742.7614295,25742.7614295,25742.7614295,25742.7614295,25742.7614295,25742.7614295,25742.7614295,25742.7614295,25742.7614295,25742.7614295,25742.7614295,25742.7614295,25742.7614295,25742.7614295,25742.7614295,25742.7614295,25742.7614295,25742.7614295,25742.7614295,25742.7614295,25742.7614295,25742.7614295,25742.7614295,25742.7614295,25742.7614295,25742.7614295,25742.7614295,25742.7614295,25742.7614295,25742.7614295,25742.7614295,25742.7614295,25742.7614295,25742.7614295,25742.7614295,25742.7614295,25742.7614295,25742.7614295,25742.7614295,25742.7614295,25742.7614295,25742.7614295,25742.7614295,25742.7614295,25742.7614295,25742.7614295,25742.7614295,25742.7614295,25742.7614295,25742.7614295,25742.7614295,25742.7614295,25742.7614295,25742.7614295,25742.7614295,25742.7614295,25742.7614295,25742.7614295,25742.7614295,25742.7614295,25742.7614295,25742.7614295,25742.7614295,25742.7614295,25742.7614295,25742.7614295,25742.7614295,25742.7614295,25742.7614295,25742.7614295,25742.7614295,25742.7614295,25742.7614295,25742.7614295,25742.7614295,25742.7614295,25742.7614295,25742.7614295,25742.7614295,25742.7614295,25742.7614295,25742.7614295,25742.7614295,25742.7614295,25742.7614295,25742.7614295,25742.7614295,25742.7614295,25742.7614295,25742.7614295,25742.7614295,25742.7614295,25742.7614295,25742.7614295,25742.7614295,25742.7614295,25742.7614295,25742.7614295,25742.7614295,25742.7614295,25742.7614295,25742.7614295,25742.7614295,25742.7614295,25742.7614295,25742.7614295,25742.7614295,25742.7614295,25742.7614295,25742.7614295,25742.7614295,25742.7614295,25742.7614295,25742.7614295,25742.7614295,25742.7614295,25742.7614295,25742.7614295,25742.7614295,25742.7614295,25742.7614295,25742.7614295,25742.7614295,25742.7614295,25742.7614295,25742.7614295,25742.7614295,25742.7614295,25742.7614295,25742.7614295,25742.7614295,25742.7614295,25742.7614295,25742.7614295,25742.7614295,25742.7614295,25742.7614295,25742.7614295,25742.7614295,25742.7614295,25742.7614295,25742.7614295,25742.7614295,25742.7614295,25742.7614295,25742.7614295,25742.7614295,25742.7614295,25742.7614295,25742.7614295,25742.7614295,25742.7614295,25742.7614295,25742.7614295,25742.7614295,25742.7614295,25742.7614295,25742.7614295,25742.7614295,25742.7614295,25742.7614295,25742.7614295,25742.7614295,25742.7614295,25742.7614295,25742.7614295,25742.7614295,25742.7614295,25742.7614295,25742.7614295,25742.7614295,25742.7614295,25742.7614295,25742.7614295,25742.7614295,25742.7614295,25742.7614295,25742.7614295,25742.7614295,25742.7614295,25742.7614295,25742.7614295,25742.7614295,25742.7614295,25742.7614295,25742.7614295,25742.7614295,25742.7614295,25742.7614295,25742.7614295,25742.7614295,25742.7614295,25742.7614295,25742.7614295,25742.7614295,25742.7614295,25742.7614295,25742.7614295,25742.7614295,25742.7614295,25742.7614295,25742.7614295,25742.7614295,25742.7614295,25742.7614295,25742.7614295,25742.7614295,25742.7614295,25742.7614295,25742.7614295,25742.7614295,25742.7614295,25742.7614295,25742.7614295,25742.7614295,25742.7614295,25742.7614295,25742.7614295,25742.7614295,25742.7614295,25742.7614295,25742.7614295,25742.7614295,25742.7614295,25742.7614295,25742.7614295,25742.7614295,25742.7614295,25742.7614295,25742.7614295,25742.7614295,25742.7614295,25742.7614295,25742.7614295,25742.7614295,25742.7614295,25742.7614295,25742.7614295,25742.7614295,25742.7614295,25742.7614295,25742.7614295,25742.7614295,25742.7614295,25742.7614295,25742.7614295,25742.7614295,25742.7614295,25742.7614295,25742.7614295,25742.7614295,25742.7614295,25742.7614295,25742.7614295,25742.7614295,25742.7614295,25742.7614295,25742.7614295,25742.7614295,25742.7614295,25742.7614295,25742.7614295,25742.7614295,25742.7614295,25742.7614295,25742.7614295,25742.7614295,25742.7614295,25742.7614295,25742.7614295,25742.7614295,25742.7614295,25742.7614295,25742.7614295,25742.7614295,25742.7614295,25742.7614295,25742.7614295,25742.7614295,25742.7614295,25742.7614295,25742.7614295,25742.7614295,25742.7614295,25742.7614295,25742.7614295,25742.7614295,25742.7614295,25742.7614295,25742.7614295,25742.7614295,25742.7614295,25742.7614295,25742.7614295,25742.7614295,25742.7614295,25742.7614295,25742.7614295,25742.7614295,25742.7614295,25742.7614295,25742.7614295,25742.7614295,25742.7614295,25742.7614295,25742.7614295,25742.7614295,25742.7614295,25742.7614295,25742.7614295,25742.7614295,25742.7614295,25742.7614295,25742.7614295,25742.7614295,25742.7614295,25742.7614295,25742.7614295,25742.7614295,25742.7614295,25742.7614295,25742.7614295,25742.7614295,25742.7614295,25742.7614295,25742.7614295,25742.7614295,25742.7614295,25742.7614295,25742.7614295,25742.7614295,25742.7614295,25742.7614295,25742.7614295,25742.7614295,25742.7614295,25742.7614295,25742.7614295,25742.7614295,25742.7614295,25742.7614295,25742.7614295,25742.7614295,25742.7614295,25742.7614295,25742.7614295,25742.7614295,25742.7614295,25742.7614295,25742.7614295,25742.7614295,25742.7614295,25742.7614295,25742.7614295,25742.7614295,25742.7614295,25742.7614295,25742.7614295,25742.7614295,25742.7614295,25742.7614295,25742.7614295,25742.7614295,25742.7614295,25742.7614295,25742.7614295,25742.7614295,25742.7614295,25742.7614295,25742.7614295,25742.7614295,25742.7614295,25742.7614295,25742.7614295,25742.7614295,25742.7614295,25742.7614295,25742.7614295,25742.7614295,25742.7614295,25742.7614295,25742.7614295,25742.7614295,25742.7614295,25742.7614295,25742.7614295,25742.7614295,25742.7614295,25742.7614295,25742.7614295,25742.7614295,25742.7614295,25742.7614295,25742.7614295,25742.7614295,25742.7614295,25742.7614295,25742.7614295,25742.7614295,25742.7614295,25742.7614295,25742.7614295,25742.7614295,25742.7614295,25742.7614295,25742.7614295,25742.7614295,25742.7614295,25742.7614295,25742.7614295,25742.7614295,25742.7614295,25742.7614295,25742.7614295,25742.7614295,25742.7614295,25742.7614295,25742.7614295,25742.7614295,25742.7614295,25742.7614295,25742.7614295,25742.7614295,25742.7614295,25742.7614295,25742.7614295,25742.7614295,25742.7614295,25742.7614295,25742.7614295,25742.7614295,25742.7614295,25742.7614295,25742.7614295,25742.7614295,25742.7614295,25742.7614295,25742.7614295,25742.7614295,25742.7614295,25742.7614295,25742.7614295,25742.7614295,25742.7614295,25742.7614295,25742.7614295,25742.7614295,25742.7614295,25742.7614295,25742.7614295,25742.7614295,25742.7614295,25742.7614295,25742.7614295,25742.7614295,25742.7614295,25742.7614295,25742.7614295,25742.7614295,25742.7614295,25742.7614295,25742.7614295,25742.7614295,25742.7614295,25742.7614295,25742.7614295,25742.7614295,25742.7614295,25742.7614295,25742.7614295,25742.7614295,25742.7614295,25742.7614295,25742.7614295,25742.7614295,25742.7614295,25742.7614295,25742.7614295,25742.7614295,25742.7614295,25742.7614295,25742.7614295,25742.7614295,25742.7614295,25742.7614295,25742.7614295,25742.7614295,25742.7614295,25742.7614295,25742.7614295,25742.7614295,25742.7614295,25742.7614295,25742.7614295,25742.7614295,25742.7614295,25742.7614295,25742.7614295,25742.7614295,25742.7614295,25742.7614295,25742.7614295,25742.7614295,25742.7614295,25742.7614295,25742.7614295,25742.7614295,25742.7614295,25742.7614295,25742.7614295,25742.7614295,25742.7614295,25742.7614295,25742.7614295,25742.7614295,25742.7614295,25742.7614295,25742.7614295,25742.7614295,25742.7614295,25742.7614295,25742.7614295,25742.7614295,25742.7614295,25742.7614295,25742.7614295,25742.7614295,25742.7614295,25742.7614295,25742.7614295,25742.7614295,25742.7614295,25742.7614295,25742.7614295,25742.7614295,25742.7614295,25742.7614295,25742.7614295,25742.7614295,25742.7614295,25742.7614295,25742.7614295,25742.7614295,25742.7614295,25742.7614295,25742.7614295,25742.7614295,25742.7614295,25742.7614295,25742.7614295,25742.7614295,25742.7614295,25742.7614295,25742.7614295,25742.7614295,25742.7614295,25742.7614295,25742.7614295,25742.7614295,25742.7614295,25742.7614295,25742.7614295,25742.7614295,25742.7614295,25742.7614295,25742.7614295,25742.7614295,25742.7614295,25742.7614295,25742.7614295,25742.7614295,25742.7614295,25742.7614295,25742.7614295,25742.7614295,25742.7614295,25742.7614295,25742.7614295,25742.7614295,25742.7614295,25742.7614295,25742.7614295,25742.7614295,25742.7614295,25742.7614295,25742.7614295,25742.7614295,25742.7614295,25742.7614295,25742.7614295,25742.7614295,25742.7614295,25742.7614295,25742.7614295,25742.7614295,25742.7614295,25742.7614295,25742.7614295,25742.7614295,25742.7614295,25742.7614295,25742.7614295,25742.7614295,25742.7614295,25742.7614295,25742.7614295,25742.7614295,25742.7614295,25742.7614295,25742.7614295,25742.7614295,25742.7614295,25742.7614295,25742.7614295,25742.7614295,25742.7614295,25742.7614295,25742.7614295,25742.7614295,25742.7614295,25742.7614295,25742.7614295,25742.7614295,25742.7614295,25742.7614295,25742.7614295,25742.7614295,25742.7614295,25742.7614295,25742.7614295,25742.7614295,25742.7614295,25742.7614295,25742.7614295,25742.7614295,25742.7614295,25742.7614295,25742.7614295,25742.7614295,25742.7614295,25742.7614295,25742.7614295,25742.7614295,25742.7614295,25742.7614295,25742.7614295,25742.7614295,25742.7614295,25742.7614295,25742.7614295,25742.7614295,25742.7614295,25742.7614295,25742.7614295,25742.7614295,25742.7614295,25742.7614295,25742.7614295,25742.7614295,25742.7614295,25742.7614295,25742.7614295,25742.7614295,25742.7614295,25742.7614295,25742.7614295,25742.7614295,25742.7614295,25742.7614295,25742.7614295,25742.7614295,25742.7614295,25742.7614295,25742.7614295,25742.7614295,25742.7614295,25742.7614295,25742.7614295,25742.7614295,25742.7614295,25742.7614295,25742.7614295,25742.7614295,25742.7614295,25742.7614295,25742.7614295,25742.7614295,25742.7614295,25742.7614295,25742.7614295,25742.7614295,25742.7614295,25742.7614295,25742.7614295,25742.7614295,25742.7614295,25742.7614295,25742.7614295,25742.7614295,25742.7614295,25742.7614295,25742.7614295,25742.7614295,25742.7614295,25742.7614295,25742.7614295,25742.7614295,25742.7614295,25742.7614295,25742.7614295,25742.7614295,25742.7614295,25742.7614295,25742.7614295,25742.7614295,25742.7614295,25742.7614295,25742.7614295,25742.7614295,25742.7614295,25742.7614295,25742.7614295,25742.7614295,25742.7614295,25742.7614295,25742.7614295,25742.7614295,25742.7614295,25742.7614295,25742.7614295,25742.7614295,25742.7614295,25742.7614295,25742.7614295,25742.7614295,25742.7614295,25742.7614295,25742.7614295,25742.7614295,25742.7614295,25742.7614295,25742.7614295,25742.7614295,25742.7614295,25742.7614295,25742.7614295,25742.7614295,25742.7614295,25742.7614295,25742.7614295,25742.7614295,25742.7614295,25742.7614295,25742.7614295,25742.7614295,25742.7614295,25742.7614295,25742.7614295,25742.7614295,25742.7614295,25742.7614295,25742.7614295,25742.7614295,25742.7614295,25742.7614295,25742.7614295,25742.7614295,25742.7614295,25742.7614295,25742.7614295,25742.7614295,25742.7614295,25742.7614295,25742.7614295,25742.7614295,25742.7614295,25742.7614295,25742.7614295,25742.7614295,25742.7614295,25742.7614295,25742.7614295,25742.7614295,25742.7614295,25742.7614295,25742.7614295,25742.7614295,25742.7614295,25742.7614295,25742.7614295,25742.7614295,25742.7614295,25742.7614295,25742.7614295,25742.7614295,25742.7614295,25742.7614295,25742.7614295,25742.7614295,25742.7614295,25742.7614295,25742.7614295,25742.7614295,25742.7614295,25742.7614295,25742.7614295,25742.7614295,25742.7614295,25742.7614295,25742.7614295,25742.7614295,25742.7614295,25742.7614295,25742.7614295,25742.7614295,25742.7614295,25742.7614295,25742.7614295,25742.7614295,25742.7614295,25742.7614295,25742.7614295,25742.7614295,25742.7614295,25742.7614295,25742.7614295,25742.7614295,25742.7614295,25742.7614295,25742.7614295,25742.7614295,25742.7614295,25742.7614295,25742.7614295,25742.7614295,25742.7614295,25742.7614295,25742.7614295,25742.7614295,25742.7614295,25742.7614295,25742.7614295,25742.7614295,25742.7614295,25742.7614295,25742.7614295,25742.7614295,25742.7614295,25742.7614295,25742.7614295,25742.7614295,25742.7614295,25742.7614295,25742.7614295,25742.7614295,25742.7614295,25742.7614295,25742.7614295,25742.7614295,25742.7614295,25742.7614295,25742.7614295,25742.7614295,25742.7614295,25742.7614295,25742.7614295,25742.7614295,25742.7614295,25742.7614295,25742.7614295,25742.7614295,25742.7614295,25742.7614295,25742.7614295,25742.7614295,25742.7614295,25742.7614295,25742.7614295,25742.7614295,25742.7614295,25742.7614295,25742.7614295,25742.7614295,25742.7614295,25742.7614295,25742.7614295,25742.7614295,25742.7614295,25742.7614295,25742.7614295,25742.7614295,25742.7614295,25742.7614295,25742.7614295,25742.7614295,25742.7614295,25742.7614295,25742.7614295,25742.7614295,25742.7614295,25742.7614295,25742.7614295,25742.7614295,25742.7614295,25742.7614295,25742.7614295,25742.7614295,25742.7614295,25742.7614295,25742.7614295,25742.7614295,25742.7614295,25742.7614295,25742.7614295,25742.7614295,25742.7614295,25742.7614295,25742.7614295,25742.7614295,25742.7614295,25742.7614295,25742.7614295,25742.7614295,25742.7614295,25742.7614295,25742.7614295,25742.7614295,25742.7614295,25742.7614295,25742.7614295,25742.7614295,25742.7614295,25742.7614295,25742.7614295,25742.7614295,25742.7614295,25742.7614295,25742.7614295,25742.7614295,25742.7614295,25742.7614295,25742.7614295,25742.7614295,25742.7614295,25742.7614295,25742.7614295,25742.7614295,25742.7614295,25742.7614295,25742.7614295,25742.7614295,25742.7614295,25742.7614295,25742.7614295,25742.7614295,25742.7614295,25742.7614295,25742.7614295,25742.7614295,25742.7614295,25742.7614295,25742.7614295,25742.7614295,25742.7614295,25742.7614295,25742.7614295,25742.7614295,25742.7614295,25742.7614295,25742.7614295,25742.7614295,25742.7614295,25742.7614295,25742.7614295,25742.7614295,25742.7614295,25742.7614295,25742.7614295,25742.7614295,25742.7614295,25742.7614295,25742.7614295,25742.7614295,25742.7614295,25742.7614295,25742.7614295,25742.7614295,25742.7614295,25742.7614295,25742.7614295,25742.7614295,25742.7614295,25742.7614295,25742.7614295,25742.7614295,25742.7614295,25742.7614295,25742.7614295,25742.7614295,25742.7614295,25742.7614295,25742.7614295,25742.7614295,25742.7614295,25742.7614295,25742.7614295,25742.7614295,25742.7614295,25742.7614295,25742.7614295,25742.7614295,25742.7614295,25742.7614295,25742.7614295,25742.7614295,25742.7614295,25742.7614295,25742.7614295,25742.7614295,25742.7614295,25742.7614295,25742.7614295,25742.7614295,25742.7614295,25742.7614295,25742.7614295,25742.7614295,25742.7614295,25742.7614295,25742.7614295,25742.7614295,25742.7614295,25742.7614295,25742.7614295,25742.7614295,25742.7614295,25742.7614295,25742.7614295,25742.7614295,25742.7614295,25742.7614295,25742.7614295,25742.7614295,25742.7614295,25742.7614295,25742.7614295,25742.7614295,25742.7614295,25742.7614295,25742.7614295,25742.7614295,25742.7614295,25742.7614295,25742.7614295,25742.7614295,25742.7614295,25742.7614295,25742.7614295,25742.7614295,25742.7614295,25742.7614295,25742.7614295,25742.7614295,25742.7614295,25742.7614295,25742.7614295,25742.7614295,25742.7614295,25742.7614295,25742.7614295,25742.7614295,25742.7614295,25742.7614295,25742.7614295,25742.7614295,25742.7614295,25742.7614295,25742.7614295,25742.7614295,25742.7614295,25742.7614295,25742.7614295,25742.7614295,25742.7614295,25742.7614295,25742.7614295,25742.7614295,25742.7614295,25742.7614295,25742.7614295,25742.7614295,25742.7614295,25742.7614295,25742.7614295,25742.7614295,25742.7614295,25742.7614295,25742.7614295,25742.7614295,25742.7614295,25742.7614295,25742.7614295,25742.7614295,25742.7614295,25742.7614295,25742.7614295,25742.7614295,25742.7614295,25742.7614295,25742.7614295,25742.7614295,25742.7614295,25742.7614295,25742.7614295,25742.7614295,25742.7614295,25742.7614295,25742.7614295,25742.7614295,25742.7614295,25742.7614295,25742.7614295,25742.7614295,25742.7614295,25742.7614295,25742.7614295,25742.7614295,25742.7614295,25742.7614295,25742.7614295,25742.7614295,25742.7614295,25742.7614295,25742.7614295,25742.7614295,25742.7614295,25742.7614295,25742.7614295,25742.7614295,25742.7614295,25742.7614295,25742.7614295,25742.7614295,25742.7614295,25742.7614295,25742.7614295,25742.7614295,25742.7614295,25742.7614295,25742.7614295,25742.7614295,25742.7614295,25742.7614295,25742.7614295,25742.7614295,25742.7614295,25742.7614295,25742.7614295,25742.7614295,25742.7614295,25742.7614295,25742.7614295,25742.7614295,25742.7614295,25742.7614295,25742.7614295,25742.7614295,25742.7614295,25742.7614295,25742.7614295,25742.7614295,25742.7614295,25742.7614295,25742.7614295,25742.7614295,25742.7614295,25742.7614295,25742.7614295,25742.7614295,25742.7614295,25742.7614295,25742.7614295,25742.7614295,25742.7614295,25742.7614295,25742.7614295,25742.7614295,25742.7614295,25742.7614295,25742.7614295,25742.7614295,25742.7614295,25742.7614295,25742.7614295,25742.7614295,25742.7614295,25742.7614295,25742.7614295,25742.7614295,25742.7614295,25742.7614295,25742.7614295,25742.7614295,25742.7614295,25742.7614295,25742.7614295,25742.7614295,25742.7614295,25742.7614295,25742.7614295,25742.7614295,25742.7614295,25742.7614295,25742.7614295,25742.7614295,25742.7614295,25742.7614295,25742.7614295,25742.7614295,25742.7614295,25742.7614295,25742.7614295,25742.7614295,25742.7614295,25742.7614295,25742.7614295,25742.7614295,25742.7614295,25742.7614295,25742.7614295,25742.7614295,25742.7614295,25742.7614295,25742.7614295,25742.7614295,25742.7614295,25742.7614295,25742.7614295,25742.7614295,25742.7614295,25742.7614295,25742.7614295,25742.7614295,25742.7614295,25742.7614295,25742.7614295,25742.7614295,25742.7614295,25742.7614295,25742.7614295,25742.7614295,25742.7614295,25742.7614295,25742.7614295,25742.7614295,25742.7614295,25742.7614295,25742.7614295,25742.7614295,25742.7614295,25742.7614295,25742.7614295,25742.7614295,25742.7614295,25742.7614295,25742.7614295,25742.7614295,25742.7614295,25742.7614295,25742.7614295,25742.7614295,25742.7614295,25742.7614295,25742.7614295,25742.7614295,25742.7614295,25742.7614295,25742.7614295,25742.7614295,25742.7614295,25742.7614295,25742.7614295,25742.7614295,25742.7614295,25742.7614295,25742.7614295,25742.7614295,25742.7614295,25742.7614295,25742.7614295,25742.7614295,25742.7614295,25742.7614295,25742.7614295,25742.7614295,25742.7614295,25742.7614295,25742.7614295,25742.7614295,25742.7614295,25742.7614295,25742.7614295,25742.7614295,25742.7614295,25742.7614295,25742.7614295,25742.7614295,25742.7614295,25742.7614295,25742.7614295,25742.7614295,25742.7614295,25742.7614295,25742.7614295,25742.7614295,25742.7614295,25742.7614295,25742.7614295,25742.7614295,25742.7614295,25742.7614295,25742.7614295,25742.7614295,25742.7614295,25742.7614295,25742.7614295,25742.7614295,25742.7614295,25742.7614295,25742.7614295,25742.7614295,25742.7614295,25742.7614295,25742.7614295,25742.7614295,25742.7614295,25742.7614295,25742.7614295,25742.7614295,25742.7614295,25742.7614295,25742.7614295,25742.7614295,25742.7614295,25742.7614295,25742.7614295,25742.7614295,25742.7614295,25742.7614295,25742.7614295,25742.7614295,25742.7614295,25742.7614295,25742.7614295,25742.7614295,25742.7614295,25742.7614295,25742.7614295,25742.7614295,25742.7614295,25742.7614295,25742.7614295,25742.7614295,25742.7614295,25742.7614295,25742.7614295,25742.7614295,25742.7614295,25742.7614295,25742.7614295,25742.7614295,25742.7614295,25742.7614295,25742.7614295,25742.7614295,25742.7614295,25742.7614295,25742.7614295,25742.7614295,25742.7614295,25742.7614295,25742.7614295,25742.7614295,25742.7614295,25742.7614295,25742.7614295,25742.7614295,25742.7614295,25742.7614295,25742.7614295,25742.7614295,25742.7614295,25742.7614295,25742.7614295,25742.7614295,25742.7614295,25742.7614295,25742.7614295,25742.7614295,25742.7614295,25742.7614295,25742.7614295,25742.7614295,25742.7614295,25742.7614295,25742.7614295,25742.7614295,25742.7614295,25742.7614295,25742.7614295,25742.7614295,25742.7614295,25742.7614295,25742.7614295,25742.7614295,25742.7614295,25742.7614295,25742.7614295,25742.7614295,25742.7614295,25742.7614295,25742.7614295,25742.7614295,25742.7614295,25742.7614295,25742.7614295,25742.7614295,25742.7614295,25742.7614295,25742.7614295,25742.7614295,25742.7614295,25742.7614295,25742.7614295,25742.7614295,25742.7614295,25742.7614295,25742.7614295,25742.7614295,25742.7614295,25742.7614295,25742.7614295,25742.7614295,25742.7614295,25742.7614295,25742.7614295,25742.7614295,25742.7614295,25742.7614295,25742.7614295,25742.7614295,25742.7614295,25742.7614295,25742.7614295,25742.7614295,25742.7614295,25742.7614295,25742.7614295,25742.7614295,25742.7614295,25742.7614295,25742.7614295,25742.7614295,25742.7614295,25742.7614295,25742.7614295,25742.7614295,25742.7614295,25742.7614295,25742.7614295,25742.7614295,25742.7614295,25742.7614295,25742.7614295,25742.7614295,25742.7614295,25742.7614295,25742.7614295,25742.7614295,25742.7614295,25742.7614295,25742.7614295,25742.7614295,25742.7614295,25742.7614295,25742.7614295,25742.7614295,25742.7614295,25742.7614295,25742.7614295,25742.7614295,25742.7614295,25742.7614295,25742.7614295,25742.7614295,25742.7614295,25742.7614295,25742.7614295,25742.7614295,25742.7614295,25742.7614295,25742.7614295,25742.7614295,25742.7614295,25742.7614295,25742.7614295,25742.7614295,25742.7614295,25742.7614295,25742.7614295,25742.7614295,25742.7614295,25742.7614295,25742.7614295,25742.7614295,25742.7614295,25742.7614295,25742.7614295,25742.7614295,25742.7614295,25742.7614295,25742.7614295,25742.7614295,25742.7614295,25742.7614295,25742.7614295,25742.7614295,25742.7614295,25742.7614295,25742.7614295,25742.7614295,25742.7614295,25742.7614295,25742.7614295,25742.7614295,25742.7614295,25742.7614295,25742.7614295,25742.7614295,25742.7614295,25742.7614295,25742.7614295,25742.7614295,25742.7614295,25742.7614295,25742.7614295,25742.7614295,25742.7614295,25742.7614295,25742.7614295,25742.7614295,25742.7614295,25742.7614295,25742.7614295,25742.7614295,25742.7614295,25742.7614295,25742.7614295,25742.7614295,25742.7614295,25742.7614295,25742.7614295,25742.7614295,25742.7614295,25742.7614295,25742.7614295,25742.7614295,25742.7614295,25742.7614295,25742.7614295,25742.7614295,25742.7614295,25742.7614295,25742.7614295,25742.7614295,25742.7614295,25742.7614295,25742.7614295,25742.7614295,25742.7614295,25742.7614295,25742.7614295,25742.7614295,25742.7614295,25742.7614295,25742.7614295,25742.7614295,25742.7614295,25742.7614295,25742.7614295,25742.7614295,25742.7614295,25742.7614295,25742.7614295,25742.7614295,25742.7614295,25742.7614295,25742.7614295,25742.7614295,25742.7614295,25742.7614295,25742.7614295,25742.7614295,25742.7614295,25742.7614295,25742.7614295,25742.7614295,25742.7614295,25742.7614295,25742.7614295,25742.7614295,25742.7614295,25742.7614295,25742.7614295,25742.7614295,25742.7614295,25742.7614295,25742.7614295,25742.7614295,25742.7614295,25742.7614295,25742.7614295,25742.7614295,25742.7614295,25742.7614295,25742.7614295,25742.7614295,25742.7614295,25742.7614295,25742.7614295,25742.7614295,25742.7614295,25742.7614295,25742.7614295,25742.7614295,25742.7614295,25742.7614295,25742.7614295,25742.7614295,25742.7614295,25742.7614295,25742.7614295,25742.7614295,25742.7614295,25742.7614295,25742.7614295,25742.7614295,25742.7614295,25742.7614295,25742.7614295,25742.7614295,25742.7614295,25742.7614295,25742.7614295,25742.7614295,25742.7614295,25742.7614295,25742.7614295,25742.7614295,25742.7614295,25742.7614295,25742.7614295,25742.7614295,25742.7614295,25742.7614295,25742.7614295,25742.7614295,25742.7614295,25742.7614295,25742.7614295,25742.7614295,25742.7614295,25742.7614295,25742.7614295,25742.7614295,25742.7614295,25742.7614295,25742.7614295,25742.7614295,25742.7614295,25742.7614295,25742.7614295,25742.7614295,25742.7614295,25742.7614295,25742.7614295,25742.7614295,25742.7614295,25742.7614295,25742.7614295,25742.7614295,25742.7614295,25742.7614295,25742.7614295,25742.7614295,25742.7614295,25742.7614295,25742.7614295,25742.7614295,25742.7614295,25742.7614295,25742.7614295,25742.7614295,25742.7614295,25742.7614295,25742.7614295,25742.7614295,25742.7614295,25742.7614295,25742.7614295,25742.7614295,25742.7614295,25742.7614295,25742.7614295,25742.7614295,25742.7614295,25742.7614295,25742.7614295,25742.7614295,25742.7614295,25742.7614295,25742.7614295,25742.7614295,25742.7614295,25742.7614295,25742.7614295,25742.7614295,25742.7614295,25742.7614295,25742.7614295,25742.7614295,25742.7614295,25742.7614295,25742.7614295,25742.7614295,25742.7614295,25742.7614295,25742.7614295,25742.7614295,25742.7614295,25742.7614295,25742.7614295,25742.7614295,25742.7614295,25742.7614295,25742.7614295,25742.7614295,25742.7614295,25742.7614295,25742.7614295,25742.7614295,25742.7614295,25742.7614295,25742.7614295,25742.7614295,25742.7614295,25742.7614295,25742.7614295,25742.7614295,25742.7614295,25742.7614295,25742.7614295,25742.7614295,25742.7614295,25742.7614295,25742.7614295,25742.7614295,25742.7614295,25742.7614295,25742.7614295,25742.7614295,25742.7614295,25742.7614295,25742.7614295,25742.7614295,25742.7614295,25742.7614295,25742.7614295,25742.7614295,25742.7614295,25742.7614295,25742.7614295,25742.7614295,25742.7614295,25742.7614295,25742.7614295,25742.7614295,25742.7614295,25742.7614295,25742.7614295,25742.7614295,25742.7614295,25742.7614295,25742.7614295,25742.7614295,25742.7614295,25742.7614295,25742.7614295,25742.7614295,25742.7614295,25742.7614295,25742.7614295,25742.7614295,25742.7614295,25742.7614295,25742.7614295,25742.7614295,25742.7614295,25742.7614295,25742.7614295,25742.7614295,25742.7614295,25742.7614295,25742.7614295,25742.7614295,25742.7614295,25742.7614295,25742.7614295,25742.7614295,25742.7614295,25742.7614295,25742.7614295,25742.7614295,25742.7614295,25742.7614295,25742.7614295,25742.7614295,25742.7614295,25742.7614295,25742.7614295,25742.7614295,25742.7614295,25742.7614295,25742.7614295,25742.7614295,25742.7614295,25742.7614295,25742.7614295,25742.7614295,25742.7614295,25742.7614295,25742.7614295,25742.7614295,25742.7614295,25742.7614295,25742.7614295,25742.7614295,25742.7614295,25742.7614295,25742.7614295,25742.7614295,25742.7614295,25742.7614295,25742.7614295,25742.7614295,25742.7614295,25742.7614295,25742.7614295,25742.7614295,25742.7614295,25742.7614295,25742.7614295,25742.7614295,25742.7614295,25742.7614295,25742.7614295,25742.7614295,25742.7614295,25742.7614295,25742.7614295,25742.7614295,25742.7614295,25742.7614295,25742.7614295,25742.7614295,25742.7614295,25742.7614295,25742.7614295,25742.7614295,25742.7614295,25742.7614295,25742.7614295,25742.7614295,25742.7614295,25742.7614295,25742.7614295,25742.7614295,25742.7614295,25742.7614295,25742.7614295,25742.7614295,25742.7614295,25742.7614295,25742.7614295,25742.7614295,25742.7614295,25742.7614295,25742.7614295,25742.7614295,25742.7614295,25742.7614295,25742.7614295,25742.7614295,25742.7614295,25742.7614295,25742.7614295,25742.7614295,25742.7614295,25742.7614295,25742.7614295,25742.7614295,25742.7614295,25742.7614295,25742.7614295,25742.7614295,25742.7614295,25742.7614295,25742.7614295,25742.7614295,25742.7614295,25742.7614295,25742.7614295,25742.7614295,25742.7614295,25742.7614295,25742.7614295,25742.7614295,25742.7614295,25742.7614295,25742.7614295,25742.7614295,25742.7614295,25742.7614295,25742.7614295,25742.7614295,25742.7614295,25742.7614295,25742.7614295,25742.7614295,25742.7614295,25742.7614295,25742.7614295,25742.7614295,25742.7614295,25742.7614295,25742.7614295,25742.7614295,25742.7614295,25742.7614295,25742.7614295,25742.7614295,25742.7614295,25742.7614295,25742.7614295,25742.7614295,25742.7614295,25742.7614295,25742.7614295,25742.7614295,25742.7614295,25742.7614295,25742.7614295,25742.7614295,25742.7614295,25742.7614295,25742.7614295,25742.7614295,25742.7614295,25742.7614295,25742.7614295,25742.7614295,25742.7614295,25742.7614295,25742.7614295,25742.7614295,25742.7614295,25742.7614295,25742.7614295,25742.7614295,25742.7614295,25742.7614295,25742.7614295,25742.7614295,25742.7614295,25742.7614295,25742.7614295,25742.7614295,25742.7614295,25742.7614295,25742.7614295,25742.7614295,25742.7614295,25742.7614295,25742.7614295,25742.7614295,25742.7614295,25742.7614295,25742.7614295,25742.7614295,25742.7614295,25742.7614295,25742.7614295,25742.7614295,25742.7614295,25742.7614295,25742.7614295,25742.7614295,25742.7614295,25742.7614295,25742.7614295,25742.7614295,25742.7614295,25742.7614295,25742.7614295,25742.7614295,25742.7614295,25742.7614295,25742.7614295,25742.7614295,25742.7614295,25742.7614295,25742.7614295,25742.7614295,25742.7614295,25742.7614295,25742.7614295,25742.7614295,25742.7614295,25742.7614295,25742.7614295,25742.7614295,25742.7614295,25742.7614295,25742.7614295,25742.7614295,25742.7614295,25742.7614295,25742.7614295,25742.7614295,25742.7614295,25742.7614295,25742.7614295,25742.7614295,25742.7614295,25742.7614295,25742.7614295,25742.7614295,25742.7614295,25742.7614295,25742.7614295,25742.7614295,25742.7614295,25742.7614295,25742.7614295,25742.7614295,25742.7614295,25742.7614295,25742.7614295,25742.7614295,25742.7614295,25742.7614295,25742.7614295,25742.7614295,25742.7614295,25742.7614295,25742.7614295,25742.7614295,25742.7614295,25742.7614295,25742.7614295,25742.7614295,25742.7614295,25742.7614295,25742.7614295,25742.7614295,25742.7614295,25742.7614295,25742.7614295,25742.7614295,25742.7614295,25742.7614295,25742.7614295,25742.7614295,25742.7614295,25742.7614295,25742.7614295,25742.7614295,25742.7614295,25742.7614295,25742.7614295,25742.7614295,25742.7614295,25742.7614295,25742.7614295,25742.7614295,25742.7614295,25742.7614295,25742.7614295,25742.7614295,25742.7614295,25742.7614295,25742.7614295,25742.7614295,25742.7614295,25742.7614295,25742.7614295,25742.7614295,25742.7614295,25742.7614295,25742.7614295,25742.7614295,25742.7614295,25742.7614295,25742.7614295,25742.7614295,25742.7614295,25742.7614295,25742.7614295,25742.7614295,25742.7614295,25742.7614295,25742.7614295,25742.7614295,25742.7614295,25742.7614295,25742.7614295,25742.7614295,25742.7614295,25742.7614295,25742.7614295,25742.7614295,25742.7614295,25742.7614295,25742.7614295,25742.7614295,25742.7614295,25742.7614295,25742.7614295,25742.7614295,25742.7614295,25742.7614295,25742.7614295,25742.7614295,25742.7614295,25742.7614295,25742.7614295,25742.7614295,25742.7614295,25742.7614295,25742.7614295,25742.7614295,25742.7614295,25742.7614295,25742.7614295,25742.7614295,25742.7614295,25742.7614295,25742.7614295,25742.7614295,25742.7614295,25742.7614295,25742.7614295,25742.7614295,25742.7614295,25742.7614295,25742.7614295,25742.7614295,25742.7614295,25742.7614295,25742.7614295,25742.7614295,25742.7614295,25742.7614295,25742.7614295,25742.7614295,25742.7614295,25742.7614295,25742.7614295,25742.7614295,25742.7614295,25742.7614295,25742.7614295,25742.7614295,25742.7614295,25742.7614295,25742.7614295,25742.7614295,25742.7614295,25742.7614295,25742.7614295,25742.7614295,25742.7614295,25742.7614295,25742.7614295,25742.7614295,25742.7614295,25742.7614295,25742.7614295,25742.7614295,25742.7614295,25742.7614295,25742.7614295,25742.7614295,25742.7614295,25742.7614295,25742.7614295,25742.7614295,25742.7614295,25742.7614295,25742.7614295,25742.7614295,25742.7614295,25742.7614295,25742.7614295,25742.7614295,25742.7614295,25742.7614295,25742.7614295,25742.7614295,25742.7614295,25742.7614295,25742.7614295,25742.7614295,25742.7614295,25742.7614295,25742.7614295,25742.7614295,25742.7614295,25742.7614295,25742.7614295,25742.7614295,25742.7614295,25742.7614295,25742.7614295,25742.7614295,25742.7614295,25742.7614295,25742.7614295,25742.7614295,25742.7614295,25742.7614295,25742.7614295,25742.7614295,25742.7614295,25742.7614295,25742.7614295,25742.7614295,25742.7614295,25742.7614295,25742.7614295,25742.7614295,25742.7614295,25742.7614295,25742.7614295,25742.7614295,25742.7614295,25742.7614295,25742.7614295,25742.7614295,25742.7614295,25742.7614295,25742.7614295,25742.7614295,25742.7614295,25742.7614295,25742.7614295,25742.7614295,25742.7614295,25742.7614295,25742.7614295,25742.7614295,25742.7614295,25742.7614295,25742.7614295,25742.7614295,25742.7614295,25742.7614295,25742.7614295,25742.7614295,25742.7614295,25742.7614295,25742.7614295,25742.7614295,25742.7614295,25742.7614295,25742.7614295,25742.7614295,25742.7614295,25742.7614295,25742.7614295,25742.7614295,25742.7614295,25742.7614295,25742.7614295,25742.7614295,25742.7614295,25742.7614295,25742.7614295,25742.7614295,25742.7614295,25742.7614295,25742.7614295,25742.7614295,25742.7614295,25742.7614295,25742.7614295,25742.7614295,25742.7614295,25742.7614295,25742.7614295,25742.7614295,25742.7614295,25742.7614295,25742.7614295,25742.7614295,25742.7614295,25742.7614295,25742.7614295,25742.7614295,25742.7614295,25742.7614295,25742.7614295,25742.7614295,25742.7614295,25742.7614295,25742.7614295,25742.7614295,25742.7614295,25742.7614295,25742.7614295,25742.7614295,25742.7614295,25742.7614295,25742.7614295,25742.7614295,25742.7614295,25742.7614295,25742.7614295,25742.7614295,25742.7614295,25742.7614295,25742.7614295,25742.7614295,25742.7614295,25742.7614295,25742.7614295,25742.7614295,25742.7614295,25742.7614295,25742.7614295,25742.7614295,25742.7614295,25742.7614295,25742.7614295,25742.7614295,25742.7614295,25742.7614295,25742.7614295,25742.7614295,25742.7614295,25742.7614295,25742.7614295,25742.7614295,25742.7614295,25742.7614295,25742.7614295,25742.7614295,25742.7614295,25742.7614295,25742.7614295,25742.7614295,25742.7614295,25742.7614295,25742.7614295,25742.7614295,25742.7614295,25742.7614295,25742.7614295,25742.7614295,25742.7614295,25742.7614295,25742.7614295,25742.7614295,25742.7614295,25742.7614295,25742.7614295,25742.7614295,25742.7614295,25742.7614295,25742.7614295,25742.7614295,25742.7614295,25742.7614295,25742.7614295,25742.7614295,25742.7614295,25742.7614295,25742.7614295,25742.7614295,25742.7614295,25742.7614295,25742.7614295,25742.7614295,25742.7614295,25742.7614295,25742.7614295,25742.7614295,25742.7614295,25742.7614295,25742.7614295,25742.7614295,25742.7614295,25742.7614295,25742.7614295,25742.7614295,25742.7614295,25742.7614295,25742.7614295,25742.7614295,25742.7614295,25742.7614295,25742.7614295,25742.7614295,25742.7614295,25742.7614295,25742.7614295,25742.7614295,25742.7614295,25742.7614295,25742.7614295,25742.7614295,25742.7614295,25742.7614295,25742.7614295,25742.7614295,25742.7614295,25742.7614295,25742.7614295,25742.7614295,25742.7614295,25742.7614295,25742.7614295,25742.7614295,25742.7614295,25742.7614295,25742.7614295,25742.7614295,25742.7614295,25742.7614295,25742.7614295,25742.7614295,25742.7614295,25742.7614295,25742.7614295,25742.7614295,25742.7614295,25742.7614295,25742.7614295,25742.7614295,25742.7614295,25742.7614295,25742.7614295,25742.7614295,25742.7614295,25742.7614295,25742.7614295,25742.7614295,25742.7614295,25742.7614295,25742.7614295,25742.7614295,25742.7614295,25742.7614295,25742.7614295,25742.7614295,25742.7614295,25742.7614295,25742.7614295,25742.7614295,25742.7614295,25742.7614295,25742.7614295,25742.7614295,25742.7614295,25742.7614295,25742.7614295,25742.7614295,25742.7614295,25742.7614295,25742.7614295,25742.7614295,25742.7614295,25742.7614295,25742.7614295,25742.7614295,25742.7614295,25742.7614295,25742.7614295,25742.7614295,25742.7614295,25742.7614295,25742.7614295,25742.7614295,25742.7614295,25742.7614295,25742.7614295,25742.7614295,25742.7614295,25742.7614295,25742.7614295,25742.7614295,25742.7614295,25742.7614295,25742.7614295,25742.7614295,25742.7614295,25742.7614295,25742.7614295,25742.7614295,25742.7614295,25742.7614295,25742.7614295,25742.7614295,25742.7614295,25742.7614295,25742.7614295,25742.7614295,25742.7614295,25742.7614295,25742.7614295,25742.7614295,25742.7614295,25742.7614295,25742.7614295,25742.7614295,25742.7614295,25742.7614295,25742.7614295,25742.7614295,25742.7614295,25742.7614295,25742.7614295,25742.7614295,25742.7614295,25742.7614295,25742.7614295,25742.7614295,25742.7614295,25742.7614295,25742.7614295,25742.7614295,25742.7614295,25742.7614295,25742.7614295,25742.7614295,25742.7614295,25742.7614295,25742.7614295,25742.7614295,25742.7614295,25742.7614295,25742.7614295,25742.7614295,25742.7614295,25742.7614295,25742.7614295,25742.7614295,25742.7614295,25742.7614295,25742.7614295,25742.7614295,25742.7614295,25742.7614295,25742.7614295,25742.7614295,25742.7614295,25742.7614295,25742.7614295,25742.7614295,25742.7614295,25742.7614295,25742.7614295,25742.7614295,25742.7614295,25742.7614295,25742.7614295,25742.7614295,25742.7614295,25742.7614295,25742.7614295,25742.7614295,25742.7614295,25742.7614295,25742.7614295,25742.7614295,25742.7614295,25742.7614295,25742.7614295,25742.7614295,25742.7614295,25742.7614295,25742.7614295,25742.7614295,25742.7614295,25742.7614295,25742.7614295,25742.7614295,25742.7614295,25742.7614295,25742.7614295,25742.7614295,25742.7614295,25742.7614295,25742.7614295,25742.7614295,25742.7614295,25742.7614295,25742.7614295,25742.7614295,25742.7614295,25742.7614295,25742.7614295,25742.7614295,25742.7614295,25742.7614295,25742.7614295,25742.7614295,25742.7614295,25742.7614295,25742.7614295,25742.7614295,25742.7614295,25742.7614295,25742.7614295,25742.7614295,25742.7614295,25742.7614295,25742.7614295,25742.7614295,25742.7614295,25742.7614295,25742.7614295,25742.7614295,25742.7614295,25742.7614295,25742.7614295,25742.7614295,25742.7614295,25742.7614295,25742.7614295,25742.7614295,25742.7614295,25742.7614295,25742.7614295,25742.7614295,25742.7614295,25742.7614295,25742.7614295,25742.7614295,25742.7614295,25742.7614295,25742.7614295,25742.7614295,25742.7614295,25742.7614295,25742.7614295,25742.7614295,25742.7614295,25742.7614295,25742.7614295,25742.7614295,25742.7614295,25742.7614295,25742.7614295,25742.7614295,25742.7614295,25742.7614295,25742.7614295,25742.7614295,25742.7614295,25742.7614295,25742.7614295,25742.7614295,25742.7614295,25742.7614295,25742.7614295,25742.7614295,25742.7614295,25742.7614295,25742.7614295,25742.7614295,25742.7614295,25742.7614295,25742.7614295,25742.7614295,25742.7614295,25742.7614295,25742.7614295,25742.7614295,25742.7614295,25742.7614295,25742.7614295,25742.7614295,25742.7614295,25742.7614295,25742.7614295,25742.7614295,25742.7614295,25742.7614295,25742.7614295,25742.7614295,25742.7614295,25742.7614295,25742.7614295,25742.7614295,25742.7614295,25742.7614295,25742.7614295,25742.7614295,25742.7614295,25742.7614295,25742.7614295,25742.7614295,25742.7614295,25742.7614295,25742.7614295,25742.7614295,25742.7614295,25742.7614295,25742.7614295,25742.7614295,25742.7614295,25742.7614295,25742.7614295,25742.7614295,25742.7614295,25742.7614295,25742.7614295,25742.7614295,25742.7614295,25742.7614295,25742.7614295,25742.7614295,25742.7614295,25742.7614295,25742.7614295,25742.7614295,25742.7614295,25742.7614295,25742.7614295,25742.7614295,25742.7614295,25742.7614295,25742.7614295,25742.7614295,25742.7614295,25742.7614295,25742.7614295,25742.7614295,25742.7614295,25742.7614295,25742.7614295,25742.7614295,25742.7614295,25742.7614295,25742.7614295,25742.7614295,25742.7614295,25742.7614295,25742.7614295,25742.7614295,25742.7614295,25742.7614295,25742.7614295,25742.7614295,25742.7614295,25742.7614295,25742.7614295,25742.7614295,25742.7614295,25742.7614295,25742.7614295,25742.7614295,25742.7614295,25742.7614295,25742.7614295,25742.7614295,25742.7614295,25742.7614295,25742.7614295,25742.7614295,25742.7614295,25742.7614295,25742.7614295,25742.7614295,25742.7614295,25742.7614295,25742.7614295,25742.7614295,25742.7614295,25742.7614295,25742.7614295,25742.7614295,25742.7614295,25742.7614295,25742.7614295,25742.7614295,25742.7614295,25742.7614295,25742.7614295,25742.7614295,25742.7614295,25742.7614295,25742.7614295,25742.7614295,25742.7614295,25742.7614295,25742.7614295,25742.7614295,25742.7614295,25742.7614295,25742.7614295,25742.7614295,25742.7614295,25742.7614295,25742.7614295,25742.7614295,25742.7614295,25742.7614295,25742.7614295,25742.7614295,25742.7614295,25742.7614295,25742.7614295,25742.7614295,25742.7614295,25742.7614295,25742.7614295,25742.7614295,25742.7614295,25742.7614295,25742.7614295,25742.7614295,25742.7614295,25742.7614295,25742.7614295,25742.7614295,25742.7614295,25742.7614295,25742.7614295,25742.7614295,25742.7614295,25742.7614295,25742.7614295,25742.7614295,25742.7614295,25742.7614295,25742.7614295,25742.7614295,25742.7614295,25742.7614295,25742.7614295,25742.7614295,25742.7614295,25742.7614295,25742.7614295,25742.7614295,25742.7614295,25742.7614295,25742.7614295,25742.7614295,25742.7614295,25742.7614295,25742.7614295,25742.7614295,25742.7614295,25742.7614295,25742.7614295,25742.7614295,25742.7614295,25742.7614295,25742.7614295,25742.7614295,25742.7614295,25742.7614295,25742.7614295,25742.7614295,25742.7614295,25742.7614295,25742.7614295,25742.7614295,25742.7614295,25742.7614295,25742.7614295,25742.7614295,25742.7614295,25742.7614295,25742.7614295,25742.7614295,25742.7614295,25742.7614295,25742.7614295,25742.7614295,25742.7614295,25742.7614295,25742.7614295,25742.7614295,25742.7614295,25742.7614295,25742.7614295,25742.7614295,25742.7614295,25742.7614295,25742.7614295,25742.7614295,25742.7614295,25742.7614295,25742.7614295,25742.7614295,25742.7614295,25742.7614295,25742.7614295,25742.7614295,25742.7614295,25742.7614295,25742.7614295,25742.7614295,25742.7614295,25742.7614295,25742.7614295,25742.7614295,25742.7614295,25742.7614295,25742.7614295,25742.7614295,25742.7614295,25742.7614295,25742.7614295,25742.7614295,25742.7614295,25742.7614295,25742.7614295,25742.7614295,25742.7614295,25742.7614295,25742.7614295,25742.7614295,25742.7614295,25742.7614295,25742.7614295,25742.7614295,25742.7614295,25742.7614295,25742.7614295,25742.7614295,25742.7614295,25742.7614295,25742.7614295,25742.7614295,25742.7614295,25742.7614295,25742.7614295,25742.7614295,25742.7614295,25742.7614295,25742.7614295,25742.7614295,25742.7614295,25742.7614295,25742.7614295,25742.7614295,25742.7614295,25742.7614295,25742.7614295,25742.7614295,25742.7614295,25742.7614295,25742.7614295,25742.7614295,25742.7614295,25742.7614295,25742.7614295,25742.7614295,25742.7614295,25742.7614295,25742.7614295,25742.7614295,25742.7614295,25742.7614295,25742.7614295,25742.7614295,25742.7614295,25742.7614295,25742.7614295,25742.7614295,25742.7614295,25742.7614295,25742.7614295,25742.7614295,25742.7614295,25742.7614295,25742.7614295,25742.7614295,25742.7614295,25742.7614295,25742.7614295,25742.7614295,25742.7614295,25742.7614295,25742.7614295,25742.7614295,25742.7614295,25742.7614295,25742.7614295,25742.7614295,25742.7614295,25742.7614295,25742.7614295,25742.7614295,25742.7614295,25742.7614295,25742.7614295,25742.7614295,25742.7614295,25742.7614295,25742.7614295,25742.7614295,25742.7614295,25742.7614295,25742.7614295,25742.7614295,25742.7614295,25742.7614295,25742.7614295,25742.7614295,25742.7614295,25742.7614295,25742.7614295,25742.7614295,25742.7614295,25742.7614295,25742.7614295,25742.7614295,25742.7614295,25742.7614295,25742.7614295,25742.7614295,25742.7614295,25742.7614295,25742.7614295,25742.7614295,25742.7614295,25742.7614295,25742.7614295,25742.7614295,25742.7614295,25742.7614295,25742.7614295,25742.7614295,25742.7614295,25742.7614295,25742.7614295,25742.7614295,25742.7614295,25742.7614295,25742.7614295,25742.7614295,25742.7614295,25742.7614295,25742.7614295,25742.7614295,25742.7614295,25742.7614295,25742.7614295,25742.7614295,25742.7614295,25742.7614295,25742.7614295,25742.7614295,25742.7614295,25742.7614295,25742.7614295,25742.7614295,25742.7614295,25742.7614295,25742.7614295,25742.7614295,25742.7614295,25742.7614295,25742.7614295,25742.7614295,25742.7614295,25742.7614295,25742.7614295,25742.7614295,25742.7614295,25742.7614295,25742.7614295,25742.7614295,25742.7614295,25742.7614295,25742.7614295,25742.7614295,25742.7614295,25742.7614295,25742.7614295,25742.7614295,25742.7614295,25742.7614295,25742.7614295,25742.7614295,25742.7614295,25742.7614295,25742.7614295,25742.7614295,25742.7614295,25742.7614295,25742.7614295,25742.7614295,25742.7614295,25742.7614295,25742.7614295,25742.7614295,25742.7614295,25742.7614295,25742.7614295,25742.7614295,25742.7614295,25742.7614295,25742.7614295,25742.7614295,25742.7614295,25742.7614295,25742.7614295,25742.7614295,25742.7614295,25742.7614295,25742.7614295,25742.7614295,25742.7614295,25742.7614295,25742.7614295,25742.7614295,25742.7614295,25742.7614295,25742.7614295,25742.7614295,25742.7614295,25742.7614295,25742.7614295,25742.7614295,25742.7614295,25742.7614295,25742.7614295,25742.7614295,25742.7614295,25742.7614295,25742.7614295,25742.7614295,25742.7614295,25742.7614295,25742.7614295,25742.7614295,25742.7614295,25742.7614295,25742.7614295,25742.7614295,25742.7614295,25742.7614295,25742.7614295,25742.7614295,25742.7614295,25742.7614295,25742.7614295,25742.7614295,25742.7614295,25742.7614295,25742.7614295,25742.7614295,25742.7614295,25742.7614295,25742.7614295,25742.7614295,25742.7614295,25742.7614295,25742.7614295,25742.7614295,25742.7614295,25742.7614295,25742.7614295,25742.7614295,25742.7614295,25742.7614295,25742.7614295,25742.7614295,25742.7614295,25742.7614295,25742.7614295,25742.7614295,25742.7614295,25742.7614295,25742.7614295,25742.7614295,25742.7614295,25742.7614295,25742.7614295,25742.7614295,25742.7614295,25742.7614295,25742.7614295,25742.7614295,25742.7614295,25742.7614295,25742.7614295,25742.7614295,25742.7614295,25742.7614295,25742.7614295,25742.7614295,25742.7614295,25742.7614295,25742.7614295,25742.7614295,25742.7614295,25742.7614295,25742.7614295,25742.7614295,25742.7614295,25742.7614295,25742.7614295,25742.7614295,25742.7614295,25742.7614295,25742.7614295,25742.7614295,25742.7614295,25742.7614295,25742.7614295,25742.7614295,25742.7614295,25742.7614295,25742.7614295,25742.7614295,25742.7614295,25742.7614295,25742.7614295,25742.7614295,25742.7614295,25742.7614295,25742.7614295,25742.7614295,25742.7614295,25742.7614295,25742.7614295,25742.7614295,25742.7614295,25742.7614295,25742.7614295,25742.7614295,25742.7614295,25742.7614295,25742.7614295,25742.7614295,25742.7614295,25742.7614295,25742.7614295,25742.7614295,25742.7614295,25742.7614295,25742.7614295,25742.7614295,25742.7614295,25742.7614295,25742.7614295,25742.7614295,25742.7614295,25742.7614295,25742.7614295,25742.7614295,25742.7614295,25742.7614295,25742.7614295,25742.7614295,25742.7614295,25742.7614295,25742.7614295,25742.7614295,25742.7614295,25742.7614295,25742.7614295,25742.7614295,25742.7614295,25742.7614295,25742.7614295,25742.7614295,25742.7614295,25742.7614295,25742.7614295,25742.7614295,25742.7614295,25742.7614295,25742.7614295,25742.7614295,25742.7614295,25742.7614295,25742.7614295,25742.7614295,25742.7614295,25742.7614295,25742.7614295,25742.7614295,25742.7614295,25742.7614295,25742.7614295,25742.7614295,25742.7614295,25742.7614295,25742.7614295,25742.7614295,25742.7614295,25742.7614295,25742.7614295,25742.7614295,25742.7614295,25742.7614295,25742.7614295,25742.7614295,25742.7614295,25742.7614295,25742.7614295,25742.7614295,25742.7614295,25742.7614295,25742.7614295,25742.7614295,25742.7614295,25742.7614295,25742.7614295,25742.7614295,25742.7614295,25742.7614295,25742.7614295,25742.7614295,25742.7614295,25742.7614295,25742.7614295,25742.7614295,25742.7614295,25742.7614295,25742.7614295,25742.7614295,25742.7614295,25742.7614295,25742.7614295,25742.7614295,25742.7614295,25742.7614295,25742.7614295,25742.7614295,25742.7614295,25742.7614295,25742.7614295,25742.7614295,25742.7614295,25742.7614295,25742.7614295,25742.7614295,25742.7614295,25742.7614295,25742.7614295,25742.7614295,25742.7614295,25742.7614295,25742.7614295,25742.7614295,25742.7614295,25742.7614295,25742.7614295,25742.7614295,25742.7614295,25742.7614295,25742.7614295,25742.7614295,25742.7614295,25742.7614295,25742.7614295,25742.7614295,25742.7614295,25742.7614295,25742.7614295,25742.7614295,25742.7614295,25742.7614295,25742.7614295,25742.7614295,25742.7614295,25742.7614295,25742.7614295,25742.7614295,25742.7614295,25742.7614295,25742.7614295,25742.7614295,25742.7614295,25742.7614295,25742.7614295,25742.7614295,25742.7614295,25742.7614295,25742.7614295,25742.7614295,25742.7614295,25742.7614295,25742.7614295,25742.7614295,25742.7614295,25742.7614295,25742.7614295,25742.7614295,25742.7614295,25742.7614295,25742.7614295,25742.7614295,25742.7614295,25742.7614295,25742.7614295,25742.7614295,25742.7614295,25742.7614295,25742.7614295,25742.7614295,25742.7614295,25742.7614295,25742.7614295,25742.7614295,25742.7614295,25742.7614295,25742.7614295,25742.7614295,25742.7614295,25742.7614295,25742.7614295,25742.7614295,25742.7614295,25742.7614295,25742.7614295,25742.7614295,25742.7614295,25742.7614295,25742.7614295,25742.7614295,25742.7614295,25742.7614295,25742.7614295,25742.7614295,25742.7614295,25742.7614295,25742.7614295,25742.7614295,25742.7614295,25742.7614295,25742.7614295,25742.7614295,25742.7614295,25742.7614295,25742.7614295,25742.7614295,25742.7614295,25742.7614295,25742.7614295,25742.7614295,25742.7614295,25742.7614295,25742.7614295,25742.7614295,25742.7614295,25742.7614295,25742.7614295,25742.7614295,25742.7614295,25742.7614295,25742.7614295,25742.7614295,25742.7614295,25742.7614295,25742.7614295,25742.7614295,25742.7614295,25742.7614295,25742.7614295,25742.7614295,25742.7614295,25742.7614295,25742.7614295,25742.7614295,25742.7614295,25742.7614295,25742.7614295,25742.7614295,25742.7614295,25742.7614295,25742.7614295,25742.7614295,25742.7614295,25742.7614295,25742.7614295,25742.7614295,25742.7614295,25742.7614295,25742.7614295,25742.7614295,25742.7614295,25742.7614295,25742.7614295,25742.7614295,25742.7614295,25742.7614295,25742.7614295,25742.7614295,25742.7614295,25742.7614295,25742.7614295,25742.7614295,25742.7614295,25742.7614295,25742.7614295,25742.7614295,25742.7614295,25742.7614295,25742.7614295,25742.7614295,25742.7614295,25742.7614295,25742.7614295,25742.7614295,25742.7614295,25742.7614295,25742.7614295,25742.7614295,25742.7614295,25742.7614295,25742.7614295,25742.7614295,25742.7614295,25742.7614295,25742.7614295,25742.7614295,25742.7614295,25742.7614295,25742.7614295,25742.7614295,25742.7614295,25742.7614295,25742.7614295,25742.7614295,25742.7614295,25742.7614295,25742.7614295,25742.7614295,25742.7614295,25742.7614295,25742.7614295,25742.7614295,25742.7614295,25742.7614295,25742.7614295,25742.7614295,25742.7614295,25742.7614295,25742.7614295,25742.7614295,25742.7614295,25742.7614295,25742.7614295,25742.7614295,25742.7614295,25742.7614295,25742.7614295,25742.7614295,25742.7614295,25742.7614295,25742.7614295,25742.7614295,25742.7614295,25742.7614295,25742.7614295,25742.7614295,25742.7614295,25742.7614295,25742.7614295,25742.7614295,25742.7614295,25742.7614295,25742.7614295,25742.7614295,25742.7614295,25742.7614295,25742.7614295,25742.7614295,25742.7614295,25742.7614295,25742.7614295,25742.7614295,25742.7614295,25742.7614295,25742.7614295,25742.7614295,25742.7614295,25742.7614295,25742.7614295,25742.7614295,25742.7614295,25742.7614295,25742.7614295,25742.7614295,25742.7614295,25742.7614295,25742.7614295,25742.7614295,25742.7614295,25742.7614295,25742.7614295,25742.7614295,25742.7614295,25742.7614295,25742.7614295,25742.7614295,25742.7614295,25742.7614295,25742.7614295,25742.7614295,25742.7614295,25742.7614295,25742.7614295,25742.7614295,25742.7614295,25742.7614295,25742.7614295,25742.7614295,25742.7614295,25742.7614295,25742.7614295,25742.7614295,25742.7614295,25742.7614295,25742.7614295,25742.7614295,25742.7614295,25742.7614295,25742.7614295,25742.7614295,25742.7614295,25742.7614295,25742.7614295,25742.7614295,25742.7614295,25742.7614295,25742.7614295,25742.7614295,25742.7614295,25742.7614295,25742.7614295,25742.7614295,25742.7614295,25742.7614295,25742.7614295,25742.7614295,25742.7614295,25742.7614295,25742.7614295,25742.7614295,25742.7614295,25742.7614295,25742.7614295,25742.7614295,25742.7614295,25742.7614295,25742.7614295,25742.7614295,25742.7614295,25742.7614295,25742.7614295,25742.7614295,25742.7614295,25742.7614295,25742.7614295,25742.7614295,25742.7614295,25742.7614295,25742.7614295,25742.7614295,25742.7614295,25742.7614295,25742.7614295,25742.7614295,25742.7614295,25742.7614295,25742.7614295,25742.7614295,25742.7614295,25742.7614295,25742.7614295,25742.7614295,25742.7614295,25742.7614295,25742.7614295,25742.7614295,25742.7614295,25742.7614295,25742.7614295,25742.7614295,25742.7614295,25742.7614295,25742.7614295,25742.7614295,25742.7614295,25742.7614295,25742.7614295,25742.7614295,25742.7614295,25742.7614295,25742.7614295,25742.7614295,25742.7614295,25742.7614295,25742.7614295,25742.7614295,25742.7614295,25742.7614295,25742.7614295,25742.7614295,25742.7614295,25742.7614295,25742.7614295,25742.7614295,25742.7614295,25742.7614295,25742.7614295,25742.7614295,25742.7614295,25742.7614295,25742.7614295,25742.7614295,25742.7614295,25742.7614295,25742.7614295,25742.7614295,25742.7614295,25742.7614295,25742.7614295,25742.7614295,25742.7614295,25742.7614295,25742.7614295,25742.7614295,25742.7614295,25742.7614295,25742.7614295,25742.7614295,25742.7614295,25742.7614295,25742.7614295,25742.7614295,25742.7614295,25742.7614295,25742.7614295,25742.7614295,25742.7614295,25742.7614295,25742.7614295,25742.7614295,25742.7614295,25742.7614295,25742.7614295,25742.7614295,25742.7614295,25742.7614295,25742.7614295,25742.7614295,25742.7614295,25742.7614295,25742.7614295,25742.7614295,25742.7614295,25742.7614295,25742.7614295,25742.7614295,25742.7614295,25742.7614295,25742.7614295,25742.7614295,25742.7614295,25742.7614295,25742.7614295,25742.7614295,25742.7614295,25742.7614295,25742.7614295,25742.7614295,25742.7614295,25742.7614295,25742.7614295,25742.7614295,25742.7614295,25742.7614295,25742.7614295,25742.7614295,25742.7614295,25742.7614295,25742.7614295,25742.7614295,25742.7614295,25742.7614295,25742.7614295,25742.7614295,25742.7614295,25742.7614295,25742.7614295,25742.7614295,25742.7614295,25742.7614295,25742.7614295,25742.7614295,25742.7614295,25742.7614295,25742.7614295,25742.7614295,25742.7614295,25742.7614295,25742.7614295,25742.7614295,25742.7614295,25742.7614295,25742.7614295,25742.7614295,25742.7614295,25742.7614295,25742.7614295,25742.7614295,25742.7614295,25742.7614295,25742.7614295,25742.7614295,25742.7614295,25742.7614295,25742.7614295,25742.7614295,25742.7614295,25742.7614295,25742.7614295,25742.7614295,25742.7614295,25742.7614295,25742.7614295,25742.7614295,25742.7614295,25742.7614295,25742.7614295,25742.7614295,25742.7614295,25742.7614295,25742.7614295,25742.7614295,25742.7614295,25742.7614295,25742.7614295,25742.7614295,25742.7614295,25742.7614295,25742.7614295,25742.7614295,25742.7614295,25742.7614295,25742.7614295,25742.7614295,25742.7614295,25742.7614295,25742.7614295,25742.7614295,25742.7614295,25742.7614295,25742.7614295,25742.7614295,25742.7614295,25742.7614295,25742.7614295,25742.7614295,25742.7614295,25742.7614295,25742.7614295,25742.7614295,25742.7614295,25742.7614295,25742.7614295,25742.7614295,25742.7614295,25742.7614295,25742.7614295,25742.7614295,25742.7614295,25742.7614295,25742.7614295,25742.7614295,25742.7614295,25742.7614295,25742.7614295,25742.7614295,25742.7614295,25742.7614295,25742.7614295,25742.7614295,25742.7614295,25742.7614295,25742.7614295,25742.7614295,25742.7614295,25742.7614295,25742.7614295,25742.7614295,25742.7614295,25742.7614295,25742.7614295,25742.7614295,25742.7614295,25742.7614295,25742.7614295,25742.7614295,25742.7614295,25742.7614295,25742.7614295,25742.7614295,25742.7614295,25742.7614295,25742.7614295,25742.7614295,25742.7614295,25742.7614295,25742.7614295,25742.7614295,25742.7614295,25742.7614295,25742.7614295,25742.7614295,25742.7614295,25742.7614295,25742.7614295,25742.7614295,25742.7614295,25742.7614295,25742.7614295,25742.7614295,25742.7614295,25742.7614295,25742.7614295,25742.7614295,25742.7614295,25742.7614295,25742.7614295,25742.7614295,25742.7614295,25742.7614295,25742.7614295,25742.7614295,25742.7614295,25742.7614295,25742.7614295,25742.7614295,25742.7614295,25742.7614295,25742.7614295,25742.7614295,25742.7614295,25742.7614295,25742.7614295,25742.7614295,25742.7614295,25742.7614295,25742.7614295,25742.7614295,25742.7614295,25742.7614295,25742.7614295,25742.7614295,25742.7614295,25742.7614295,25742.7614295,25742.7614295,25742.7614295,25742.7614295,25742.7614295,25742.7614295,25742.7614295,25742.7614295,25742.7614295,25742.7614295,25742.7614295,25742.7614295,25742.7614295,25742.7614295,25742.7614295,25742.7614295,25742.7614295,25742.7614295,25742.7614295,25742.7614295,25742.7614295,25742.7614295,25742.7614295,25742.7614295,25742.7614295,25742.7614295,25742.7614295,25742.7614295,25742.7614295,25742.7614295,25742.7614295,25742.7614295,25742.7614295,25742.7614295,25742.7614295,25742.7614295,25742.7614295,25742.7614295,25742.7614295,25742.7614295,25742.7614295,25742.7614295,25742.7614295,25742.7614295,25742.7614295,25742.7614295,25742.7614295,25742.7614295,25742.7614295,25742.7614295,25742.7614295,25742.7614295,25742.7614295,25742.7614295,25742.7614295,25742.7614295,25742.7614295,25742.7614295,25742.7614295,25742.7614295,25742.7614295,25742.7614295,25742.7614295,25742.7614295,25742.7614295,25742.7614295,25742.7614295,25742.7614295,25742.7614295,25742.7614295,25742.7614295,25742.7614295,25742.7614295,25742.7614295,25742.7614295,25742.7614295,25742.7614295,25742.7614295,25742.7614295,25742.7614295,25742.7614295,25742.7614295,25742.7614295,25742.7614295,25742.7614295,25742.7614295,25742.7614295,25742.7614295,25742.7614295,25742.7614295,25742.7614295,25742.7614295,25742.7614295,25742.7614295,25742.7614295,25742.7614295,25742.7614295,25742.7614295,25742.7614295,25742.7614295,25742.7614295,25742.7614295,25742.7614295,25742.7614295,25742.7614295,25742.7614295,25742.7614295,25742.7614295,25742.7614295,25742.7614295,25742.7614295,25742.7614295,25742.7614295,25742.7614295,25742.7614295,25742.7614295,25742.7614295,25742.7614295,25742.7614295,25742.7614295,25742.7614295,25742.7614295,25742.7614295,25742.7614295,25742.7614295,25742.7614295,25742.7614295,25742.7614295,25742.7614295,25742.7614295,25742.7614295,25742.7614295,25742.7614295,25742.7614295,25742.7614295,25742.7614295,25742.7614295,25742.7614295,25742.7614295,25742.7614295,25742.7614295,25742.7614295,25742.7614295,25742.7614295,25742.7614295,25742.7614295,25742.7614295,25742.7614295,25742.7614295,25742.7614295,25742.7614295,25742.7614295,25742.7614295,25742.7614295,25742.7614295,25742.7614295,25742.7614295,25742.7614295,25742.7614295,25742.7614295,25742.7614295,25742.7614295,25742.7614295,25742.7614295,25742.7614295,25742.7614295,25742.7614295,25742.7614295,25742.7614295,25742.7614295,25742.7614295,25742.7614295,25742.7614295,25742.7614295,25742.7614295,25742.7614295,25742.7614295,25742.7614295,25742.7614295,25742.7614295,25742.7614295,25742.7614295,25742.7614295,25742.7614295,25742.7614295,25742.7614295,25742.7614295,25742.7614295,25742.7614295,25742.7614295,25742.7614295,25742.7614295,25742.7614295,25742.7614295,25742.7614295,25742.7614295,25742.7614295,25742.7614295,25742.7614295,25742.7614295,25742.7614295,25742.7614295,25742.7614295,25742.7614295,25742.7614295,25742.7614295,25742.7614295,25742.7614295,25742.7614295,25742.7614295,25742.7614295,25742.7614295,25742.7614295,25742.7614295,25742.7614295,25742.7614295,25742.7614295,25742.7614295,25742.7614295,25742.7614295,25742.7614295,25742.7614295,25742.7614295,25742.7614295,25742.7614295,25742.7614295,25742.7614295,25742.7614295,25742.7614295,25742.7614295,25742.7614295,25742.7614295,25742.7614295,25742.7614295,25742.7614295,25742.7614295,25742.7614295,25742.7614295,25742.7614295,25742.7614295,25742.7614295,25742.7614295,25742.7614295,25742.7614295,25742.7614295,25742.7614295,25742.7614295,25742.7614295,25742.7614295,25742.7614295,25742.7614295,25742.7614295,25742.7614295,25742.7614295,25742.7614295,25742.7614295,25742.7614295,25742.7614295,25742.7614295,25742.7614295,25742.7614295,25742.7614295,25742.7614295,25742.7614295,25742.7614295,25742.7614295,25742.7614295,25742.7614295,25742.7614295,25742.7614295,25742.7614295,25742.7614295,25742.7614295,25742.7614295,25742.7614295,25742.7614295,25742.7614295,25742.7614295,25742.7614295,25742.7614295,25742.7614295,25742.7614295,25742.7614295,25742.7614295,25742.7614295,25742.7614295,25742.7614295,25742.7614295,25742.7614295,25742.7614295,25742.7614295,25742.7614295,25742.7614295,25742.7614295,25742.7614295,25742.7614295,25742.7614295,25742.7614295,25742.7614295,25742.7614295,25742.7614295,25742.7614295,25742.7614295,25742.7614295,25742.7614295,25742.7614295,25742.7614295,25742.7614295,25742.7614295,25742.7614295,25742.7614295,25742.7614295,25742.7614295,25742.7614295,25742.7614295,25742.7614295,25742.7614295,25742.7614295,25742.7614295,25742.7614295,25742.7614295,25742.7614295,25742.7614295,25742.7614295,25742.7614295,25742.7614295,25742.7614295,25742.7614295,25742.7614295,25742.7614295,25742.7614295,25742.7614295,25742.7614295,25742.7614295,25742.7614295,25742.7614295,25742.7614295,25742.7614295,25742.7614295,25742.7614295,25742.7614295,25742.7614295,25742.7614295,25742.7614295,25742.7614295,25742.7614295,25742.7614295,25742.7614295,25742.7614295,25742.7614295,25742.7614295,25742.7614295,25742.7614295,25742.7614295,25742.7614295,25742.7614295,25742.7614295,25742.7614295,25742.7614295,25742.7614295,25742.7614295,25742.7614295,25742.7614295,25742.7614295,25742.7614295,25742.7614295,25742.7614295,25742.7614295,25742.7614295,25742.7614295,25742.7614295,25742.7614295,25742.7614295,25742.7614295,25742.7614295,25742.7614295,25742.7614295,25742.7614295,25742.7614295,25742.7614295,25742.7614295,25742.7614295,25742.7614295,25742.7614295,25742.7614295,25742.7614295,25742.7614295,25742.7614295,25742.7614295,25742.7614295,25742.7614295,25742.7614295,25742.7614295,25742.7614295,25742.7614295,25742.7614295,25742.7614295,25742.7614295,25742.7614295,25742.7614295,25742.7614295,25742.7614295,25742.7614295,25742.7614295,25742.7614295,25742.7614295,25742.7614295,25742.7614295,25742.7614295,25742.7614295,25742.7614295,25742.7614295,25742.7614295,25742.7614295,25742.7614295,25742.7614295,25742.7614295,25742.7614295,25742.7614295,25742.7614295,25742.7614295,25742.7614295,25742.7614295,25742.7614295,25742.7614295,25742.7614295,25742.7614295,25742.7614295,25742.7614295,25742.7614295,25742.7614295,25742.7614295,25742.7614295,25742.7614295,25742.7614295,25742.7614295,25742.7614295,25742.7614295,25742.7614295,25742.7614295,25742.7614295,25742.7614295,25742.7614295,25742.7614295,25742.7614295,25742.7614295,25742.7614295,25742.7614295,25742.7614295,25742.7614295,25742.7614295,25742.7614295,25742.7614295,25742.7614295,25742.7614295,25742.7614295,25742.7614295,25742.7614295,25742.7614295,25742.7614295,25742.7614295,25742.7614295,25742.7614295,25742.7614295,25742.7614295,25742.7614295,25742.7614295,25742.7614295,25742.7614295,25742.7614295,25742.7614295,25742.7614295,25742.7614295,25742.7614295,25742.7614295,25742.7614295,25742.7614295,25742.7614295,25742.7614295,25742.7614295,25742.7614295,25742.7614295,25742.7614295,25742.7614295,25742.7614295,25742.7614295,25742.7614295,25742.7614295,25742.7614295,25742.7614295,25742.7614295,25742.7614295,25742.7614295,25742.7614295,25742.7614295,25742.7614295,25742.7614295,25742.7614295,25742.7614295,25742.7614295,25742.7614295,25742.7614295,25742.7614295,25742.7614295,25742.7614295,25742.7614295,25742.7614295,25742.7614295,25742.7614295,25742.7614295,25742.7614295,25742.7614295,25742.7614295,25742.7614295,25742.7614295,25742.7614295,25742.7614295,25742.7614295,25742.7614295,25742.7614295,25742.7614295,25742.7614295,25742.7614295,25742.7614295,25742.7614295,25742.7614295,25742.7614295,25742.7614295,25742.7614295,25742.7614295,25742.7614295,25742.7614295,25742.7614295,25742.7614295,25742.7614295,25742.7614295,25742.7614295,25742.7614295,25742.7614295,25742.7614295,25742.7614295,25742.7614295,25742.7614295,25742.7614295,25742.7614295,25742.7614295,25742.7614295,25742.7614295,25742.7614295,25742.7614295,25742.7614295,25742.7614295,25742.7614295,25742.7614295,25742.7614295,25742.7614295,25742.7614295,25742.7614295,25742.7614295,25742.7614295,25742.7614295,25742.7614295,25742.7614295,25742.7614295,25742.7614295,25742.7614295,25742.7614295,25742.7614295,25742.7614295,25742.7614295,25742.7614295,25742.7614295,25742.7614295,25742.7614295,25742.7614295,25742.7614295,25742.7614295,25742.7614295,25742.7614295,25742.7614295,25742.7614295,25742.7614295,25742.7614295,25742.7614295,25742.7614295,25742.7614295,25742.7614295,25742.7614295,25742.7614295,25742.7614295,25742.7614295,25742.7614295,25742.7614295,25742.7614295,25742.7614295,25742.7614295,25742.7614295,25742.7614295,25742.7614295,25742.7614295,25742.7614295,25742.7614295,25742.7614295,25742.7614295,25742.7614295,25742.7614295,25742.7614295,25742.7614295,25742.7614295,25742.7614295,25742.7614295,25742.7614295,25742.7614295,25742.7614295,25742.7614295,25742.7614295,25742.7614295,25742.7614295,25742.7614295,25742.7614295,25742.7614295,25742.7614295,25742.7614295,25742.7614295,25742.7614295,25742.7614295,25742.7614295,25742.7614295,25742.7614295,25742.7614295,25742.7614295,25742.7614295,25742.7614295,25742.7614295,25742.7614295,25742.7614295,25742.7614295,25742.7614295,25742.7614295,25742.7614295,25742.7614295,25742.7614295,25742.7614295,25742.7614295,25742.7614295,25742.7614295,25742.7614295,25742.7614295,25742.7614295,25742.7614295,25742.7614295,25742.7614295,25742.7614295,25742.7614295,25742.7614295,25742.7614295,25742.7614295,25742.7614295,25742.7614295,25742.7614295,25742.7614295,25742.7614295,25742.7614295,25742.7614295,25742.7614295,25742.7614295,25742.7614295,25742.7614295,25742.7614295,25742.7614295,25742.7614295,25742.7614295,25742.7614295,25742.7614295,25742.7614295,25742.7614295,25742.7614295,25742.7614295,25742.7614295,25742.7614295,25742.7614295,25742.7614295,25742.7614295,25742.7614295,25742.7614295,25742.7614295,25742.7614295,25742.7614295,25742.7614295,25742.7614295,25742.7614295,25742.7614295,25742.7614295,25742.7614295,25742.7614295,25742.7614295,25742.7614295,25742.7614295,25742.7614295,25742.7614295,25742.7614295,25742.7614295,25742.7614295,25742.7614295,25742.7614295,25742.7614295,25742.7614295,25742.7614295,25742.7614295,25742.7614295,25742.7614295,25742.7614295,25742.7614295,25742.7614295,25742.7614295,25742.7614295,25742.7614295,25742.7614295,25742.7614295,25742.7614295,25742.7614295,25742.7614295,25742.7614295,25742.7614295,25742.7614295,25742.7614295,25742.7614295,25742.7614295,25742.7614295,25742.7614295,25742.7614295,25742.7614295,25742.7614295,25742.7614295,25742.7614295,25742.7614295,25742.7614295,25742.7614295,25742.7614295,25742.7614295,25742.7614295,25742.7614295,25742.7614295,25742.7614295,25742.7614295,25742.7614295,25742.7614295,25742.7614295,25742.7614295,25742.7614295,25742.7614295,25742.7614295,25742.7614295,25742.7614295,25742.7614295,25742.7614295,25742.7614295,25742.7614295,25742.7614295,25742.7614295,25742.7614295,25742.7614295,25742.7614295,25742.7614295,25742.7614295,25742.7614295,25742.7614295,25742.7614295,25742.7614295,25742.7614295,25742.7614295,25742.7614295,25742.7614295,25742.7614295,25742.7614295,25742.7614295,25742.7614295,25742.7614295,25742.7614295,25742.7614295,25742.7614295,25742.7614295,25742.7614295,25742.7614295,25742.7614295,25742.7614295,25742.7614295,25742.7614295,25742.7614295,25742.7614295,25742.7614295,25742.7614295,25742.7614295,25742.7614295,25742.7614295,25742.7614295,25742.7614295,25742.7614295,25742.7614295,25742.7614295,25742.7614295,25742.7614295,25742.7614295,25742.7614295,25742.7614295,25742.7614295,25742.7614295,25742.7614295,25742.7614295,25742.7614295,25742.7614295,25742.7614295,25742.7614295,25742.7614295,25742.7614295,25742.7614295,25742.7614295,25742.7614295,25742.7614295,25742.7614295,25742.7614295,25742.7614295,25742.7614295,25742.7614295,25742.7614295,25742.7614295,25742.7614295,25742.7614295,25742.7614295,25742.7614295,25742.7614295,25742.7614295,25742.7614295,25742.7614295,25742.7614295,25742.7614295,25742.7614295,25742.7614295,25742.7614295,25742.7614295,25742.7614295,25742.7614295,25742.7614295,25742.7614295,25742.7614295,25742.7614295,25742.7614295,25742.7614295,25742.7614295,25742.7614295,25742.7614295,25742.7614295,25742.7614295,25742.7614295,25742.7614295,25742.7614295,25742.7614295,25742.7614295,25742.7614295,25742.7614295,25742.7614295,25742.7614295,25742.7614295,25742.7614295,25742.7614295,25742.7614295,25742.7614295,25742.7614295,25742.7614295,25742.7614295,25742.7614295,25742.7614295,25742.7614295,25742.7614295,25742.7614295,25742.7614295,25742.7614295,25742.7614295,25742.7614295,25742.7614295,25742.7614295,25742.7614295,25742.7614295,25742.7614295,25742.7614295,25742.7614295,25742.7614295,25742.7614295,25742.7614295,25742.7614295,25742.7614295,25742.7614295,25742.7614295,25742.7614295,25742.7614295,25742.7614295,25742.7614295,25742.7614295,25742.7614295,25742.7614295,25742.7614295,25742.7614295,25742.7614295,25742.7614295,25742.7614295,25742.7614295,25742.7614295,25742.7614295,25742.7614295,25742.7614295,25742.7614295,25742.7614295,25742.7614295,25742.7614295,25742.7614295,25742.7614295,25742.7614295,25742.7614295,25742.7614295,25742.7614295,25742.7614295,25742.7614295,25742.7614295,25742.7614295,25742.7614295,25742.7614295,25742.7614295,25742.7614295,25742.7614295,25742.7614295,25742.7614295,25742.7614295,25742.7614295,25742.7614295,25742.7614295,25742.7614295,25742.7614295,25742.7614295,25742.7614295,25742.7614295,25742.7614295,25742.7614295,25742.7614295,25742.7614295,25742.7614295,25742.7614295,25742.7614295,25742.7614295,25742.7614295,25742.7614295,25742.7614295,25742.7614295,25742.7614295,25742.7614295,25742.7614295,25742.7614295,25742.7614295,25742.7614295,25742.7614295,25742.7614295,25742.7614295,25742.7614295,25742.7614295,25742.7614295,25742.7614295,25742.7614295,25742.7614295,25742.7614295,25742.7614295,25742.7614295,25742.7614295,25742.7614295,25742.7614295,25742.7614295,25742.7614295,25742.7614295,25742.7614295,25742.7614295,25742.7614295,25742.7614295,25742.7614295,25742.7614295,25742.7614295,25742.7614295,25742.7614295,25742.7614295,25742.7614295,25742.7614295,25742.7614295,25742.7614295,25742.7614295,25742.7614295,25742.7614295,25742.7614295,25742.7614295,25742.7614295,25742.7614295,25742.7614295,25742.7614295,25742.7614295,25742.7614295,25742.7614295,25742.7614295,25742.7614295,25742.7614295,25742.7614295,25742.7614295,25742.7614295,25742.7614295,25742.7614295,25742.7614295,25742.7614295,25742.7614295,25742.7614295,25742.7614295,25742.7614295,25742.7614295,25742.7614295,25742.7614295,25742.7614295,25742.7614295,25742.7614295,25742.7614295,25742.7614295,25742.7614295,25742.7614295,25742.7614295,25742.7614295,25742.7614295,25742.7614295,25742.7614295,25742.7614295,25742.7614295,25742.7614295,25742.7614295,25742.7614295,25742.7614295,25742.7614295,25742.7614295,25742.7614295,25742.7614295,25742.7614295,25742.7614295,25742.7614295,25742.7614295,25742.7614295,25742.7614295,25742.7614295,25742.7614295,25742.7614295,25742.7614295,25742.7614295,25742.7614295,25742.7614295,25742.7614295,25742.7614295,25742.7614295,25742.7614295,25742.7614295,25742.7614295,25742.7614295,25742.7614295,25742.7614295,25742.7614295,25742.7614295,25742.7614295,25742.7614295,25742.7614295,25742.7614295,25742.7614295,25742.7614295,25742.7614295,25742.7614295,25742.7614295,25742.7614295,25742.7614295,25742.7614295,25742.7614295,25742.7614295,25742.7614295,25742.7614295,25742.7614295,25742.7614295,25742.7614295,25742.7614295,25742.7614295,25742.7614295,25742.7614295,25742.7614295,25742.7614295,25742.7614295,25742.7614295,25742.7614295,25742.7614295,25742.7614295,25742.7614295,25742.7614295,25742.7614295,25742.7614295,25742.7614295,25742.7614295,25742.7614295,25742.7614295,25742.7614295,25742.7614295,25742.7614295,25742.7614295,25742.7614295,25742.7614295,25742.7614295,25742.7614295,25742.7614295,25742.7614295,25742.7614295,25742.7614295,25742.7614295,25742.7614295,25742.7614295,25742.7614295,25742.7614295,25742.7614295,25742.7614295,25742.7614295,25742.7614295,25742.7614295,25742.7614295,25742.7614295,25742.7614295,25742.7614295,25742.7614295,25742.7614295,25742.7614295,25742.7614295,25742.7614295,25742.7614295,25742.7614295,25742.7614295,25742.7614295,25742.7614295,25742.7614295,25742.7614295,25742.7614295,25742.7614295,25742.7614295,25742.7614295,25742.7614295,25742.7614295,25742.7614295,25742.7614295,25742.7614295,25742.7614295,25742.7614295,25742.7614295,25742.7614295,25742.7614295,25742.7614295,25742.7614295,25742.7614295,25742.7614295,25742.7614295,25742.7614295,25742.7614295,25742.7614295,25742.7614295,25742.7614295,25742.7614295,25742.7614295,25742.7614295,25742.7614295,25742.7614295,25742.7614295,25742.7614295,25742.7614295,25742.7614295,25742.7614295,25742.7614295,25742.7614295,25742.7614295,25742.7614295,25742.7614295,25742.7614295,25742.7614295,25742.7614295,25742.7614295,25742.7614295,25742.7614295,25742.7614295,25742.7614295,25742.7614295,25742.7614295,25742.7614295,25742.7614295,25742.7614295,25742.7614295,25742.7614295,25742.7614295,25742.7614295,25742.7614295,25742.7614295,25742.7614295,25742.7614295,25742.7614295,25742.7614295,25742.7614295,25742.7614295,25742.7614295,25742.7614295,25742.7614295,25742.7614295,25742.7614295,25742.7614295,25742.7614295,25742.7614295,25742.7614295,25742.7614295,25742.7614295,25742.7614295,25742.7614295,25742.7614295,25742.7614295,25742.7614295,25742.7614295,25742.7614295,25742.7614295,25742.7614295,25742.7614295,25742.7614295,25742.7614295,25742.7614295,25742.7614295,25742.7614295,25742.7614295,25742.7614295,25742.7614295,25742.7614295,25742.7614295,25742.7614295,25742.7614295,25742.7614295,25742.7614295,25742.7614295,25742.7614295,25742.7614295,25742.7614295,25742.7614295,25742.7614295,25742.7614295,25742.7614295,25742.7614295,25742.7614295,25742.7614295,25742.7614295,25742.7614295,25742.7614295,25742.7614295,25742.7614295,25742.7614295,25742.7614295,25742.7614295,25742.7614295,25742.7614295,25742.7614295,25742.7614295,25742.7614295,25742.7614295,25742.7614295,25742.7614295,25742.7614295,25742.7614295,25742.7614295,25742.7614295,25742.7614295,25742.7614295,25742.7614295,25742.7614295,25742.7614295,25742.7614295,25742.7614295,25742.7614295,25742.7614295,25742.7614295,25742.7614295,25742.7614295,25742.7614295,25742.7614295,25742.7614295,25742.7614295,25742.7614295,25742.7614295,25742.7614295,25742.7614295,25742.7614295,25742.7614295,25742.7614295,25742.7614295,25742.7614295,25742.7614295,25742.7614295,25742.7614295,25742.7614295,25742.7614295,25742.7614295,25742.7614295,25742.7614295,25742.7614295,25742.7614295,25742.7614295,25742.7614295,25742.7614295,25742.7614295,25742.7614295,25742.7614295,25742.7614295,25742.7614295,25742.7614295,25742.7614295,25742.7614295,25742.7614295,25742.7614295,25742.7614295,25742.7614295,25742.7614295,25742.7614295,25742.7614295,25742.7614295,25742.7614295,25742.7614295,25742.7614295,25742.7614295,25742.7614295,25742.7614295,25742.7614295,25742.7614295,25742.7614295,25742.7614295,25742.7614295,25742.7614295,25742.7614295,25742.7614295,25742.7614295,25742.7614295,25742.7614295,25742.7614295,25742.7614295,25742.7614295,25742.7614295,25742.7614295,25742.7614295,25742.7614295,25742.7614295,25742.7614295,25742.7614295,25742.7614295,25742.7614295,25742.7614295,25742.7614295,25742.7614295,25742.7614295,25742.7614295,25742.7614295,25742.7614295,25742.7614295,25742.7614295,25742.7614295,25742.7614295,25742.7614295,25742.7614295,25742.7614295,25742.7614295,25742.7614295,25742.7614295,25742.7614295,25742.7614295,25742.7614295,25742.7614295,25742.7614295,25742.7614295,25742.7614295,25742.7614295,25742.7614295,25742.7614295,25742.7614295,25742.7614295,25742.7614295,25742.7614295,25742.7614295,25742.7614295,25742.7614295,25742.7614295,25742.7614295,25742.7614295,25742.7614295,25742.7614295,25742.7614295,25742.7614295,25742.7614295,25742.7614295,25742.7614295,25742.7614295,25742.7614295,25742.7614295,25742.7614295,25742.7614295,25742.7614295,25742.7614295,25742.7614295,25742.7614295,25742.7614295,25742.7614295,25742.7614295,25742.7614295,25742.7614295,25742.7614295,25742.7614295,25742.7614295,25742.7614295,25742.7614295,25742.7614295,25742.7614295,25742.7614295,25742.7614295,25742.7614295,25742.7614295,25742.7614295,25742.7614295,25742.7614295,25742.7614295,25742.7614295,25742.7614295,25742.7614295,25742.7614295,25742.7614295,25742.7614295,25742.7614295,25742.7614295,25742.7614295,25742.7614295,25742.7614295,25742.7614295,25742.7614295,25742.7614295,25742.7614295,25742.7614295,25742.7614295,25742.7614295,25742.7614295,25742.7614295,25742.7614295,25742.7614295,25742.7614295,25742.7614295,25742.7614295,25742.7614295,25742.7614295,25742.7614295,25742.7614295,25742.7614295,25742.7614295,25742.7614295,25742.7614295,25742.7614295,25742.7614295,25742.7614295,25742.7614295,25742.7614295,25742.7614295,25742.7614295,25742.7614295,25742.7614295,25742.7614295,25742.7614295,25742.7614295,25742.7614295,25742.7614295,25742.7614295,25742.7614295,25742.7614295,25742.7614295,25742.7614295,25742.7614295,25742.7614295,25742.7614295,25742.7614295,25742.7614295,25742.7614295,25742.7614295,25742.7614295,25742.7614295,25742.7614295,25742.7614295,25742.7614295,25742.7614295,25742.7614295,25742.7614295,25742.7614295,25742.7614295,25742.7614295,25742.7614295,25742.7614295,25742.7614295,25742.7614295,25742.7614295,25742.7614295,25742.7614295,25742.7614295,25742.7614295,25742.7614295,25742.7614295,25742.7614295,25742.7614295,25742.7614295,25742.7614295,25742.7614295,25742.7614295,25742.7614295,25742.7614295,25742.7614295,25742.7614295,25742.7614295,25742.7614295,25742.7614295,25742.7614295,25742.7614295,25742.7614295,25742.7614295,25742.7614295,25742.7614295,25742.7614295,25742.7614295,25742.7614295,25742.7614295,25742.7614295,25742.7614295,25742.7614295,25742.7614295,25742.7614295,25742.7614295,25742.7614295,25742.7614295,25742.7614295,25742.7614295,25742.7614295,25742.7614295,25742.7614295,25742.7614295,25742.7614295,25742.7614295,25742.7614295,25742.7614295,25742.7614295,25742.7614295,25742.7614295,25742.7614295,25742.7614295,25742.7614295,25742.7614295,25742.7614295,25742.7614295,25742.7614295,25742.7614295,25742.7614295,25742.7614295,25742.7614295,25742.7614295,25742.7614295,25742.7614295,25742.7614295,25742.7614295,25742.7614295,25742.7614295,25742.7614295,25742.7614295,25742.7614295,25742.7614295,25742.7614295,25742.7614295,25742.7614295,25742.7614295,25742.7614295,25742.7614295,25742.7614295,25742.7614295,25742.7614295,25742.7614295,25742.7614295,25742.7614295,25742.7614295,25742.7614295,25742.7614295,25742.7614295,25742.7614295,25742.7614295,25742.7614295,25742.7614295,25742.7614295,25742.7614295,25742.7614295,25742.7614295,25742.7614295,25742.7614295,25742.7614295,25742.7614295,25742.7614295,25742.7614295,25742.7614295,25742.7614295,25742.7614295,25742.7614295,25742.7614295,25742.7614295,25742.7614295,25742.7614295,25742.7614295,25742.7614295,25742.7614295,25742.7614295,25742.7614295,25742.7614295,25742.7614295,25742.7614295,25742.7614295,25742.7614295,25742.7614295,25742.7614295,25742.7614295,25742.7614295,25742.7614295,25742.7614295,25742.7614295,25742.7614295,25742.7614295,25742.7614295,25742.7614295,25742.7614295,25742.7614295,25742.7614295,25742.7614295,25742.7614295,25742.7614295,25742.7614295,25742.7614295,25742.7614295,25742.7614295,25742.7614295,25742.7614295,25742.7614295,25742.7614295,25742.7614295,25742.7614295,25742.7614295,25742.7614295,25742.7614295,25742.7614295,25742.7614295,25742.7614295,25742.7614295,25742.7614295,25742.7614295,25742.7614295,25742.7614295,25742.7614295,25742.7614295,25742.7614295,25742.7614295,25742.7614295,25742.7614295,25742.7614295,25742.7614295,25742.7614295,25742.7614295,25742.7614295,25742.7614295,25742.7614295,25742.7614295,25742.7614295,25742.7614295,25742.7614295,25742.7614295,25742.7614295,25742.7614295,25742.7614295,25742.7614295,25742.7614295,25742.7614295,25742.7614295,25742.7614295,25742.7614295,25742.7614295,25742.7614295,25742.7614295,25742.7614295,25742.7614295,25742.7614295,25742.7614295,25742.7614295,25742.7614295,25742.7614295,25742.7614295,25742.7614295,25742.7614295,25742.7614295,25742.7614295,25742.7614295,25742.7614295,25742.7614295,25742.7614295,25742.7614295,25742.7614295,25742.7614295,25742.7614295,25742.7614295,25742.7614295,25742.7614295,25742.7614295,25742.7614295,25742.7614295,25742.7614295,25742.7614295,25742.7614295,25742.7614295,25742.7614295,25742.7614295,25742.7614295,25742.7614295,25742.7614295,25742.7614295,25742.7614295,25742.7614295,25742.7614295,25742.7614295,25742.7614295,25742.7614295,25742.7614295,25742.7614295,25742.7614295,25742.7614295,25742.7614295,25742.7614295,25742.7614295,25742.7614295,25742.7614295,25742.7614295,25742.7614295,25742.7614295,25742.7614295,25742.7614295,25742.7614295,25742.7614295,25742.7614295,25742.7614295,25742.7614295,25742.7614295,25742.7614295,25742.7614295,25742.7614295,25742.7614295,25742.7614295,25742.7614295,25742.7614295,25742.7614295,25742.7614295,25742.7614295,25742.7614295,25742.7614295,25742.7614295,25742.7614295,25742.7614295,25742.7614295,25742.7614295,25742.7614295,25742.7614295,25742.7614295,25742.7614295,25742.7614295,25742.7614295,25742.7614295,25742.7614295,25742.7614295,25742.7614295,25742.7614295,25742.7614295,25742.7614295,25742.7614295,25742.7614295,25742.7614295,25742.7614295,25742.7614295,25742.7614295,25742.7614295,25742.7614295,25742.7614295,25742.7614295,25742.7614295,25742.7614295,25742.7614295,25742.7614295,25742.7614295,25742.7614295,25742.7614295,25742.7614295,25742.7614295,25742.7614295,25742.7614295,25742.7614295,25742.7614295,25742.7614295,25742.7614295,25742.7614295,25742.7614295,25742.7614295,25742.7614295,25742.7614295,25742.7614295,25742.7614295,25742.7614295,25742.7614295,25742.7614295,25742.7614295,25742.7614295,25742.7614295,25742.7614295,25742.7614295,25742.7614295,25742.7614295,25742.7614295,25742.7614295,25742.7614295,25742.7614295,25742.7614295,25742.7614295,25742.7614295,25742.7614295,25742.7614295,25742.7614295,25742.7614295,25742.7614295,25742.7614295,25742.7614295,25742.7614295,25742.7614295,25742.7614295,25742.7614295,25742.7614295,25742.7614295,25742.7614295,25742.7614295,25742.7614295,25742.7614295,25742.7614295,25742.7614295,25742.7614295,25742.7614295,25742.7614295,25742.7614295,25742.7614295,25742.7614295,25742.7614295,25742.7614295,25742.7614295,25742.7614295,25742.7614295,25742.7614295,25742.7614295,25742.7614295,25742.7614295,25742.7614295,25742.7614295,25742.7614295,25742.7614295,25742.7614295,25742.7614295,25742.7614295,25742.7614295,25742.7614295,25742.7614295,25742.7614295,25742.7614295,25742.7614295,25742.7614295,25742.7614295,25742.7614295,25742.7614295,25742.7614295,25742.7614295,25742.7614295,25742.7614295,25742.7614295,25742.7614295,25742.7614295,25742.7614295,25742.7614295,25742.7614295,25742.7614295,25742.7614295,25742.7614295,25742.7614295,25742.7614295,25742.7614295,25742.7614295,25742.7614295,25742.7614295,25742.7614295,25742.7614295,25742.7614295,25742.7614295,25742.7614295,25742.7614295,25742.7614295,25742.7614295,25742.7614295,25742.7614295,25742.7614295,25742.7614295,25742.7614295,25742.7614295,25742.7614295,25742.7614295,25742.7614295,25742.7614295,25742.7614295,25742.7614295,25742.7614295,25742.7614295,25742.7614295,25742.7614295,25742.7614295,25742.7614295,25742.7614295,25742.7614295,25742.7614295,25742.7614295,25742.7614295,25742.7614295,25742.7614295,25742.7614295,25742.7614295,25742.7614295,25742.7614295,25742.7614295,25742.7614295,25742.7614295,25742.7614295,25742.7614295,25742.7614295,25742.7614295,25742.7614295,25742.7614295,25742.7614295,25742.7614295,25742.7614295,25742.7614295,25742.7614295,25742.7614295,25742.7614295,25742.7614295,25742.7614295,25742.7614295,25742.7614295,25742.7614295,25742.7614295,25742.7614295,25742.7614295,25742.7614295,25742.7614295,25742.7614295,25742.7614295,25742.7614295,25742.7614295,25742.7614295,25742.7614295,25742.7614295,25742.7614295,25742.7614295,25742.7614295,25742.7614295,25742.7614295,25742.7614295,25742.7614295,25742.7614295,25742.7614295,25742.7614295,25742.7614295,25742.7614295,25742.7614295,25742.7614295,25742.7614295,25742.7614295,25742.7614295,25742.7614295,25742.7614295,25742.7614295,25742.7614295,25742.7614295,25742.7614295,25742.7614295,25742.7614295,25742.7614295,25742.7614295,25742.7614295,25742.7614295,25742.7614295,25742.7614295,25742.7614295,25742.7614295,25742.7614295,25742.7614295,25742.7614295,25742.7614295,25742.7614295,25742.7614295,25742.7614295,25742.7614295,25742.7614295,25742.7614295,25742.7614295,25742.7614295,25742.7614295,25742.7614295,25742.7614295,25742.7614295,25742.7614295,25742.7614295,25742.7614295,25742.7614295,25742.7614295,25742.7614295,25742.7614295,25742.7614295,25742.7614295,25742.7614295,25742.7614295,25742.7614295,25742.7614295,25742.7614295,25742.7614295,25742.7614295,25742.7614295,25742.7614295,25742.7614295,25742.7614295,25742.7614295,25742.7614295,25742.7614295,25742.7614295,25742.7614295,25742.7614295,25742.7614295,25742.7614295,25742.7614295,25742.7614295,25742.7614295,25742.7614295,25742.7614295,25742.7614295,25742.7614295,25742.7614295,25742.7614295,25742.7614295,25742.7614295,25742.7614295,25742.7614295,25742.7614295,25742.7614295,25742.7614295,25742.7614295,25742.7614295,25742.7614295,25742.7614295,25742.7614295,25742.7614295,25742.7614295,25742.7614295,25742.7614295,25742.7614295,25742.7614295,25742.7614295,25742.7614295,25742.7614295,25742.7614295,25742.7614295,25742.7614295,25742.7614295,25742.7614295,25742.7614295,25742.7614295,25742.7614295,25742.7614295,25742.7614295,25742.7614295,25742.7614295,25742.7614295,25742.7614295,25742.7614295,25742.7614295,25742.7614295,25742.7614295,25742.7614295,25742.7614295,25742.7614295,25742.7614295,25742.7614295,25742.7614295,25742.7614295,25742.7614295,25742.7614295,25742.7614295,25742.7614295,25742.7614295,25742.7614295,25742.7614295,25742.7614295,25742.7614295,25742.7614295,25742.7614295,25742.7614295,25742.7614295,25742.7614295,25742.7614295,25742.7614295,25742.7614295,25742.7614295,25742.7614295,25742.7614295,25742.7614295,25742.7614295,25742.7614295,25742.7614295,25742.7614295,25742.7614295,25742.7614295,25742.7614295,25742.7614295,25742.7614295,25742.7614295,25742.7614295,25742.7614295,25742.7614295,25742.7614295,25742.7614295,25742.7614295,25742.7614295,25742.7614295,25742.7614295,25742.7614295,25742.7614295,25742.7614295,25742.7614295,25742.7614295,25742.7614295,25742.7614295,25742.7614295,25742.7614295,25742.7614295,25742.7614295,25742.7614295,25742.7614295,25742.7614295,25742.7614295,25742.7614295,25742.7614295,25742.7614295,25742.7614295,25742.7614295,25742.7614295,25742.7614295,25742.7614295,25742.7614295,25742.7614295,25742.7614295,25742.7614295,25742.7614295,25742.7614295,25742.7614295,25742.7614295,25742.7614295,25742.7614295,25742.7614295,25742.7614295,25742.7614295,25742.7614295,25742.7614295,25742.7614295,25742.7614295,25742.7614295,25742.7614295,25742.7614295,25742.7614295,25742.7614295,25742.7614295,25742.7614295,25742.7614295,25742.7614295,25742.7614295,25742.7614295,25742.7614295,25742.7614295,25742.7614295,25742.7614295,25742.7614295,25742.7614295,25742.7614295,25742.7614295,25742.7614295,25742.7614295,25742.7614295,25742.7614295,25742.7614295,25742.7614295,25742.7614295,25742.7614295,25742.7614295,25742.7614295,25742.7614295,25742.7614295,25742.7614295,25742.7614295,25742.7614295,25742.7614295,25742.7614295,25742.7614295,25742.7614295,25742.7614295,25742.7614295,25742.7614295,25742.7614295,25742.7614295,25742.7614295,25742.7614295,25742.7614295,25742.7614295,25742.7614295,25742.7614295,25742.7614295,25742.7614295,25742.7614295,25742.7614295,25742.7614295,25742.7614295,25742.7614295,25742.7614295,25742.7614295,25742.7614295,25742.7614295,25742.7614295,25742.7614295,25742.7614295,25742.7614295,25742.7614295,25742.7614295,25742.7614295,25742.7614295,25742.7614295,25742.7614295,25742.7614295,25742.7614295,25742.7614295,25742.7614295,25742.7614295,25742.7614295,25742.7614295,25742.7614295,25742.7614295,25742.7614295,25742.7614295,25742.7614295,25742.7614295,25742.7614295,25742.7614295,25742.7614295,25742.7614295,25742.7614295,25742.7614295,25742.7614295,25742.7614295,25742.7614295,25742.7614295,25742.7614295,25742.7614295,25742.7614295,25742.7614295,25742.7614295,25742.7614295,25742.7614295,25742.7614295,25742.7614295,25742.7614295,25742.7614295,25742.7614295,25742.7614295,25742.7614295,25742.7614295,25742.7614295,25742.7614295,25742.7614295,25742.7614295,25742.7614295,25742.7614295,25742.7614295,25742.7614295,25742.7614295,25742.7614295,25742.7614295,25742.7614295,25742.7614295,25742.7614295,25742.7614295,25742.7614295,25742.7614295,25742.7614295,25742.7614295,25742.7614295,25742.7614295,25742.7614295,25742.7614295,25742.7614295,25742.7614295,25742.7614295,25742.7614295,25742.7614295,25742.7614295,25742.7614295,25742.7614295,25742.7614295,25742.7614295,25742.7614295,25742.7614295,25742.7614295,25742.7614295,25742.7614295,25742.7614295,25742.7614295,25742.7614295,25742.7614295,25742.7614295,25742.7614295,25742.7614295,25742.7614295,25742.7614295,25742.7614295,25742.7614295,25742.7614295,25742.7614295,25742.7614295,25742.7614295,25742.7614295,25742.7614295,25742.7614295,25742.7614295,25742.7614295,25742.7614295,25742.7614295,25742.7614295,25742.7614295,25742.7614295,25742.7614295,25742.7614295,25742.7614295,25742.7614295,25742.7614295,25742.7614295,25742.7614295,25742.7614295,25742.7614295,25742.7614295,25742.7614295,25742.7614295,25742.7614295,25742.7614295,25742.7614295,25742.7614295,25742.7614295,25742.7614295,25742.7614295,25742.7614295,25742.7614295,25742.7614295,25742.7614295,25742.7614295,25742.7614295,25742.7614295,25742.7614295,25742.7614295,25742.7614295,25742.7614295,25742.7614295,25742.7614295,25742.7614295,25742.7614295,25742.7614295,25742.7614295,25742.7614295,25742.7614295,25742.7614295,25742.7614295,25742.7614295,25742.7614295,25742.7614295,25742.7614295,25742.7614295,25742.7614295,25742.7614295,25742.7614295,25742.7614295,25742.7614295,25742.7614295,25742.7614295,25742.7614295,25742.7614295,25742.7614295,25742.7614295,25742.7614295,25742.7614295,25742.7614295,25742.7614295,25742.7614295,25742.7614295,25742.7614295,25742.7614295,25742.7614295,25742.7614295,25742.7614295,25742.7614295,25742.7614295,25742.7614295,25742.7614295,25742.7614295,25742.7614295,25742.7614295,25742.7614295,25742.7614295,25742.7614295,25742.7614295,25742.7614295,25742.7614295,25742.7614295,25742.7614295,25742.7614295,25742.7614295,25742.7614295,25742.7614295,25742.7614295,25742.7614295,25742.7614295,25742.7614295,25742.7614295,25742.7614295,25742.7614295,25742.7614295,25742.7614295,25742.7614295,25742.7614295,25742.7614295,25742.7614295,25742.7614295,25742.7614295,25742.7614295,25742.7614295,25742.7614295,25742.7614295,25742.7614295,25742.7614295,25742.7614295,25742.7614295,25742.7614295,25742.7614295,25742.7614295,25742.7614295,25742.7614295,25742.7614295,25742.7614295,25742.7614295,25742.7614295,25742.7614295,25742.7614295,25742.7614295,25742.7614295,25742.7614295,25742.7614295,25742.7614295,25742.7614295,25742.7614295,25742.7614295,25742.7614295,25742.7614295,25742.7614295,25742.7614295,25742.7614295,25742.7614295,25742.7614295,25742.7614295,25742.7614295,25742.7614295,25742.7614295,25742.7614295,25742.7614295,25742.7614295,25742.7614295,25742.7614295,25742.7614295,25742.7614295,25742.7614295,25742.7614295,25742.7614295,25742.7614295,25742.7614295,25742.7614295,25742.7614295,25742.7614295,25742.7614295,25742.7614295,25742.7614295,25742.7614295,25742.7614295,25742.7614295,25742.7614295,25742.7614295,25742.7614295,25742.7614295,25742.7614295,25742.7614295,25742.7614295,25742.7614295,25742.7614295,25742.7614295,25742.7614295,25742.7614295,25742.7614295,25742.7614295,25742.7614295,25742.7614295,25742.7614295,25742.7614295,25742.7614295,25742.7614295,25742.7614295,25742.7614295,25742.7614295,25742.7614295,25742.7614295,25742.7614295,25742.7614295,25742.7614295,25742.7614295,25742.7614295,25742.7614295,25742.7614295,25742.7614295,25742.7614295,25742.7614295,25742.7614295,25742.7614295,25742.7614295,25742.7614295,25742.7614295,25742.7614295,25742.7614295,25742.7614295,25742.7614295,25742.7614295,25742.7614295,25742.7614295,25742.7614295,25742.7614295,25742.7614295,25742.7614295,25742.7614295,25742.7614295,25742.7614295,25742.7614295,25742.7614295,25742.7614295,25742.7614295,25742.7614295,25742.7614295,25742.7614295,25742.7614295,25742.7614295,25742.7614295,25742.7614295,25742.7614295,25742.7614295,25742.7614295,25742.7614295,25742.7614295,25742.7614295,25742.7614295,25742.7614295,25742.7614295,25742.7614295,25742.7614295,25742.7614295,25742.7614295,25742.7614295,25742.7614295,25742.7614295,25742.7614295,25742.7614295,25742.7614295,25742.7614295,25742.7614295,25742.7614295,25742.7614295,25742.7614295,25742.7614295,25742.7614295,25742.7614295,25742.7614295,25742.7614295,25742.7614295,25742.7614295,25742.7614295,25742.7614295,25742.7614295,25742.7614295,25742.7614295,25742.7614295,25742.7614295,25742.7614295,25742.7614295,25742.7614295,25742.7614295,25742.7614295,25742.7614295,25742.7614295,25742.7614295,25742.7614295,25742.7614295,25742.7614295,25742.7614295,25742.7614295,25742.7614295,25742.7614295,25742.7614295,25742.7614295,25742.7614295,25742.7614295,25742.7614295,25742.7614295,25742.7614295,25742.7614295,25742.7614295,25742.7614295,25742.7614295,25742.7614295,25742.7614295,25742.7614295,25742.7614295,25742.7614295,25742.7614295,25742.7614295,25742.7614295,25742.7614295,25742.7614295,25742.7614295,25742.7614295,25742.7614295,25742.7614295,25742.7614295,25742.7614295,25742.7614295,25742.7614295,25742.7614295,25742.7614295,25742.7614295,25742.7614295,25742.7614295,25742.7614295,25742.7614295,25742.7614295,25742.7614295,25742.7614295,25742.7614295,25742.7614295,25742.7614295,25742.7614295,25742.7614295,25742.7614295,25742.7614295,25742.7614295,25742.7614295,25742.7614295,25742.7614295,25742.7614295,25742.7614295,25742.7614295,25742.7614295,25742.7614295,25742.7614295,25742.7614295,25742.7614295,25742.7614295,25742.7614295,25742.7614295,25742.7614295,25742.7614295,25742.7614295,25742.7614295,25742.7614295,25742.7614295,25742.7614295,25742.7614295,25742.7614295,25742.7614295,25742.7614295,25742.7614295,25742.7614295,25742.7614295,25742.7614295,25742.7614295,25742.7614295,25742.7614295,25742.7614295,25742.7614295,25742.7614295,25742.7614295,25742.7614295,25742.7614295,25742.7614295,25742.7614295,25742.7614295,25742.7614295,25742.7614295,25742.7614295,25742.7614295,25742.7614295,25742.7614295,25742.7614295,25742.7614295,25742.7614295,25742.7614295,25742.7614295,25742.7614295,25742.7614295,25742.7614295,25742.7614295,25742.7614295,25742.7614295,25742.7614295,25742.7614295,25742.7614295,25742.7614295,25742.7614295,25742.7614295,25742.7614295,25742.7614295,25742.7614295,25742.7614295,25742.7614295,25742.7614295,25742.7614295,25742.7614295,25742.7614295,25742.7614295,25742.7614295,25742.7614295,25742.7614295,25742.7614295,25742.7614295,25742.7614295,25742.7614295,25742.7614295,25742.7614295,25742.7614295,25742.7614295,25742.7614295,25742.7614295,25742.7614295,25742.7614295,25742.7614295,25742.7614295,25742.7614295,25742.7614295,25742.7614295,25742.7614295,25742.7614295,25742.7614295,25742.7614295,25742.7614295,25742.7614295,25742.7614295,25742.7614295,25742.7614295,25742.7614295,25742.7614295,25742.7614295,25742.7614295,25742.7614295,25742.7614295,25742.7614295,25742.7614295,25742.7614295,25742.7614295,25742.7614295,25742.7614295,25742.7614295,25742.7614295,25742.7614295,25742.7614295,25742.7614295,25742.7614295,25742.7614295,25742.7614295,25742.7614295,25742.7614295,25742.7614295,25742.7614295,25742.7614295,25742.7614295,25742.7614295,25742.7614295,25742.7614295,25742.7614295,25742.7614295,25742.7614295,25742.7614295,25742.7614295,25742.7614295,25742.7614295,25742.7614295,25742.7614295,25742.7614295,25742.7614295,25742.7614295,25742.7614295,25742.7614295,25742.7614295,25742.7614295,25742.7614295,25742.7614295,25742.7614295,25742.7614295,25742.7614295,25742.7614295,25742.7614295,25742.7614295,25742.7614295,25742.7614295,25742.7614295,25742.7614295,25742.7614295,25742.7614295,25742.7614295,25742.7614295,25742.7614295,25742.7614295,25742.7614295,25742.7614295,25742.7614295,25742.7614295,25742.7614295,25742.7614295,25742.7614295,25742.7614295,25742.7614295,25742.7614295,25742.7614295,25742.7614295,25742.7614295,25742.7614295,25742.7614295,25742.7614295,25742.7614295,25742.7614295,25742.7614295,25742.7614295,25742.7614295,25742.7614295,25742.7614295,25742.7614295,25742.7614295,25742.7614295,25742.7614295,25742.7614295,25742.7614295,25742.7614295,25742.7614295,25742.7614295,25742.7614295,25742.7614295,25742.7614295,25742.7614295,25742.7614295,25742.7614295,25742.7614295,25742.7614295,25742.7614295,25742.7614295,25742.7614295,25742.7614295,25742.7614295,25742.7614295,25742.7614295,25742.7614295,25742.7614295,25742.7614295,25742.7614295,25742.7614295,25742.7614295,25742.7614295,25742.7614295,25742.7614295,25742.7614295,25742.7614295,25742.7614295,25742.7614295,25742.7614295,25742.7614295,25742.7614295,25742.7614295,25742.7614295,25742.7614295,25742.7614295,25742.7614295,25742.7614295,25742.7614295,25742.7614295,25742.7614295,25742.7614295,25742.7614295,25742.7614295,25742.7614295,25742.7614295,25742.7614295,25742.7614295,25742.7614295,25742.7614295,25742.7614295,25742.7614295,25742.7614295,25742.7614295,25742.7614295,25742.7614295,25742.7614295,25742.7614295,25742.7614295,25742.7614295,25742.7614295,25742.7614295,25742.7614295,25742.7614295,25742.7614295,25742.7614295,25742.7614295,25742.7614295,25742.7614295,25742.7614295,25742.7614295,25742.7614295,25742.7614295,25742.7614295,25742.7614295,25742.7614295,25742.7614295,25742.7614295,25742.7614295,25742.7614295,25742.7614295,25742.7614295,25742.7614295,25742.7614295,25742.7614295,25742.7614295,25742.7614295,25742.7614295,25742.7614295,25742.7614295,25742.7614295,25742.7614295,25742.7614295,25742.7614295,25742.7614295,25742.7614295,25742.7614295,25742.7614295,25742.7614295,25742.7614295,25742.7614295,25742.7614295,25742.7614295,25742.7614295,25742.7614295,25742.7614295,25742.7614295,25742.7614295,25742.7614295,25742.7614295,25742.7614295,25742.7614295,25742.7614295,25742.7614295,25742.7614295,25742.7614295,25742.7614295,25742.7614295,25742.7614295,25742.7614295,25742.7614295,25742.7614295,25742.7614295,25742.7614295,25742.7614295,25742.7614295,25742.7614295,25742.7614295,25742.7614295,25742.7614295,25742.7614295,25742.7614295,25742.7614295,25742.7614295,25742.7614295,25742.7614295,25742.7614295,25742.7614295,25742.7614295,25742.7614295,25742.7614295,25742.7614295,25742.7614295,25742.7614295,25742.7614295,25742.7614295,25742.7614295,25742.7614295,25742.7614295,25742.7614295,25742.7614295,25742.7614295,25742.7614295,25742.7614295,25742.7614295,25742.7614295,25742.7614295,25742.7614295,25742.7614295,25742.7614295,25742.7614295,25742.7614295,25742.7614295,25742.7614295,25742.7614295,25742.7614295,25742.7614295,25742.7614295,25742.7614295,25742.7614295,25742.7614295,25742.7614295,25742.7614295,25742.7614295,25742.7614295,25742.7614295,25742.7614295,25742.7614295,25742.7614295,25742.7614295,25742.7614295,25742.7614295,25742.7614295,25742.7614295,25742.7614295,25742.7614295,25742.7614295,25742.7614295,25742.7614295,25742.7614295,25742.7614295,25742.7614295,25742.7614295,25742.7614295,25742.7614295,25742.7614295,25742.7614295,25742.7614295,25742.7614295,25742.7614295,25742.7614295,25742.7614295,25742.7614295,25742.7614295,25742.7614295,25742.7614295,25742.7614295,25742.7614295,25742.7614295,25742.7614295,25742.7614295,25742.7614295,25742.7614295,25742.7614295,25742.7614295,25742.7614295,25742.7614295,25742.7614295,25742.7614295,25742.7614295,25742.7614295,25742.7614295,25742.7614295,25742.7614295,25742.7614295,25742.7614295,25742.7614295,25742.7614295,25742.7614295,25742.7614295,25742.7614295,25742.7614295,25742.7614295,25742.7614295,25742.7614295,25742.7614295,25742.7614295,25742.7614295,25742.7614295,25742.7614295,25742.7614295,25742.7614295,25742.7614295,25742.7614295,25742.7614295,25742.7614295,25742.7614295,25742.7614295,25742.7614295,25742.7614295,25742.7614295,25742.7614295,25742.7614295,25742.7614295,25742.7614295,25742.7614295,25742.7614295,25742.7614295,25742.7614295,25742.7614295,25742.7614295,25742.7614295,25742.7614295,25742.7614295,25742.7614295,25742.7614295,25742.7614295,25742.7614295,25742.7614295,25742.7614295,25742.7614295,25742.7614295,25742.7614295,25742.7614295,25742.7614295,25742.7614295,25742.7614295,25742.7614295,25742.7614295,25742.7614295,25742.7614295,25742.7614295,25742.7614295,25742.7614295,25742.7614295,25742.7614295,25742.7614295,25742.7614295,25742.7614295,25742.7614295,25742.7614295,25742.7614295,25742.7614295,25742.7614295,25742.7614295,25742.7614295,25742.7614295,25742.7614295,25742.7614295,25742.7614295,25742.7614295,25742.7614295,25742.7614295,25742.7614295,25742.7614295,25742.7614295,25742.7614295,25742.7614295,25742.7614295,25742.7614295,25742.7614295,25742.7614295,25742.7614295,25742.7614295,25742.7614295,25742.7614295,25742.7614295,25742.7614295,25742.7614295,25742.7614295,25742.7614295,25742.7614295,25742.7614295,25742.7614295,25742.7614295,25742.7614295,25742.7614295,25742.7614295,25742.7614295,25742.7614295,25742.7614295,25742.7614295,25742.7614295,25742.7614295,25742.7614295,25742.7614295,25742.7614295,25742.7614295,25742.7614295,25742.7614295,25742.7614295,25742.7614295,25742.7614295,25742.7614295,25742.7614295,25742.7614295,25742.7614295,25742.7614295,25742.7614295,25742.7614295,25742.7614295,25742.7614295,25742.7614295,25742.7614295,25742.7614295,25742.7614295,25742.7614295,25742.7614295,25742.7614295,25742.7614295,25742.7614295,25742.7614295,25742.7614295,25742.7614295,25742.7614295,25742.7614295,25742.7614295,25742.7614295,25742.7614295,25742.7614295,25742.7614295,25742.7614295,25742.7614295,25742.7614295,25742.7614295,25742.7614295,25742.7614295,25742.7614295,25742.7614295,25742.7614295,25742.7614295,25742.7614295,25742.7614295,25742.7614295,25742.7614295,25742.7614295,25742.7614295,25742.7614295,25742.7614295,25742.7614295,25742.7614295,25742.7614295,25742.7614295,25742.7614295,25742.7614295,25742.7614295,25742.7614295,25742.7614295,25742.7614295,25742.7614295,25742.7614295,25742.7614295,25742.7614295,25742.7614295,25742.7614295,25742.7614295,25742.7614295,25742.7614295,25742.7614295,25742.7614295,25742.7614295,25742.7614295,25742.7614295,25742.7614295,25742.7614295,25742.7614295,25742.7614295,25742.7614295,25742.7614295,25742.7614295,25742.7614295,25742.7614295,25742.7614295,25742.7614295,25742.7614295,25742.7614295,25742.7614295,25742.7614295,25742.7614295,25742.7614295,25742.7614295,25742.7614295,25742.7614295,25742.7614295,25742.7614295,25742.7614295,25742.7614295,25742.7614295,25742.7614295,25742.7614295,25742.7614295,25742.7614295,25742.7614295,25742.7614295,25742.7614295,25742.7614295,25742.7614295,25742.7614295,25742.7614295,25742.7614295,25742.7614295,25742.7614295,25742.7614295,25742.7614295,25742.7614295,25742.7614295,25742.7614295,25742.7614295,25742.7614295,25742.7614295,25742.7614295,25742.7614295,25742.7614295,25742.7614295,25742.7614295,25742.7614295,25742.7614295,25742.7614295,25742.7614295,25742.7614295,25742.7614295,25742.7614295,25742.7614295,25742.7614295,25742.7614295,25742.7614295,25742.7614295,25742.7614295,25742.7614295,25742.7614295,25742.7614295,25742.7614295,25742.7614295,25742.7614295,25742.7614295,25742.7614295,25742.7614295,25742.7614295,25742.7614295,25742.7614295,25742.7614295,25742.7614295,25742.7614295,25742.7614295,25742.7614295,25742.7614295,25742.7614295,25742.7614295,25742.7614295,25742.7614295,25742.7614295,25742.7614295,25742.7614295,25742.7614295,25742.7614295,25742.7614295,25742.7614295,25742.7614295,25742.7614295,25742.7614295,25742.7614295,25742.7614295,25742.7614295,25742.7614295,25742.7614295,25742.7614295,25742.7614295,25742.7614295,25742.7614295,25742.7614295,25742.7614295,25742.7614295,25742.7614295,25742.7614295,25742.7614295,25742.7614295,25742.7614295,25742.7614295,25742.7614295,25742.7614295,25742.7614295,25742.7614295,25742.7614295,25742.7614295,25742.7614295,25742.7614295,25742.7614295,25742.7614295,25742.7614295,25742.7614295,25742.7614295,25742.7614295,25742.7614295,25742.7614295,25742.7614295,25742.7614295,25742.7614295,25742.7614295,25742.7614295,25742.7614295,25742.7614295,25742.7614295,25742.7614295,25742.7614295,25742.7614295,25742.7614295,25742.7614295,25742.7614295,25742.7614295,25742.7614295,25742.7614295,25742.7614295,25742.7614295,25742.7614295,25742.7614295,25742.7614295,25742.7614295,25742.7614295,25742.7614295,25742.7614295,25742.7614295,25742.7614295,25742.7614295,25742.7614295,25742.7614295,25742.7614295,25742.7614295,25742.7614295,25742.7614295,25742.7614295,25742.7614295,25742.7614295,25742.7614295,25742.7614295,25742.7614295,25742.7614295,25742.7614295,25742.7614295,25742.7614295,25742.7614295,25742.7614295,25742.7614295,25742.7614295,25742.7614295,25742.7614295,25742.7614295,25742.7614295,25742.7614295,25742.7614295,25742.7614295,25742.7614295,25742.7614295,25742.7614295,25742.7614295,25742.7614295,25742.7614295,25742.7614295,25742.7614295,25742.7614295,25742.7614295,25742.7614295,25742.7614295,25742.7614295,25742.7614295,25742.7614295,25742.7614295,25742.7614295,25742.7614295,25742.7614295,25742.7614295,25742.7614295,25742.7614295,25742.7614295,25742.7614295,25742.7614295,25742.7614295,25742.7614295,25742.7614295,25742.7614295,25742.7614295,25742.7614295,25742.7614295,25742.7614295,25742.7614295,25742.7614295,25742.7614295,25742.7614295,25742.7614295,25742.7614295,25742.7614295,25742.7614295,25742.7614295,25742.7614295,25742.7614295,25742.7614295,25742.7614295,25742.7614295,25742.7614295,25742.7614295,25742.7614295,25742.7614295,25742.7614295,25742.7614295,25742.7614295,25742.7614295,25742.7614295,25742.7614295,25742.7614295,25742.7614295,25742.7614295,25742.7614295,25742.7614295,25742.7614295,25742.7614295,25742.7614295,25742.7614295,25742.7614295,25742.7614295,25742.7614295,25742.7614295,25742.7614295,25742.7614295,25742.7614295,25742.7614295,25742.7614295,25742.7614295,25742.7614295,25742.7614295,25742.7614295,25742.7614295,25742.7614295,25742.7614295,25742.7614295,25742.7614295,25742.7614295,25742.7614295,25742.7614295,25742.7614295,25742.7614295,25742.7614295,25742.7614295,25742.7614295,25742.7614295,25742.7614295,25742.7614295,25742.7614295,25742.7614295,25742.7614295,25742.7614295,25742.7614295,25742.7614295,25742.7614295,25742.7614295,25742.7614295,25742.7614295,25742.7614295,25742.7614295,25742.7614295,25742.7614295,25742.7614295,25742.7614295,25742.7614295,25742.7614295,25742.7614295,25742.7614295,25742.7614295,25742.7614295,25742.7614295,25742.7614295,25742.7614295,25742.7614295,25742.7614295,25742.7614295,25742.7614295,25742.7614295,25742.7614295,25742.7614295,25742.7614295,25742.7614295,25742.7614295,25742.7614295,25742.7614295,25742.7614295,25742.7614295,25742.7614295,25742.7614295,25742.7614295,25742.7614295,25742.7614295,25742.7614295,25742.7614295,25742.7614295,25742.7614295,25742.7614295,25742.7614295,25742.7614295,25742.7614295,25742.7614295,25742.7614295,25742.7614295,25742.7614295,25742.7614295,25742.7614295,25742.7614295,25742.7614295,25742.7614295,25742.7614295,25742.7614295,25742.7614295,25742.7614295,25742.7614295,25742.7614295,25742.7614295,25742.7614295,25742.7614295,25742.7614295,25742.7614295,25742.7614295,25742.7614295,25742.7614295,25742.7614295,25742.7614295,25742.7614295,25742.7614295,25742.7614295,25742.7614295,25742.7614295,25742.7614295,25742.7614295,25742.7614295,25742.7614295,25742.7614295,25742.7614295,25742.7614295,25742.7614295,25742.7614295,25742.7614295,25742.7614295,25742.7614295,25742.7614295,25742.7614295,25742.7614295,25742.7614295,25742.7614295,25742.7614295,25742.7614295,25742.7614295,25742.7614295,25742.7614295,25742.7614295,25742.7614295,25742.7614295,25742.7614295,25742.7614295,25742.7614295,25742.7614295,25742.7614295,25742.7614295,25742.7614295,25742.7614295,25742.7614295,25742.7614295,25742.7614295,25742.7614295,25742.7614295,25742.7614295,25742.7614295,25742.7614295,25742.7614295,25742.7614295,25742.7614295,25742.7614295,25742.7614295,25742.7614295,25742.7614295,25742.7614295,25742.7614295,25742.7614295,25742.7614295,25742.7614295,25742.7614295,25742.7614295,25742.7614295,25742.7614295,25742.7614295,25742.7614295,25742.7614295,25742.7614295,25742.7614295,25742.7614295,25742.7614295,25742.7614295,25742.7614295,25742.7614295,25742.7614295,25742.7614295,25742.7614295,25742.7614295,25742.7614295,25742.7614295,25742.7614295,25742.7614295,25742.7614295,25742.7614295,25742.7614295,25742.7614295,25742.7614295,25742.7614295,25742.7614295,25742.7614295,25742.7614295,25742.7614295,25742.7614295,25742.7614295,25742.7614295,25742.7614295,25742.7614295,25742.7614295,25742.7614295,25742.7614295,25742.7614295,25742.7614295,25742.7614295,25742.7614295,25742.7614295,25742.7614295,25742.7614295,25742.7614295,25742.7614295,25742.7614295,25742.7614295,25742.7614295,25742.7614295,25742.7614295,25742.7614295,25742.7614295,25742.7614295,25742.7614295,25742.7614295,25742.7614295,25742.7614295,25742.7614295,25742.7614295,25742.7614295,25742.7614295,25742.7614295,25742.7614295,25742.7614295,25742.7614295,25742.7614295,25742.7614295,25742.7614295,25742.7614295,25742.7614295,25742.7614295,25742.7614295,25742.7614295,25742.7614295,25742.7614295,25742.7614295,25742.7614295,25742.7614295,25742.7614295,25742.7614295,25742.7614295,25742.7614295,25742.7614295,25742.7614295,25742.7614295,25742.7614295,25742.7614295,25742.7614295,25742.7614295,25742.7614295,25742.7614295,25742.7614295,25742.7614295,25742.7614295,25742.7614295,25742.7614295,25742.7614295,25742.7614295,25742.7614295,25742.7614295,25742.7614295,25742.7614295,25742.7614295,25742.7614295,25742.7614295,25742.7614295,25742.7614295,25742.7614295,25742.7614295,25742.7614295,25742.7614295,25742.7614295,25742.7614295,25742.7614295,25742.7614295,25742.7614295,25742.7614295,25742.7614295,25742.7614295,25742.7614295,25742.7614295,25742.7614295,25742.7614295,25742.7614295,25742.7614295,25742.7614295,25742.7614295,25742.7614295,25742.7614295,25742.7614295,25742.7614295,25742.7614295,25742.7614295,25742.7614295,25742.7614295,25742.7614295,25742.7614295,25742.7614295,25742.7614295,25742.7614295,25742.7614295,25742.7614295,25742.7614295,25742.7614295,25742.7614295,25742.7614295,25742.7614295,25742.7614295,25742.7614295,25742.7614295,25742.7614295,25742.7614295,25742.7614295,25742.7614295,25742.7614295,25742.7614295,25742.7614295,25742.7614295,25742.7614295,25742.7614295,25742.7614295,25742.7614295,25742.7614295,25742.7614295,25742.7614295,25742.7614295,25742.7614295,25742.7614295,25742.7614295,25742.7614295,25742.7614295,25742.7614295,25742.7614295,25742.7614295,25742.7614295,25742.7614295,25742.7614295,25742.7614295,25742.7614295,25742.7614295,25742.7614295,25742.7614295,25742.7614295,25742.7614295,25742.7614295,25742.7614295,25742.7614295,25742.7614295,25742.7614295,25742.7614295,25742.7614295,25742.7614295,25742.7614295,25742.7614295,25742.7614295,25742.7614295,25742.7614295,25742.7614295,25742.7614295,25742.7614295,25742.7614295,25742.7614295,25742.7614295,25742.7614295,25742.7614295,25742.7614295,25742.7614295,25742.7614295,25742.7614295,25742.7614295,25742.7614295,25742.7614295,25742.7614295,25742.7614295,25742.7614295,25742.7614295,25742.7614295,25742.7614295,25742.7614295,25742.7614295,25742.7614295,25742.7614295,25742.7614295,25742.7614295,25742.7614295,25742.7614295,25742.7614295,25742.7614295,25742.7614295,25742.7614295,25742.7614295,25742.7614295,25742.7614295,25742.7614295,25742.7614295,25742.7614295,25742.7614295,25742.7614295,25742.7614295,25742.7614295,25742.7614295,25742.7614295,25742.7614295,25742.7614295,25742.7614295,25742.7614295,25742.7614295,25742.7614295,25742.7614295,25742.7614295,25742.7614295,25742.7614295,25742.7614295,25742.7614295,25742.7614295,25742.7614295,25742.7614295,25742.7614295,25742.7614295,25742.7614295,25742.7614295,25742.7614295,25742.7614295,25742.7614295,25742.7614295,25742.7614295,25742.7614295,25742.7614295,25742.7614295,25742.7614295,25742.7614295,25742.7614295,25742.7614295,25742.7614295,25742.7614295,25742.7614295,25742.7614295,25742.7614295,25742.7614295,25742.7614295,25742.7614295,25742.7614295,25742.7614295,25742.7614295,25742.7614295,25742.7614295,25742.7614295,25742.7614295,25742.7614295,25742.7614295,25742.7614295,25742.7614295,25742.7614295,25742.7614295,25742.7614295,25742.7614295,25742.7614295,25742.7614295,25742.7614295,25742.7614295,25742.7614295,25742.7614295,25742.7614295,25742.7614295,25742.7614295,25742.7614295,25742.7614295,25742.7614295,25742.7614295,25742.7614295,25742.7614295,25742.7614295,25742.7614295,25742.7614295,25742.7614295,25742.7614295,25742.7614295,25742.7614295,25742.7614295,25742.7614295,25742.7614295,25742.7614295,25742.7614295,25742.7614295,25742.7614295,25742.7614295,25742.7614295,25742.7614295,25742.7614295,25742.7614295,25742.7614295,25742.7614295,25742.7614295,25742.7614295,25742.7614295,25742.7614295,25742.7614295,25742.7614295,25742.7614295,25742.7614295,25742.7614295,25742.7614295,25742.7614295,25742.7614295,25742.7614295,25742.7614295,25742.7614295,25742.7614295,25742.7614295,25742.7614295,25742.7614295,25742.7614295,25742.7614295,25742.7614295,25742.7614295,25742.7614295,25742.7614295,25742.7614295,25742.7614295,25742.7614295,25742.7614295,25742.7614295,25742.7614295,25742.7614295,25742.7614295,25742.7614295,25742.7614295,25742.7614295,25742.7614295,25742.7614295,25742.7614295,25742.7614295,25742.7614295,25742.7614295,25742.7614295,25742.7614295,25742.7614295,25742.7614295,25742.7614295,25742.7614295,25742.7614295,25742.7614295,25742.7614295,25742.7614295,25742.7614295,25742.7614295,25742.7614295,25742.7614295,25742.7614295,25742.7614295,25742.7614295,25742.7614295,25742.7614295,25742.7614295,25742.7614295,25742.7614295,25742.7614295,25742.7614295,25742.7614295,25742.7614295,25742.7614295,25742.7614295,25742.7614295,25742.7614295,25742.7614295,25742.7614295,25742.7614295,25742.7614295,25742.7614295,25742.7614295,25742.7614295,25742.7614295,25742.7614295,25742.7614295,25742.7614295,25742.7614295,25742.7614295,25742.7614295,25742.7614295,25742.7614295,25742.7614295,25742.7614295,25742.7614295,25742.7614295,25742.7614295,25742.7614295,25742.7614295,25742.7614295,25742.7614295,25742.7614295,25742.7614295,25742.7614295,25742.7614295,25742.7614295,25742.7614295,25742.7614295,25742.7614295,25742.7614295,25742.7614295,25742.7614295,25742.7614295,25742.7614295,25742.7614295,25742.7614295,25742.7614295,25742.7614295,25742.7614295,25742.7614295,25742.7614295,25742.7614295,25742.7614295,25742.7614295,25742.7614295,25742.7614295,25742.7614295,25742.7614295,25742.7614295,25742.7614295,25742.7614295,25742.7614295,25742.7614295,25742.7614295,25742.7614295,25742.7614295,25742.7614295,25742.7614295,25742.7614295,25742.7614295,25742.7614295,25742.7614295,25742.7614295,25742.7614295,25742.7614295,25742.7614295,25742.7614295,25742.7614295,25742.7614295,25742.7614295,25742.7614295,25742.7614295,25742.7614295,25742.7614295,25742.7614295,25742.7614295,25742.7614295,25742.7614295,25742.7614295,25742.7614295,25742.7614295,25742.7614295,25742.7614295,25742.7614295,25742.7614295,25742.7614295,25742.7614295,25742.7614295,25742.7614295,25742.7614295,25742.7614295,25742.7614295,25742.7614295,25742.7614295,25742.7614295,25742.7614295,25742.7614295,25742.7614295,25742.7614295,25742.7614295,25742.7614295,25742.7614295,25742.7614295,25742.7614295,25742.7614295,25742.7614295,25742.7614295,25742.7614295,25742.7614295,25742.7614295,25742.7614295,25742.7614295,25742.7614295,25742.7614295,25742.7614295,25742.7614295,25742.7614295,25742.7614295,25742.7614295,25742.7614295,25742.7614295,25742.7614295,25742.7614295,25742.7614295,25742.7614295,25742.7614295,25742.7614295,25742.7614295,25742.7614295,25742.7614295,25742.7614295,25742.7614295,25742.7614295,25742.7614295,25742.7614295,25742.7614295,25742.7614295,25742.7614295,25742.7614295,25742.7614295,25742.7614295,25742.7614295,25742.7614295,25742.7614295,25742.7614295,25742.7614295,25742.7614295,25742.7614295,25742.7614295,25742.7614295,25742.7614295,25742.7614295,25742.7614295,25742.7614295,25742.7614295,25742.7614295,25742.7614295,25742.7614295,25742.7614295,25742.7614295,25742.7614295,25742.7614295,25742.7614295,25742.7614295,25742.7614295,25742.7614295,25742.7614295,25742.7614295,25742.7614295,25742.7614295,25742.7614295,25742.7614295,25742.7614295,25742.7614295,25742.7614295,25742.7614295,25742.7614295,25742.7614295,25742.7614295,25742.7614295,25742.7614295,25742.7614295,25742.7614295,25742.7614295,25742.7614295,25742.7614295,25742.7614295,25742.7614295,25742.7614295,25742.7614295,25742.7614295,25742.7614295,25742.7614295,25742.7614295,25742.7614295,25742.7614295,25742.7614295,25742.7614295,25742.7614295,25742.7614295,25742.7614295,25742.7614295,25742.7614295,25742.7614295,25742.7614295,25742.7614295,25742.7614295,25742.7614295,25742.7614295,25742.7614295,25742.7614295,25742.7614295,25742.7614295,25742.7614295,25742.7614295,25742.7614295,25742.7614295,25742.7614295,25742.7614295,25742.7614295,25742.7614295,25742.7614295,25742.7614295,25742.7614295,25742.7614295,25742.7614295,25742.7614295,25742.7614295,25742.7614295,25742.7614295,25742.7614295,25742.7614295,25742.7614295,25742.7614295,25742.7614295,25742.7614295,25742.7614295,25742.7614295,25742.7614295,25742.7614295,25742.7614295,25742.7614295,25742.7614295,25742.7614295,25742.7614295,25742.7614295,25742.7614295,25742.7614295,25742.7614295,25742.7614295,25742.7614295,25742.7614295,25742.7614295,25742.7614295,25742.7614295,25742.7614295,25742.7614295,25742.7614295,25742.7614295,25742.7614295,25742.7614295,25742.7614295,25742.7614295,25742.7614295,25742.7614295,25742.7614295,25742.7614295,25742.7614295,25742.7614295,25742.7614295,25742.7614295,25742.7614295,25742.7614295,25742.7614295,25742.7614295,25742.7614295,25742.7614295,25742.7614295,25742.7614295,25742.7614295,25742.7614295,25742.7614295,25742.7614295,25742.7614295,25742.7614295,25742.7614295,25742.7614295,25742.7614295,25742.7614295,25742.7614295,25742.7614295,25742.7614295,25742.7614295,25742.7614295,25742.7614295,25742.7614295,25742.7614295,25742.7614295,25742.7614295,25742.7614295,25742.7614295,25742.7614295,25742.7614295,25742.7614295,25742.7614295,25742.7614295,25742.7614295,25742.7614295,25742.7614295,25742.7614295,25742.7614295,25742.7614295,25742.7614295,25742.7614295,25742.7614295,25742.7614295,25742.7614295,25742.7614295,25742.7614295,25742.7614295,25742.7614295,25742.7614295,25742.7614295,25742.7614295,25742.7614295,25742.7614295,25742.7614295,25742.7614295,25742.7614295,25742.7614295,25742.7614295,25742.7614295,25742.7614295,25742.7614295,25742.7614295,25742.7614295,25742.7614295,25742.7614295,25742.7614295,25742.7614295,25742.7614295,25742.7614295,25742.7614295,25742.7614295,25742.7614295,25742.7614295,25742.7614295,25742.7614295,25742.7614295,25742.7614295,25742.7614295,25742.7614295,25742.7614295,25742.7614295,25742.7614295,25742.7614295,25742.7614295,25742.7614295,25742.7614295,25742.7614295,25742.7614295,25742.7614295,25742.7614295,25742.7614295,25742.7614295,25742.7614295,25742.7614295,25742.7614295,25742.7614295,25742.7614295,25742.7614295,25742.7614295,25742.7614295,25742.7614295,25742.7614295,25742.7614295,25742.7614295,25742.7614295,25742.7614295,25742.7614295,25742.7614295,25742.7614295,25742.7614295,25742.7614295,25742.7614295,25742.7614295,25742.7614295,25742.7614295,25742.7614295,25742.7614295,25742.7614295,25742.7614295,25742.7614295,25742.7614295,25742.7614295,25742.7614295,25742.7614295,25742.7614295,25742.7614295,25742.7614295,25742.7614295,25742.7614295,25742.7614295,25742.7614295,25742.7614295,25742.7614295,25742.7614295,25742.7614295,25742.7614295,25742.7614295,25742.7614295,25742.7614295,25742.7614295,25742.7614295,25742.7614295,25742.7614295,25742.7614295,25742.7614295,25742.7614295,25742.7614295,25742.7614295,25742.7614295,25742.7614295,25742.7614295,25742.7614295,25742.7614295,25742.7614295,25742.7614295,25742.7614295,25742.7614295,25742.7614295,25742.7614295,25742.7614295,25742.7614295,25742.7614295,25742.7614295,25742.7614295,25742.7614295,25742.7614295,25742.7614295,25742.7614295,25742.7614295,25742.7614295,25742.7614295,25742.7614295,25742.7614295,25742.7614295,25742.7614295,25742.7614295,25742.7614295,25742.7614295,25742.7614295,25742.7614295,25742.7614295,25742.7614295,25742.7614295,25742.7614295,25742.7614295,25742.7614295,25742.7614295,25742.7614295,25742.7614295,25742.7614295,25742.7614295,25742.7614295,25742.7614295,25742.7614295,25742.7614295,25742.7614295,25742.7614295,25742.7614295,25742.7614295,25742.7614295,25742.7614295,25742.7614295,25742.7614295,25742.7614295,25742.7614295,25742.7614295,25742.7614295,25742.7614295,25742.7614295,25742.7614295,25742.7614295,25742.7614295,25742.7614295,25742.7614295,25742.7614295,25742.7614295,25742.7614295,25742.7614295,25742.7614295,25742.7614295,25742.7614295,25742.7614295,25742.7614295,25742.7614295,25742.7614295,25742.7614295,25742.7614295,25742.7614295,25742.7614295,25742.7614295,25742.7614295,25742.7614295,25742.7614295,25742.7614295,25742.7614295,25742.7614295,25742.7614295,25742.7614295,25742.7614295,25742.7614295,25742.7614295,25742.7614295,25742.7614295,25742.7614295,25742.7614295,25742.7614295,25742.7614295,25742.7614295,25742.7614295,25742.7614295,25742.7614295,25742.7614295,25742.7614295,25742.7614295,25742.7614295,25742.7614295,25742.7614295,25742.7614295,25742.7614295,25742.7614295,25742.7614295,25742.7614295,25742.7614295,25742.7614295,25742.7614295,25742.7614295,25742.7614295,25742.7614295,25742.7614295,25742.7614295,25742.7614295,25742.7614295,25742.7614295,25742.7614295,25742.7614295,25742.7614295,25742.7614295,25742.7614295,25742.7614295,25742.7614295,25742.7614295,25742.7614295,25742.7614295,25742.7614295,25742.7614295,25742.7614295,25742.7614295,25742.7614295,25742.7614295,25742.7614295,25742.7614295,25742.7614295,25742.7614295,25742.7614295,25742.7614295,25742.7614295,25742.7614295,25742.7614295,25742.7614295,25742.7614295,25742.7614295,25742.7614295,25742.7614295,25742.7614295,25742.7614295,25742.7614295,25742.7614295,25742.7614295,25742.7614295,25742.7614295,25742.7614295,25742.7614295,25742.7614295,25742.7614295,25742.7614295,25742.7614295,25742.7614295,25742.7614295,25742.7614295,25742.7614295,25742.7614295,25742.7614295,25742.7614295,25742.7614295,25742.7614295,25742.7614295,25742.7614295,25742.7614295,25742.7614295,25742.7614295,25742.7614295,25742.7614295,25742.7614295,25742.7614295,25742.7614295,25742.7614295,25742.7614295,25742.7614295,25742.7614295,25742.7614295,25742.7614295,25742.7614295,25742.7614295,25742.7614295,25742.7614295,25742.7614295,25742.7614295,25742.7614295,25742.7614295,25742.7614295,25742.7614295,25742.7614295,25742.7614295,25742.7614295,25742.7614295,25742.7614295,25742.7614295,25742.7614295,25742.7614295,25742.7614295,25742.7614295,25742.7614295,25742.7614295,25742.7614295,25742.7614295,25742.7614295,25742.7614295,25742.7614295,25742.7614295,25742.7614295,25742.7614295,25742.7614295,25742.7614295,25742.7614295,25742.7614295,25742.7614295,25742.7614295,25742.7614295,25742.7614295,25742.7614295,25742.7614295,25742.7614295,25742.7614295,25742.7614295,25742.7614295,25742.7614295,25742.7614295,25742.7614295,25742.7614295,25742.7614295,25742.7614295,25742.7614295,25742.7614295,25742.7614295,25742.7614295,25742.7614295,25742.7614295,25742.7614295,25742.7614295,25742.7614295,25742.7614295,25742.7614295,25742.7614295,25742.7614295,25742.7614295,25742.7614295,25742.7614295,25742.7614295,25742.7614295,25742.7614295,25742.7614295,25742.7614295,25742.7614295,25742.7614295,25742.7614295,25742.7614295,25742.7614295,25742.7614295,25742.7614295,25742.7614295,25742.7614295,25742.7614295,25742.7614295,25742.7614295,25742.7614295,25742.7614295,25742.7614295,25742.7614295,25742.7614295,25742.7614295,25742.7614295,25742.7614295,25742.7614295,25742.7614295,25742.7614295,25742.7614295,25742.7614295,25742.7614295,25742.7614295,25742.7614295,25742.7614295,25742.7614295,25742.7614295,25742.7614295,25742.7614295,25742.7614295,25742.7614295,25742.7614295,25742.7614295,25742.7614295,25742.7614295,25742.7614295,25742.7614295,25742.7614295,25742.7614295,25742.7614295,25742.7614295,25742.7614295,25742.7614295,25742.7614295,25742.7614295,25742.7614295,25742.7614295,25742.7614295,25742.7614295,25742.7614295,25742.7614295,25742.7614295,25742.7614295,25742.7614295,25742.7614295,25742.7614295,25742.7614295,25742.7614295,25742.7614295,25742.7614295,25742.7614295,25742.7614295,25742.7614295,25742.7614295,25742.7614295,25742.7614295,25742.7614295,25742.7614295,25742.7614295,25742.7614295,25742.7614295,25742.7614295,25742.7614295,25742.7614295,25742.7614295,25742.7614295,25742.7614295,25742.7614295,25742.7614295,25742.7614295,25742.7614295,25742.7614295,25742.7614295,25742.7614295,25742.7614295,25742.7614295,25742.7614295,25742.7614295,25742.7614295,25742.7614295,25742.7614295,25742.7614295,25742.7614295,25742.7614295,25742.7614295,25742.7614295,25742.7614295,25742.7614295,25742.7614295,25742.7614295,25742.7614295,25742.7614295,25742.7614295,25742.7614295,25742.7614295,25742.7614295,25742.7614295,25742.7614295,25742.7614295,25742.7614295,25742.7614295,25742.7614295,25742.7614295,25742.7614295,25742.7614295,25742.7614295,25742.7614295,25742.7614295,25742.7614295,25742.7614295,25742.7614295,25742.7614295,25742.7614295,25742.7614295,25742.7614295,25742.7614295,25742.7614295,25742.7614295,25742.7614295,25742.7614295,25742.7614295,25742.7614295,25742.7614295,25742.7614295,25742.7614295,25742.7614295,25742.7614295,25742.7614295,25742.7614295,25742.7614295,25742.7614295,25742.7614295,25742.7614295,25742.7614295,25742.7614295,25742.7614295,25742.7614295,25742.7614295,25742.7614295,25742.7614295,25742.7614295,25742.7614295,25742.7614295,25742.7614295,25742.7614295,25742.7614295,25742.7614295,25742.7614295,25742.7614295,25742.7614295,25742.7614295,25742.7614295,25742.7614295,25742.7614295,25742.7614295,25742.7614295,25742.7614295,25742.7614295,25742.7614295,25742.7614295,25742.7614295,25742.7614295,25742.7614295,25742.7614295,25742.7614295,25742.7614295,25742.7614295,25742.7614295,25742.7614295,25742.7614295,25742.7614295,25742.7614295,25742.7614295,25742.7614295,25742.7614295,25742.7614295,25742.7614295,25742.7614295,25742.7614295,25742.7614295,25742.7614295,25742.7614295,25742.7614295,25742.7614295,25742.7614295,25742.7614295,25742.7614295,25742.7614295,25742.7614295,25742.7614295,25742.7614295,25742.7614295,25742.7614295,25742.7614295,25742.7614295,25742.7614295,25742.7614295,25742.7614295,25742.7614295,25742.7614295,25742.7614295,25742.7614295,25742.7614295,25742.7614295,25742.7614295,25742.7614295,25742.7614295,25742.7614295,25742.7614295,25742.7614295,25742.7614295,25742.7614295,25742.7614295,25742.7614295,25742.7614295,25742.7614295,25742.7614295,25742.7614295,25742.7614295,25742.7614295,25742.7614295,25742.7614295,25742.7614295,25742.7614295,25742.7614295,25742.7614295,25742.7614295,25742.7614295,25742.7614295,25742.7614295,25742.7614295,25742.7614295,25742.7614295,25742.7614295,25742.7614295,25742.7614295,25742.7614295,25742.7614295,25742.7614295,25742.7614295,25742.7614295,25742.7614295,25742.7614295,25742.7614295,25742.7614295,25742.7614295,25742.7614295,25742.7614295,25742.7614295,25742.7614295,25742.7614295,25742.7614295,25742.7614295,25742.7614295,25742.7614295,25742.7614295,25742.7614295,25742.7614295,25742.7614295,25742.7614295,25742.7614295,25742.7614295,25742.7614295,25742.7614295,25742.7614295,25742.7614295,25742.7614295,25742.7614295,25742.7614295,25742.7614295,25742.7614295,25742.7614295,25742.7614295,25742.7614295,25742.7614295,25742.7614295,25742.7614295,25742.7614295,25742.7614295,25742.7614295,25742.7614295,25742.7614295,25742.7614295,25742.7614295,25742.7614295,25742.7614295,25742.7614295,25742.7614295,25742.7614295,25742.7614295,25742.7614295,25742.7614295,25742.7614295,25742.7614295,25742.7614295,25742.7614295,25742.7614295,25742.7614295,25742.7614295,25742.7614295,25742.7614295,25742.7614295,25742.7614295,25742.7614295,25742.7614295,25742.7614295,25742.7614295,25742.7614295,25742.7614295,25742.7614295,25742.7614295,25742.7614295,25742.7614295,25742.7614295,25742.7614295,25742.7614295,25742.7614295,25742.7614295,25742.7614295,25742.7614295,25742.7614295,25742.7614295,25742.7614295,25742.7614295,25742.7614295,25742.7614295,25742.7614295,25742.7614295,25742.7614295,25742.7614295,25742.7614295,25742.7614295,25742.7614295,25742.7614295,25742.7614295,25742.7614295,25742.7614295,25742.7614295,25742.7614295,25742.7614295,25742.7614295,25742.7614295,25742.7614295,25742.7614295,25742.7614295,25742.7614295,25742.7614295,25742.7614295,25742.7614295,25742.7614295,25742.7614295,25742.7614295,25742.7614295,25742.7614295,25742.7614295,25742.7614295,25742.7614295,25742.7614295,25742.7614295,25742.7614295,25742.7614295,25742.7614295,25742.7614295,25742.7614295,25742.7614295,25742.7614295,25742.7614295,25742.7614295,25742.7614295,25742.7614295,25742.7614295,25742.7614295,25742.7614295,25742.7614295,25742.7614295,25742.7614295,25742.7614295,25742.7614295,25742.7614295,25742.7614295,25742.7614295,25742.7614295,25742.7614295,25742.7614295,25742.7614295,25742.7614295,25742.7614295,25742.7614295,25742.7614295,25742.7614295,25742.7614295,25742.7614295,25742.7614295,25742.7614295,25742.7614295,25742.7614295,25742.7614295,25742.7614295,25742.7614295,25742.7614295,25742.7614295,25742.7614295,25742.7614295,25742.7614295,25742.7614295,25742.7614295,25742.7614295,25742.7614295,25742.7614295,25742.7614295,25742.7614295,25742.7614295,25742.7614295,25742.7614295,25742.7614295,25742.7614295,25742.7614295,25742.7614295,25742.7614295,25742.7614295,25742.7614295,25742.7614295,25742.7614295,25742.7614295,25742.7614295,25742.7614295,25742.7614295,25742.7614295,25742.7614295,25742.7614295,25742.7614295,25742.7614295,25742.7614295,25742.7614295,25742.7614295,25742.7614295,25742.7614295,25742.7614295,25742.7614295,25742.7614295,25742.7614295,25742.7614295,25742.7614295,25742.7614295,25742.7614295,25742.7614295,25742.7614295,25742.7614295,25742.7614295,25742.7614295,25742.7614295,25742.7614295,25742.7614295,25742.7614295,25742.7614295,25742.7614295,25742.7614295,25742.7614295,25742.7614295,25742.7614295,25742.7614295,25742.7614295,25742.7614295,25742.7614295,25742.7614295,25742.7614295,25742.7614295,25742.7614295,25742.7614295,25742.7614295,25742.7614295,25742.7614295,25742.7614295,25742.7614295,25742.7614295,25742.7614295,25742.7614295,25742.7614295,25742.7614295,25742.7614295,25742.7614295,25742.7614295,25742.7614295,25742.7614295,25742.7614295,25742.7614295,25742.7614295,25742.7614295,25742.7614295,25742.7614295,25742.7614295,25742.7614295,25742.7614295,25742.7614295,25742.7614295,25742.7614295,25742.7614295,25742.7614295,25742.7614295,25742.7614295,25742.7614295,25742.7614295,25742.7614295,25742.7614295,25742.7614295,25742.7614295,25742.7614295,25742.7614295,25742.7614295,25742.7614295,25742.7614295,25742.7614295,25742.7614295,25742.7614295,25742.7614295,25742.7614295,25742.7614295,25742.7614295,25742.7614295,25742.7614295,25742.7614295,25742.7614295,25742.7614295,25742.7614295,25742.7614295,25742.7614295,25742.7614295,25742.7614295,25742.7614295,25742.7614295,25742.7614295,25742.7614295,25742.7614295,25742.7614295,25742.7614295,25742.7614295,25742.7614295,25742.7614295,25742.7614295,25742.7614295,25742.7614295,25742.7614295,25742.7614295,25742.7614295,25742.7614295,25742.7614295,25742.7614295,25742.7614295,25742.7614295,25742.7614295,25742.7614295,25742.7614295,25742.7614295,25742.7614295,25742.7614295,25742.7614295,25742.7614295,25742.7614295,25742.7614295,25742.7614295,25742.7614295,25742.7614295,25742.7614295,25742.7614295,25742.7614295,25742.7614295,25742.7614295,25742.7614295,25742.7614295,25742.7614295,25742.7614295,25742.7614295,25742.7614295,25742.7614295,25742.7614295,25742.7614295,25742.7614295,25742.7614295,25742.7614295,25742.7614295,25742.7614295,25742.7614295,25742.7614295,25742.7614295,25742.7614295,25742.7614295,25742.7614295,25742.7614295,25742.7614295,25742.7614295,25742.7614295,25742.7614295,25742.7614295,25742.7614295,25742.7614295,25742.7614295,25742.7614295,25742.7614295,25742.7614295,25742.7614295,25742.7614295,25742.7614295,25742.7614295,25742.7614295,25742.7614295,25742.7614295,25742.7614295,25742.7614295,25742.7614295,25742.7614295,25742.7614295,25742.7614295,25742.7614295,25742.7614295,25742.7614295,25742.7614295,25742.7614295,25742.7614295,25742.7614295,25742.7614295,25742.7614295,25742.7614295,25742.7614295,25742.7614295,25742.7614295,25742.7614295,25742.7614295,25742.7614295,25742.7614295,25742.7614295,25742.7614295,25742.7614295,25742.7614295,25742.7614295,25742.7614295,25742.7614295,25742.7614295,25742.7614295,25742.7614295,25742.7614295,25742.7614295,25742.7614295,25742.7614295,25742.7614295,25742.7614295,25742.7614295,25742.7614295,25742.7614295,25742.7614295,25742.7614295,25742.7614295,25742.7614295,25742.7614295,25742.7614295,25742.7614295,25742.7614295,25742.7614295,25742.7614295,25742.7614295,25742.7614295,25742.7614295,25742.7614295,25742.7614295,25742.7614295,25742.7614295,25742.7614295,25742.7614295,25742.7614295,25742.7614295,25742.7614295,25742.7614295,25742.7614295,25742.7614295,25742.7614295,25742.7614295,25742.7614295,25742.7614295,25742.7614295,25742.7614295,25742.7614295,25742.7614295,25742.7614295,25742.7614295,25742.7614295,25742.7614295,25742.7614295,25742.7614295,25742.7614295,25742.7614295,25742.7614295,25742.7614295,25742.7614295,25742.7614295,25742.7614295,25742.7614295,25742.7614295,25742.7614295,25742.7614295,25742.7614295,25742.7614295,25742.7614295,25742.7614295,25742.7614295,25742.7614295,25742.7614295,25742.7614295,25742.7614295,25742.7614295,25742.7614295,25742.7614295,25742.7614295,25742.7614295,25742.7614295,25742.7614295,25742.7614295,25742.7614295,25742.7614295,25742.7614295,25742.7614295,25742.7614295,25742.7614295,25742.7614295,25742.7614295,25742.7614295,25742.7614295,25742.7614295,25742.7614295,25742.7614295,25742.7614295,25742.7614295,25742.7614295,25742.7614295,25742.7614295,25742.7614295,25742.7614295,25742.7614295,25742.7614295,25742.7614295,25742.7614295,25742.7614295,25742.7614295,25742.7614295,25742.7614295,25742.7614295,25742.7614295,25742.7614295,25742.7614295,25742.7614295,25742.7614295,25742.7614295,25742.7614295,25742.7614295,25742.7614295,25742.7614295,25742.7614295,25742.7614295,25742.7614295,25742.7614295,25742.7614295,25742.7614295,25742.7614295,25742.7614295,25742.7614295,25742.7614295,25742.7614295,25742.7614295,25742.7614295,25742.7614295,25742.7614295,25742.7614295,25742.7614295,25742.7614295,25742.7614295,25742.7614295,25742.7614295,25742.7614295,25742.7614295,25742.7614295,25742.7614295,25742.7614295,25742.7614295,25742.7614295,25742.7614295,25742.7614295,25742.7614295,25742.7614295,25742.7614295,25742.7614295,25742.7614295,25742.7614295,25742.7614295,25742.7614295,25742.7614295,25742.7614295,25742.7614295,25742.7614295,25742.7614295,25742.7614295,25742.7614295,25742.7614295,25742.7614295,25742.7614295,25742.7614295,25742.7614295,25742.7614295,25742.7614295,25742.7614295,25742.7614295,25742.7614295,25742.7614295,25742.7614295,25742.7614295,25742.7614295,25742.7614295,25742.7614295,25742.7614295,25742.7614295,25742.7614295,25742.7614295,25742.7614295,25742.7614295,25742.7614295,25742.7614295,25742.7614295,25742.7614295,25742.7614295,25742.7614295,25742.7614295,25742.7614295,25742.7614295,25742.7614295,25742.7614295,25742.7614295,25742.7614295,25742.7614295,25742.7614295,25742.7614295,25742.7614295,25742.7614295,25742.7614295,25742.7614295,25742.7614295,25742.7614295,25742.7614295,25742.7614295,25742.7614295,25742.7614295,25742.7614295,25742.7614295,25742.7614295,25742.7614295,25742.7614295,25742.7614295,25742.7614295,25742.7614295,25742.7614295,25742.7614295,25742.7614295,25742.7614295,25742.7614295,25742.7614295,25742.7614295,25742.7614295,25742.7614295,25742.7614295,25742.7614295,25742.7614295,25742.7614295,25742.7614295,25742.7614295,25742.7614295,25742.7614295,25742.7614295,25742.7614295,25742.7614295,25742.7614295,25742.7614295,25742.7614295,25742.7614295,25742.7614295,25742.7614295,25742.7614295,25742.7614295,25742.7614295,25742.7614295,25742.7614295,25742.7614295,25742.7614295,25742.7614295,25742.7614295,25742.7614295,25742.7614295,25742.7614295,25742.7614295,25742.7614295,25742.7614295,25742.7614295,25742.7614295,25742.7614295,25742.7614295,25742.7614295,25742.7614295,25742.7614295,25742.7614295,25742.7614295,25742.7614295,25742.7614295,25742.7614295,25742.7614295,25742.7614295,25742.7614295,25742.7614295,25742.7614295,25742.7614295,25742.7614295,25742.7614295,25742.7614295,25742.7614295,25742.7614295,25742.7614295,25742.7614295,25742.7614295,25742.7614295,25742.7614295,25742.7614295,25742.7614295,25742.7614295,25742.7614295,25742.7614295,25742.7614295,25742.7614295,25742.7614295,25742.7614295,25742.7614295,25742.7614295,25742.7614295,25742.7614295,25742.7614295,25742.7614295,25742.7614295,25742.7614295,25742.7614295,25742.7614295,25742.7614295,25742.7614295,25742.7614295,25742.7614295,25742.7614295,25742.7614295,25742.7614295,25742.7614295,25742.7614295,25742.7614295,25742.7614295,25742.7614295,25742.7614295,25742.7614295,25742.7614295,25742.7614295,25742.7614295,25742.7614295,25742.7614295,25742.7614295,25742.7614295,25742.7614295,25742.7614295,25742.7614295,25742.7614295,25742.7614295,25742.7614295,25742.7614295,25742.7614295,25742.7614295,25742.7614295,25742.7614295,25742.7614295,25742.7614295,25742.7614295,25742.7614295,25742.7614295,25742.7614295,25742.7614295,25742.7614295,25742.7614295,25742.7614295,25742.7614295,25742.7614295,25742.7614295,25742.7614295,25742.7614295,25742.7614295,25742.7614295,25742.7614295,25742.7614295,25742.7614295,25742.7614295,25742.7614295,25742.7614295,25742.7614295,25742.7614295,25742.7614295,25742.7614295,25742.7614295,25742.7614295,25742.7614295,25742.7614295,25742.7614295,25742.7614295,25742.7614295,25742.7614295,25742.7614295,25742.7614295,25742.7614295,25742.7614295,25742.7614295,25742.7614295,25742.7614295,25742.7614295,25742.7614295,25742.7614295,25742.7614295,25742.7614295,25742.7614295,25742.7614295,25742.7614295,25742.7614295,25742.7614295,25742.7614295,25742.7614295,25742.7614295,25742.7614295,25742.7614295,25742.7614295,25742.7614295,25742.7614295,25742.7614295,25742.7614295,25742.7614295,25742.7614295,25742.7614295,25742.7614295,25742.7614295,25742.7614295,25742.7614295,25742.7614295,25742.7614295,25742.7614295,25742.7614295,25742.7614295,25742.7614295,25742.7614295,25742.7614295,25742.7614295,25742.7614295,25742.7614295,25742.7614295,25742.7614295,25742.7614295,25742.7614295,25742.7614295,25742.7614295,25742.7614295,25742.7614295,25742.7614295,25742.7614295,25742.7614295,25742.7614295,25742.7614295,25742.7614295,25742.7614295,25742.7614295,25742.7614295,25742.7614295,25742.7614295,25742.7614295,25742.7614295,25742.7614295,25742.7614295,25742.7614295,25742.7614295,25742.7614295,25742.7614295,25742.7614295,25742.7614295,25742.7614295,25742.7614295,25742.7614295,25742.7614295,25742.7614295,25742.7614295,25742.7614295,25742.7614295,25742.7614295,25742.7614295,25742.7614295,25742.7614295,25742.7614295,25742.7614295,25742.7614295,25742.7614295,25742.7614295,25742.7614295,25742.7614295,25742.7614295,25742.7614295,25742.7614295,25742.7614295,25742.7614295,25742.7614295,25742.7614295,25742.7614295,25742.7614295,25742.7614295,25742.7614295,25742.7614295,25742.7614295,25742.7614295,25742.7614295,25742.7614295,25742.7614295,25742.7614295,25742.7614295,25742.7614295,25742.7614295,25742.7614295,25742.7614295,25742.7614295,25742.7614295,25742.7614295,25742.7614295,25742.7614295,25742.7614295,25742.7614295,25742.7614295,25742.7614295,25742.7614295,25742.7614295,25742.7614295,25742.7614295,25742.7614295,25742.7614295,25742.7614295,25742.7614295,25742.7614295,25742.7614295,25742.7614295,25742.7614295,25742.7614295,25742.7614295,25742.7614295,25742.7614295,25742.7614295,25742.7614295,25742.7614295,25742.7614295,25742.7614295,25742.7614295,25742.7614295,25742.7614295,25742.7614295,25742.7614295,25742.7614295,25742.7614295,25742.7614295,25742.7614295,25742.7614295,25742.7614295,25742.7614295,25742.7614295,25742.7614295,25742.7614295,25742.7614295,25742.7614295,25742.7614295,25742.7614295,25742.7614295,25742.7614295,25742.7614295,25742.7614295,25742.7614295,25742.7614295,25742.7614295,25742.7614295,25742.7614295,25742.7614295,25742.7614295,25742.7614295,25742.7614295,25742.7614295,25742.7614295,25742.7614295,25742.7614295,25742.7614295,25742.7614295,25742.7614295,25742.7614295,25742.7614295,25742.7614295,25742.7614295,25742.7614295,25742.7614295,25742.7614295,25742.7614295,25742.7614295,25742.7614295,25742.7614295,25742.7614295,25742.7614295,25742.7614295,25742.7614295,25742.7614295,25742.7614295,25742.7614295,25742.7614295,25742.7614295,25742.7614295,25742.7614295,25742.7614295,25742.7614295,25742.7614295,25742.7614295,25742.7614295,25742.7614295,25742.7614295,25742.7614295,25742.7614295,25742.7614295,25742.7614295,25742.7614295,25742.7614295,25742.7614295,25742.7614295,25742.7614295,25742.7614295,25742.7614295,25742.7614295,25742.7614295,25742.7614295,25742.7614295,25742.7614295,25742.7614295,25742.7614295,25742.7614295,25742.7614295,25742.7614295,25742.7614295,25742.7614295,25742.7614295,25742.7614295,25742.7614295,25742.7614295,25742.7614295,25742.7614295,25742.7614295,25742.7614295,25742.7614295,25742.7614295,25742.7614295,25742.7614295,25742.7614295,25742.7614295,25742.7614295,25742.7614295,25742.7614295,25742.7614295,25742.7614295,25742.7614295,25742.7614295,25742.7614295,25742.7614295,25742.7614295,25742.7614295,25742.7614295,25742.7614295,25742.7614295,25742.7614295,25742.7614295,25742.7614295,25742.7614295,25742.7614295,25742.7614295,25742.7614295,25742.7614295,25742.7614295,25742.7614295,25742.7614295,25742.7614295,25742.7614295,25742.7614295,25742.7614295,25742.7614295,25742.7614295,25742.7614295,25742.7614295,25742.7614295,25742.7614295,25742.7614295,25742.7614295,25742.7614295,25742.7614295,25742.7614295,25742.7614295,25742.7614295,25742.7614295,25742.7614295,25742.7614295,25742.7614295,25742.7614295,25742.7614295,25742.7614295,25742.7614295,25742.7614295,25742.7614295,25742.7614295,25742.7614295,25742.7614295,25742.7614295,25742.7614295,25742.7614295,25742.7614295,25742.7614295,25742.7614295,25742.7614295,25742.7614295,25742.7614295,25742.7614295,25742.7614295,25742.7614295,25742.7614295,25742.7614295,25742.7614295,25742.7614295,25742.7614295,25742.7614295,25742.7614295,25742.7614295,25742.7614295,25742.7614295,25742.7614295,25742.7614295,25742.7614295,25742.7614295,25742.7614295,25742.7614295,25742.7614295,25742.7614295,25742.7614295,25742.7614295,25742.7614295,25742.7614295,25742.7614295,25742.7614295,25742.7614295,25742.7614295,25742.7614295,25742.7614295,25742.7614295,25742.7614295,25742.7614295,25742.7614295,25742.7614295,25742.7614295,25742.7614295,25742.7614295,25742.7614295,25742.7614295,25742.7614295,25742.7614295,25742.7614295,25742.7614295,25742.7614295,25742.7614295,25742.7614295,25742.7614295,25742.7614295,25742.7614295,25742.7614295,25742.7614295,25742.7614295,25742.7614295,25742.7614295,25742.7614295,25742.7614295,25742.7614295,25742.7614295,25742.7614295,25742.7614295,25742.7614295,25742.7614295,25742.7614295,25742.7614295,25742.7614295,25742.7614295,25742.7614295,25742.7614295,25742.7614295,25742.7614295,25742.7614295,25742.7614295,25742.7614295,25742.7614295,25742.7614295,25742.7614295,25742.7614295,25742.7614295,25742.7614295,25742.7614295,25742.7614295,25742.7614295,25742.7614295,25742.7614295,25742.7614295,25742.7614295,25742.7614295,25742.7614295,25742.7614295,25742.7614295,25742.7614295,25742.7614295,25742.7614295,25742.7614295,25742.7614295,25742.7614295,25742.7614295,25742.7614295,25742.7614295,25742.7614295,25742.7614295,25742.7614295,25742.7614295,25742.7614295,25742.7614295,25742.7614295,25742.7614295,25742.7614295,25742.7614295,25742.7614295,25742.7614295,25742.7614295,25742.7614295,25742.7614295,25742.7614295,25742.7614295,25742.7614295,25742.7614295,25742.7614295,25742.7614295,25742.7614295,25742.7614295,25742.7614295,25742.7614295,25742.7614295,25742.7614295,25742.7614295,25742.7614295,25742.7614295,25742.7614295,25742.7614295,25742.7614295,25742.7614295,25742.7614295,25742.7614295,25742.7614295,25742.7614295,25742.7614295,25742.7614295,25742.7614295,25742.7614295,25742.7614295,25742.7614295,25742.7614295,25742.7614295,25742.7614295,25742.7614295,25742.7614295,25742.7614295,25742.7614295,25742.7614295,25742.7614295,25742.7614295,25742.7614295,25742.7614295,25742.7614295,25742.7614295,25742.7614295,25742.7614295,25742.7614295,25742.7614295,25742.7614295,25742.7614295,25742.7614295,25742.7614295,25742.7614295,25742.7614295,25742.7614295,25742.7614295,25742.7614295,25742.7614295,25742.7614295,25742.7614295,25742.7614295,25742.7614295,25742.7614295,25742.7614295,25742.7614295,25742.7614295,25742.7614295,25742.7614295,25742.7614295,25742.7614295,25742.7614295,25742.7614295,25742.7614295,25742.7614295,25742.7614295,25742.7614295,25742.7614295,25742.7614295,25742.7614295,25742.7614295,25742.7614295,25742.7614295,25742.7614295,25742.7614295,25742.7614295,25742.7614295,25742.7614295,25742.7614295,25742.7614295,25742.7614295,25742.7614295,25742.7614295,25742.7614295,25742.7614295,25742.7614295,25742.7614295,25742.7614295,25742.7614295,25742.7614295,25742.7614295,25742.7614295,25742.7614295,25742.7614295,25742.7614295,25742.7614295,25742.7614295,25742.7614295,25742.7614295,25742.7614295,25742.7614295,25742.7614295,25742.7614295,25742.7614295,25742.7614295,25742.7614295,25742.7614295,25742.7614295,25742.7614295,25742.7614295,25742.7614295,25742.7614295,25742.7614295,25742.7614295,25742.7614295,25742.7614295,25742.7614295,25742.7614295,25742.7614295,25742.7614295,25742.7614295,25742.7614295,25742.7614295,25742.7614295,25742.7614295,25742.7614295,25742.7614295,25742.7614295,25742.7614295,25742.7614295,25742.7614295,25742.7614295,25742.7614295,25742.7614295,25742.7614295,25742.7614295,25742.7614295,25742.7614295,25742.7614295,25742.7614295,25742.7614295,25742.7614295,25742.7614295,25742.7614295,25742.7614295,25742.7614295,25742.7614295,25742.7614295,25742.7614295,25742.7614295,25742.7614295,25742.7614295,25742.7614295,25742.7614295,25742.7614295,25742.7614295,25742.7614295,25742.7614295,25742.7614295,25742.7614295,25742.7614295,25742.7614295,25742.7614295,25742.7614295,25742.7614295,25742.7614295,25742.7614295,25742.7614295,25742.7614295,25742.7614295,25742.7614295,25742.7614295,25742.7614295,25742.7614295,25742.7614295,25742.7614295,25742.7614295,25742.7614295,25742.7614295,25742.7614295,25742.7614295,25742.7614295,25742.7614295,25742.7614295,25742.7614295,25742.7614295,25742.7614295,25742.7614295,25742.7614295,25742.7614295,25742.7614295,25742.7614295,25742.7614295,25742.7614295,25742.7614295,25742.7614295,25742.7614295,25742.7614295,25742.7614295,25742.7614295,25742.7614295,25742.7614295,25742.7614295,25742.7614295,25742.7614295,25742.7614295,25742.7614295,25742.7614295,25742.7614295,25742.7614295,25742.7614295,25742.7614295,25742.7614295,25742.7614295,25742.7614295,25742.7614295,25742.7614295,25742.7614295,25742.7614295,25742.7614295,25742.7614295,25742.7614295,25742.7614295,25742.7614295,25742.7614295,25742.7614295,25742.7614295,25742.7614295,25742.7614295,25742.7614295,25742.7614295,25742.7614295,25742.7614295,25742.7614295,25742.7614295,25742.7614295,25742.7614295,25742.7614295,25742.7614295,25742.7614295,25742.7614295,25742.7614295,25742.7614295,25742.7614295,25742.7614295,25742.7614295,25742.7614295,25742.7614295,25742.7614295,25742.7614295,25742.7614295,25742.7614295,25742.7614295,25742.7614295,25742.7614295,25742.7614295,25742.7614295,25742.7614295,25742.7614295,25742.7614295,25742.7614295,25742.7614295,25742.7614295,25742.7614295,25742.7614295,25742.7614295,25742.7614295,25742.7614295,25742.7614295,25742.7614295,25742.7614295,25742.7614295,25742.7614295,25742.7614295,25742.7614295,25742.7614295,25742.7614295,25742.7614295,25742.7614295,25742.7614295,25742.7614295,25742.7614295,25742.7614295,25742.7614295,25742.7614295,25742.7614295,25742.7614295,25742.7614295,25742.7614295,25742.7614295,25742.7614295,25742.7614295,25742.7614295,25742.7614295,25742.7614295,25742.7614295,25742.7614295,25742.7614295,25742.7614295,25742.7614295,25742.7614295,25742.7614295,25742.7614295,25742.7614295,25742.7614295,25742.7614295,25742.7614295,25742.7614295,25742.7614295,25742.7614295,25742.7614295,25742.7614295,25742.7614295,25742.7614295,25742.7614295,25742.7614295,25742.7614295,25742.7614295,25742.7614295,25742.7614295,25742.7614295,25742.7614295,25742.7614295,25742.7614295,25742.7614295,25742.7614295,25742.7614295,25742.7614295,25742.7614295,25742.7614295,25742.7614295,25742.7614295,25742.7614295,25742.7614295,25742.7614295,25742.7614295,25742.7614295,25742.7614295,25742.7614295,25742.7614295,25742.7614295,25742.7614295,25742.7614295,25742.7614295,25742.7614295,25742.7614295,25742.7614295,25742.7614295,25742.7614295,25742.7614295,25742.7614295,25742.7614295,25742.7614295,25742.7614295,25742.7614295,25742.7614295,25742.7614295,25742.7614295,25742.7614295,25742.7614295,25742.7614295,25742.7614295,25742.7614295,25742.7614295,25742.7614295,25742.7614295,25742.7614295,25742.7614295,25742.7614295,25742.7614295,25742.7614295,25742.7614295,25742.7614295,25742.7614295,25742.7614295,25742.7614295,25742.7614295,25742.7614295,25742.7614295,25742.7614295,25742.7614295,25742.7614295,25742.7614295,25742.7614295,25742.7614295,25742.7614295,25742.7614295,25742.7614295,25742.7614295,25742.7614295,25742.7614295,25742.7614295,25742.7614295,25742.7614295,25742.7614295,25742.7614295,25742.7614295,25742.7614295,25742.7614295,25742.7614295,25742.7614295,25742.7614295,25742.7614295,25742.7614295,25742.7614295,25742.7614295,25742.7614295,25742.7614295,25742.7614295,25742.7614295,25742.7614295,25742.7614295,25742.7614295,25742.7614295,25742.7614295,25742.7614295,25742.7614295,25742.7614295,25742.7614295,25742.7614295,25742.7614295,25742.7614295,25742.7614295,25742.7614295,25742.7614295,25742.7614295,25742.7614295,25742.7614295,25742.7614295,25742.7614295,25742.7614295,25742.7614295,25742.7614295,25742.7614295,25742.7614295,25742.7614295,25742.7614295,25742.7614295,25742.7614295,25742.7614295,25742.7614295,25742.7614295,25742.7614295,25742.7614295,25742.7614295,25742.7614295,25742.7614295,25742.7614295,25742.7614295,25742.7614295,25742.7614295,25742.7614295,25742.7614295,25742.7614295,25742.7614295,25742.7614295,25742.7614295,25742.7614295,25742.7614295,25742.7614295,25742.7614295,25742.7614295,25742.7614295,25742.7614295,25742.7614295,25742.7614295,25742.7614295,25742.7614295,25742.7614295,25742.7614295,25742.7614295,25742.7614295,25742.7614295,25742.7614295,25742.7614295,25742.7614295,25742.7614295,25742.7614295,25742.7614295,25742.7614295,25742.7614295,25742.7614295,25742.7614295,25742.7614295,25742.7614295,25742.7614295,25742.7614295,25742.7614295,25742.7614295,25742.7614295,25742.7614295,25742.7614295,25742.7614295,25742.7614295,25742.7614295,25742.7614295,25742.7614295,25742.7614295,25742.7614295,25742.7614295,25742.7614295,25742.7614295,25742.7614295,25742.7614295,25742.7614295,25742.7614295,25742.7614295,25742.7614295,25742.7614295,25742.7614295,25742.7614295,25742.7614295,25742.7614295,25742.7614295,25742.7614295,25742.7614295,25742.7614295,25742.7614295,25742.7614295,25742.7614295,25742.7614295,25742.7614295,25742.7614295,25742.7614295,25742.7614295,25742.7614295,25742.7614295,25742.7614295,25742.7614295,25742.7614295,25742.7614295,25742.7614295,25742.7614295,25742.7614295,25742.7614295,25742.7614295,25742.7614295,25742.7614295,25742.7614295,25742.7614295,25742.7614295,25742.7614295,25742.7614295,25742.7614295,25742.7614295,25742.7614295,25742.7614295,25742.7614295,25742.7614295,25742.7614295,25742.7614295,25742.7614295,25742.7614295,25742.7614295,25742.7614295,25742.7614295,25742.7614295,25742.7614295,25742.7614295,25742.7614295,25742.7614295,25742.7614295,25742.7614295,25742.7614295,25742.7614295,25742.7614295,25742.7614295,25742.7614295,25742.7614295,25742.7614295,25742.7614295,25742.7614295,25742.7614295,25742.7614295,25742.7614295,25742.7614295,25742.7614295,25742.7614295,25742.7614295,25742.7614295,25742.7614295,25742.7614295,25742.7614295,25742.7614295,25742.7614295,25742.7614295,25742.7614295,25742.7614295,25742.7614295,25742.7614295,25742.7614295,25742.7614295,25742.7614295,25742.7614295,25742.7614295,25742.7614295,25742.7614295,25742.7614295,25742.7614295,25742.7614295,25742.7614295,25742.7614295,25742.7614295,25742.7614295,25742.7614295,25742.7614295,25742.7614295,25742.7614295,25742.7614295,25742.7614295,25742.7614295,25742.7614295,25742.7614295,25742.7614295,25742.7614295,25742.7614295,25742.7614295,25742.7614295,25742.7614295,25742.7614295,25742.7614295,25742.7614295,25742.7614295,25742.7614295,25742.7614295,25742.7614295,25742.7614295,25742.7614295,25742.7614295,25742.7614295,25742.7614295,25742.7614295,25742.7614295,25742.7614295,25742.7614295,25742.7614295,25742.7614295,25742.7614295,25742.7614295,25742.7614295,25742.7614295,25742.7614295,25742.7614295,25742.7614295,25742.7614295,25742.7614295,25742.7614295,25742.7614295,25742.7614295,25742.7614295,25742.7614295,25742.7614295,25742.7614295,25742.7614295,25742.7614295,25742.7614295,25742.7614295,25742.7614295,25742.7614295,25742.7614295,25742.7614295,25742.7614295,25742.7614295,25742.7614295,25742.7614295,25742.7614295,25742.7614295,25742.7614295,25742.7614295,25742.7614295,25742.7614295,25742.7614295,25742.7614295,25742.7614295,25742.7614295,25742.7614295,25742.7614295,25742.7614295,25742.7614295,25742.7614295,25742.7614295,25742.7614295,25742.7614295,25742.7614295,25742.7614295,25742.7614295,25742.7614295,25742.7614295,25742.7614295,25742.7614295,25742.7614295,25742.7614295,25742.7614295,25742.7614295,25742.7614295,25742.7614295,25742.7614295,25742.7614295,25742.7614295,25742.7614295,25742.7614295,25742.7614295,25742.7614295,25742.7614295,25742.7614295,25742.7614295,25742.7614295,25742.7614295,25742.7614295,25742.7614295,25742.7614295,25742.7614295,25742.7614295,25742.7614295,25742.7614295,25742.7614295,25742.7614295,25742.7614295,25742.7614295,25742.7614295,25742.7614295,25742.7614295,25742.7614295,25742.7614295,25742.7614295,25742.7614295,25742.7614295,25742.7614295,25742.7614295,25742.7614295,25742.7614295,25742.7614295,25742.7614295,25742.7614295,25742.7614295,25742.7614295,25742.7614295,25742.7614295,25742.7614295,25742.7614295,25742.7614295,25742.7614295,25742.7614295,25742.7614295,25742.7614295,25742.7614295,25742.7614295,25742.7614295,25742.7614295,25742.7614295,25742.7614295,25742.7614295,25742.7614295,25742.7614295,25742.7614295,25742.7614295,25742.7614295,25742.7614295,25742.7614295,25742.7614295,25742.7614295,25742.7614295,25742.7614295,25742.7614295,25742.7614295,25742.7614295,25742.7614295,25742.7614295,25742.7614295,25742.7614295,25742.7614295,25742.7614295,25742.7614295,25742.7614295,25742.7614295,25742.7614295,25742.7614295,25742.7614295,25742.7614295,25742.7614295,25742.7614295,25742.7614295,25742.7614295,25742.7614295,25742.7614295,25742.7614295,25742.7614295,25742.7614295,25742.7614295,25742.7614295,25742.7614295,25742.7614295,25742.7614295,25742.7614295,25742.7614295,25742.7614295,25742.7614295,25742.7614295,25742.7614295,25742.7614295,25742.7614295,25742.7614295,25742.7614295,25742.7614295,25742.7614295,25742.7614295,25742.7614295,25742.7614295,25742.7614295,25742.7614295,25742.7614295,25742.7614295,25742.7614295,25742.7614295,25742.7614295,25742.7614295,25742.7614295,25742.7614295,25742.7614295,25742.7614295,25742.7614295,25742.7614295,25742.7614295,25742.7614295,25742.7614295,25742.7614295,25742.7614295,25742.7614295,25742.7614295,25742.7614295,25742.7614295,25742.7614295,25742.7614295,25742.7614295,25742.7614295,25742.7614295,25742.7614295,25742.7614295,25742.7614295,25742.7614295,25742.7614295,25742.7614295,25742.7614295,25742.7614295,25742.7614295,25742.7614295,25742.7614295,25742.7614295,25742.7614295,25742.7614295,25742.7614295,25742.7614295,25742.7614295,25742.7614295,25742.7614295,25742.7614295,25742.7614295,25742.7614295,25742.7614295,25742.7614295,25742.7614295,25742.7614295,25742.7614295,25742.7614295,25742.7614295,25742.7614295,25742.7614295,25742.7614295,25742.7614295,25742.7614295,25742.7614295,25742.7614295,25742.7614295,25742.7614295,25742.7614295,25742.7614295,25742.7614295,25742.7614295,25742.7614295,25742.7614295,25742.7614295,25742.7614295,25742.7614295,25742.7614295,25742.7614295,25742.7614295,25742.7614295,25742.7614295,25742.7614295,25742.7614295,25742.7614295,25742.7614295,25742.7614295,25742.7614295,25742.7614295,25742.7614295,25742.7614295,25742.7614295,25742.7614295,25742.7614295,25742.7614295,25742.7614295,25742.7614295,25742.7614295,25742.7614295,25742.7614295,25742.7614295,25742.7614295,25742.7614295,25742.7614295,25742.7614295,25742.7614295,25742.7614295,25742.7614295,25742.7614295,25742.7614295,25742.7614295,25742.7614295,25742.7614295,25742.7614295,25742.7614295,25742.7614295,25742.7614295,25742.7614295,25742.7614295,25742.7614295,25742.7614295,25742.7614295,25742.7614295,25742.7614295,25742.7614295,25742.7614295,25742.7614295,25742.7614295,25742.7614295,25742.7614295,25742.7614295,25742.7614295,25742.7614295,25742.7614295,25742.7614295,25742.7614295,25742.7614295,25742.7614295,25742.7614295,25742.7614295,25742.7614295,25742.7614295,25742.7614295,25742.7614295,25742.7614295,25742.7614295,25742.7614295,25742.7614295,25742.7614295,25742.7614295,25742.7614295,25742.7614295,25742.7614295,25742.7614295,25742.7614295,25742.7614295,25742.7614295,25742.7614295,25742.7614295,25742.7614295,25742.7614295,25742.7614295,25742.7614295,25742.7614295,25742.7614295,25742.7614295,25742.7614295,25742.7614295,25742.7614295,25742.7614295,25742.7614295,25742.7614295,25742.7614295,25742.7614295,25742.7614295,25742.7614295,25742.7614295,25742.7614295,25742.7614295,25742.7614295,25742.7614295,25742.7614295,25742.7614295,25742.7614295,25742.7614295,25742.7614295,25742.7614295,25742.7614295,25742.7614295,25742.7614295,25742.7614295,25742.7614295,25742.7614295,25742.7614295,25742.7614295,25742.7614295,25742.7614295,25742.7614295,25742.7614295,25742.7614295,25742.7614295,25742.7614295,25742.7614295,25742.7614295,25742.7614295,25742.7614295,25742.7614295,25742.7614295,25742.7614295,25742.7614295,25742.7614295,25742.7614295,25742.7614295,25742.7614295,25742.7614295,25742.7614295,25742.7614295,25742.7614295,25742.7614295,25742.7614295,25742.7614295,25742.7614295,25742.7614295,25742.7614295,25742.7614295,25742.7614295,25742.7614295,25742.7614295,25742.7614295,25742.7614295,25742.7614295,25742.7614295,25742.7614295,25742.7614295,25742.7614295,25742.7614295,25742.7614295,25742.7614295,25742.7614295,25742.7614295,25742.7614295,25742.7614295,25742.7614295,25742.7614295,25742.7614295,25742.7614295,25742.7614295,25742.7614295,25742.7614295,25742.7614295,25742.7614295,25742.7614295,25742.7614295,25742.7614295,25742.7614295,25742.7614295,25742.7614295,25742.7614295,25742.7614295,25742.7614295,25742.7614295,25742.7614295,25742.7614295,25742.7614295,25742.7614295,25742.7614295,25742.7614295,25742.7614295,25742.7614295,25742.7614295,25742.7614295,25742.7614295,25742.7614295,25742.7614295,25742.7614295,25742.7614295,25742.7614295,25742.7614295,25742.7614295,25742.7614295,25742.7614295,25742.7614295,25742.7614295,25742.7614295,25742.7614295,25742.7614295,25742.7614295,25742.7614295,25742.7614295,25742.7614295,25742.7614295,25742.7614295,25742.7614295,25742.7614295,25742.7614295,25742.7614295,25742.7614295,25742.7614295,25742.7614295,25742.7614295,25742.7614295,25742.7614295,25742.7614295,25742.7614295,25742.7614295,25742.7614295,25742.7614295,25742.7614295,25742.7614295,25742.7614295,25742.7614295,25742.7614295,25742.7614295,25742.7614295,25742.7614295,25742.7614295,25742.7614295,25742.7614295,25742.7614295,25742.7614295,25742.7614295,25742.7614295,25742.7614295,25742.7614295,25742.7614295,25742.7614295,25742.7614295,25742.7614295,25742.7614295,25742.7614295,25742.7614295,25742.7614295,25742.7614295,25742.7614295,25742.7614295,25742.7614295,25742.7614295,25742.7614295,25742.7614295,25742.7614295,25742.7614295,25742.7614295,25742.7614295,25742.7614295,25742.7614295,25742.7614295,25742.7614295,25742.7614295,25742.7614295,25742.7614295,25742.7614295,25742.7614295,25742.7614295,25742.7614295,25742.7614295,25742.7614295,25742.7614295,25742.7614295,25742.7614295,25742.7614295,25742.7614295,25742.7614295,25742.7614295,25742.7614295,25742.7614295,25742.7614295,25742.7614295,25742.7614295,25742.7614295,25742.7614295,25742.7614295,25742.7614295,25742.7614295,25742.7614295,25742.7614295,25742.7614295,25742.7614295,25742.7614295,25742.7614295,25742.7614295,25742.7614295,25742.7614295,25742.7614295,25742.7614295,25742.7614295,25742.7614295,25742.7614295,25742.7614295,25742.7614295,25742.7614295,25742.7614295,25742.7614295,25742.7614295,25742.7614295,25742.7614295,25742.7614295,25742.7614295,25742.7614295,25742.7614295,25742.7614295,25742.7614295,25742.7614295,25742.7614295,25742.7614295,25742.7614295,25742.7614295,25742.7614295,25742.7614295,25742.7614295,25742.7614295,25742.7614295,25742.7614295,25742.7614295,25742.7614295,25742.7614295,25742.7614295,25742.7614295,25742.7614295,25742.7614295,25742.7614295,25742.7614295,25742.7614295,25742.7614295,25742.7614295,25742.7614295,25742.7614295,25742.7614295,25742.7614295,25742.7614295,25742.7614295,25742.7614295,25742.7614295,25742.7614295,25742.7614295,25742.7614295,25742.7614295,25742.7614295,25742.7614295,25742.7614295,25742.7614295,25742.7614295,25742.7614295,25742.7614295,25742.7614295,25742.7614295,25742.7614295,25742.7614295,25742.7614295,25742.7614295,25742.7614295,25742.7614295,25742.7614295,25742.7614295,25742.7614295,25742.7614295,25742.7614295,25742.7614295,25742.7614295,25742.7614295,25742.7614295,25742.7614295,25742.7614295,25742.7614295,25742.7614295,25742.7614295,25742.7614295,25742.7614295,25742.7614295,25742.7614295,25742.7614295,25742.7614295,25742.7614295,25742.7614295,25742.7614295,25742.7614295,25742.7614295,25742.7614295,25742.7614295,25742.7614295,25742.7614295,25742.7614295,25742.7614295,25742.7614295,25742.7614295,25742.7614295,25742.7614295,25742.7614295,25742.7614295,25742.7614295,25742.7614295,25742.7614295,25742.7614295,25742.7614295,25742.7614295,25742.7614295,25742.7614295,25742.7614295,25742.7614295,25742.7614295,25742.7614295,25742.7614295,25742.7614295,25742.7614295,25742.7614295,25742.7614295,25742.7614295,25742.7614295,25742.7614295,25742.7614295,25742.7614295,25742.7614295,25742.7614295,25742.7614295,25742.7614295,25742.7614295,25742.7614295,25742.7614295,25742.7614295,25742.7614295,25742.7614295,25742.7614295,25742.7614295,25742.7614295,25742.7614295,25742.7614295,25742.7614295,25742.7614295,25742.7614295,25742.7614295,25742.7614295,25742.7614295,25742.7614295,25742.7614295,25742.7614295,25742.7614295,25742.7614295,25742.7614295,25742.7614295,25742.7614295,25742.7614295,25742.7614295,25742.7614295,25742.7614295,25742.7614295,25742.7614295,25742.7614295,25742.7614295,25742.7614295,25742.7614295,25742.7614295,25742.7614295,25742.7614295,25742.7614295,25742.7614295,25742.7614295,25742.7614295,25742.7614295,25742.7614295,25742.7614295,25742.7614295,25742.7614295,25742.7614295,25742.7614295,25742.7614295,25742.7614295,25742.7614295,25742.7614295,25742.7614295,25742.7614295,25742.7614295,25742.7614295,25742.7614295,25742.7614295,25742.7614295,25742.7614295,25742.7614295,25742.7614295,25742.7614295,25742.7614295,25742.7614295,25742.7614295,25742.7614295,25742.7614295,25742.7614295,25742.7614295,25742.7614295,25742.7614295,25742.7614295,25742.7614295,25742.7614295,25742.7614295,25742.7614295,25742.7614295,25742.7614295,25742.7614295,25742.7614295,25742.7614295,25742.7614295,25742.7614295,25742.7614295,25742.7614295,25742.7614295,25742.7614295,25742.7614295,25742.7614295,25742.7614295,25742.7614295,25742.7614295,25742.7614295,25742.7614295,25742.7614295,25742.7614295,25742.7614295,25742.7614295,25742.7614295,25742.7614295,25742.7614295,25742.7614295,25742.7614295,25742.7614295,25742.7614295,25742.7614295,25742.7614295,25742.7614295,25742.7614295,25742.7614295,25742.7614295,25742.7614295,25742.7614295,25742.7614295,25742.7614295,25742.7614295,25742.7614295,25742.7614295,25742.7614295,25742.7614295,25742.7614295,25742.7614295,25742.7614295,25742.7614295,25742.7614295,25742.7614295,25742.7614295,25742.7614295,25742.7614295,25742.7614295,25742.7614295,25742.7614295,25742.7614295,25742.7614295,25742.7614295,25742.7614295,25742.7614295,25742.7614295,25742.7614295,25742.7614295,25742.7614295,25742.7614295,25742.7614295,25742.7614295,25742.7614295,25742.7614295,25742.7614295,25742.7614295,25742.7614295,25742.7614295,25742.7614295,25742.7614295,25742.7614295,25742.7614295,25742.7614295,25742.7614295,25742.7614295,25742.7614295,25742.7614295,25742.7614295,25742.7614295,25742.7614295,25742.7614295,25742.7614295,25742.7614295,25742.7614295,25742.7614295,25742.7614295,25742.7614295,25742.7614295,25742.7614295,25742.7614295,25742.7614295,25742.7614295,25742.7614295,25742.7614295,25742.7614295,25742.7614295,25742.7614295,25742.7614295,25742.7614295,25742.7614295,25742.7614295,25742.7614295,25742.7614295,25742.7614295,25742.7614295,25742.7614295,25742.7614295,25742.7614295,25742.7614295,25742.7614295,25742.7614295,25742.7614295,25742.7614295,25742.7614295,25742.7614295,25742.7614295,25742.7614295,25742.7614295,25742.7614295,25742.7614295,25742.7614295,25742.7614295,25742.7614295,25742.7614295,25742.7614295,25742.7614295,25742.7614295,25742.7614295,25742.7614295,25742.7614295,25742.7614295,25742.7614295,25742.7614295,25742.7614295,25742.7614295,25742.7614295,25742.7614295,25742.7614295,25742.7614295,25742.7614295,25742.7614295,25742.7614295,25742.7614295,25742.7614295,25742.7614295,25742.7614295,25742.7614295,25742.7614295,25742.7614295,25742.7614295,25742.7614295,25742.7614295,25742.7614295,25742.7614295,25742.7614295,25742.7614295,25742.7614295,25742.7614295,25742.7614295,25742.7614295,25742.7614295,25742.7614295,25742.7614295,25742.7614295,25742.7614295,25742.7614295,25742.7614295,25742.7614295,25742.7614295,25742.7614295,25742.7614295,25742.7614295,25742.7614295,25742.7614295,25742.7614295,25742.7614295,25742.7614295,25742.7614295,25742.7614295,25742.7614295,25742.7614295,25742.7614295,25742.7614295,25742.7614295,25742.7614295,25742.7614295,25742.7614295,25742.7614295,25742.7614295,25742.7614295,25742.7614295,25742.7614295,25742.7614295,25742.7614295,25742.7614295,25742.7614295,25742.7614295,25742.7614295,25742.7614295,25742.7614295,25742.7614295,25742.7614295,25742.7614295,25742.7614295,25742.7614295,25742.7614295,25742.7614295,25742.7614295,25742.7614295,25742.7614295,25742.7614295,25742.7614295,25742.7614295,25742.7614295,25742.7614295,25742.7614295,25742.7614295,25742.7614295,25742.7614295,25742.7614295,25742.7614295,25742.7614295,25742.7614295,25742.7614295,25742.7614295,25742.7614295,25742.7614295,25742.7614295,25742.7614295,25742.7614295,25742.7614295,25742.7614295,25742.7614295,25742.7614295,25742.7614295,25742.7614295,25742.7614295,25742.7614295,25742.7614295,25742.7614295,25742.7614295,25742.7614295,25742.7614295,25742.7614295,25742.7614295,25742.7614295,25742.7614295,25742.7614295,25742.7614295,25742.7614295,25742.7614295,25742.7614295,25742.7614295,25742.7614295,25742.7614295,25742.7614295,25742.7614295,25742.7614295,25742.7614295,25742.7614295,25742.7614295,25742.7614295,25742.7614295,25742.7614295,25742.7614295,25742.7614295,25742.7614295,25742.7614295,25742.7614295,25742.7614295,25742.7614295,25742.7614295,25742.7614295,25742.7614295,25742.7614295,25742.7614295,25742.7614295,25742.7614295,25742.7614295,25742.7614295,25742.7614295,25742.7614295,25742.7614295,25742.7614295,25742.7614295,25742.7614295,25742.7614295,25742.7614295,25742.7614295,25742.7614295,25742.7614295,25742.7614295,25742.7614295,25742.7614295,25742.7614295,25742.7614295,25742.7614295,25742.7614295,25742.7614295,25742.7614295,25742.7614295,25742.7614295,25742.7614295,25742.7614295,25742.7614295,25742.7614295,25742.7614295,25742.7614295,25742.7614295,25742.7614295,25742.7614295,25742.7614295,25742.7614295,25742.7614295,25742.7614295,25742.7614295,25742.7614295,25742.7614295,25742.7614295,25742.7614295,25742.7614295,25742.7614295,25742.7614295,25742.7614295,25742.7614295,25742.7614295,25742.7614295,25742.7614295,25742.7614295,25742.7614295,25742.7614295,25742.7614295,25742.7614295,25742.7614295,25742.7614295,25742.7614295,25742.7614295,25742.7614295,25742.7614295,25742.7614295,25742.7614295,25742.7614295,25742.7614295,25742.7614295,25742.7614295,25742.7614295,25742.7614295,25742.7614295,25742.7614295,25742.7614295,25742.7614295,25742.7614295,25742.7614295,25742.7614295,25742.7614295,25742.7614295,25742.7614295,25742.7614295,25742.7614295,25742.7614295,25742.7614295,25742.7614295,25742.7614295,25742.7614295,25742.7614295,25742.7614295,25742.7614295,25742.7614295,25742.7614295,25742.7614295,25742.7614295,25742.7614295,25742.7614295,25742.7614295,25742.7614295,25742.7614295,25742.7614295,25742.7614295,25742.7614295,25742.7614295,25742.7614295,25742.7614295,25742.7614295,25742.7614295,25742.7614295,25742.7614295,25742.7614295,25742.7614295,25742.7614295,25742.7614295,25742.7614295,25742.7614295,25742.7614295,25742.7614295,25742.7614295,25742.7614295,25742.7614295,25742.7614295,25742.7614295,25742.7614295,25742.7614295,25742.7614295,25742.7614295,25742.7614295,25742.7614295,25742.7614295,25742.7614295,25742.7614295,25742.7614295,25742.7614295,25742.7614295,25742.7614295,25742.7614295,25742.7614295,25742.7614295,25742.7614295,25742.7614295,25742.7614295,25742.7614295,25742.7614295,25742.7614295,25742.7614295,25742.7614295,25742.7614295,25742.7614295,25742.7614295,25742.7614295,25742.7614295,25742.7614295,25742.7614295,25742.7614295,25742.7614295,25742.7614295,25742.7614295,25742.7614295,25742.7614295,25742.7614295,25742.7614295,25742.7614295,25742.7614295,25742.7614295,25742.7614295,25742.7614295,25742.7614295,25742.7614295,25742.7614295,25742.7614295,25742.7614295,25742.7614295,25742.7614295,25742.7614295,25742.7614295,25742.7614295,25742.7614295,25742.7614295,25742.7614295,25742.7614295,25742.7614295,25742.7614295,25742.7614295,25742.7614295,25742.7614295,25742.7614295,25742.7614295,25742.7614295,25742.7614295,25742.7614295,25742.7614295,25742.7614295,25742.7614295,25742.7614295,25742.7614295,25742.7614295,25742.7614295,25742.7614295,25742.7614295,25742.7614295,25742.7614295,25742.7614295,25742.7614295,25742.7614295,25742.7614295,25742.7614295,25742.7614295,25742.7614295,25742.7614295,25742.7614295,25742.7614295,25742.7614295,25742.7614295,25742.7614295,25742.7614295,25742.7614295,25742.7614295,25742.7614295,25742.7614295,25742.7614295,25742.7614295,25742.7614295,25742.7614295,25742.7614295,25742.7614295,25742.7614295,25742.7614295,25742.7614295,25742.7614295,25742.7614295,25742.7614295,25742.7614295,25742.7614295,25742.7614295,25742.7614295,25742.7614295,25742.7614295,25742.7614295,25742.7614295,25742.7614295,25742.7614295,25742.7614295,25742.7614295,25742.7614295,25742.7614295,25742.7614295,25742.7614295,25742.7614295,25742.7614295,25742.7614295,25742.7614295,25742.7614295,25742.7614295,25742.7614295,25742.7614295,25742.7614295,25742.7614295,25742.7614295,25742.7614295,25742.7614295,25742.7614295,25742.7614295,25742.7614295,25742.7614295,25742.7614295,25742.7614295,25742.7614295,25742.7614295,25742.7614295,25742.7614295,25742.7614295,25742.7614295,25742.7614295,25742.7614295,25742.7614295,25742.7614295,25742.7614295,25742.7614295,25742.7614295,25742.7614295,25742.7614295,25742.7614295,25742.7614295,25742.7614295,25742.7614295,25742.7614295,25742.7614295,25742.7614295,25742.7614295,25742.7614295,25742.7614295,25742.7614295,25742.7614295,25742.7614295,25742.7614295,25742.7614295,25742.7614295,25742.7614295,25742.7614295,25742.7614295,25742.7614295,25742.7614295,25742.7614295,25742.7614295,25742.7614295,25742.7614295,25742.7614295,25742.7614295,25742.7614295,25742.7614295,25742.7614295,25742.7614295,25742.7614295,25742.7614295,25742.7614295,25742.7614295,25742.7614295,25742.7614295,25742.7614295,25742.7614295,25742.7614295,25742.7614295,25742.7614295,25742.7614295,25742.7614295,25742.7614295,25742.7614295,25742.7614295,25742.7614295,25742.7614295,25742.7614295,25742.7614295,25742.7614295,25742.7614295,25742.7614295,25742.7614295,25742.7614295,25742.7614295,25742.7614295,25742.7614295,25742.7614295,25742.7614295,25742.7614295,25742.7614295,25742.7614295,25742.7614295,25742.7614295,25742.7614295,25742.7614295,25742.7614295,25742.7614295,25742.7614295,25742.7614295,25742.7614295,25742.7614295,25742.7614295,25742.7614295,25742.7614295,25742.7614295,25742.7614295,25742.7614295,25742.7614295,25742.7614295,25742.7614295,25742.7614295,25742.7614295,25742.7614295,25742.7614295,25742.7614295,25742.7614295,25742.7614295,25742.7614295,25742.7614295,25742.7614295,25742.7614295,25742.7614295,25742.7614295,25742.7614295,25742.7614295,25742.7614295,25742.7614295,25742.7614295,25742.7614295,25742.7614295,25742.7614295,25742.7614295,25742.7614295,25742.7614295,25742.7614295,25742.7614295,25742.7614295,25742.7614295,25742.7614295,25742.7614295,25742.7614295,25742.7614295,25742.7614295,25742.7614295,25742.7614295,25742.7614295,25742.7614295,25742.7614295,25742.7614295,25742.7614295,25742.7614295,25742.7614295,25742.7614295,25742.7614295,25742.7614295,25742.7614295,25742.7614295,25742.7614295,25742.7614295,25742.7614295,25742.7614295,25742.7614295,25742.7614295,25742.7614295,25742.7614295,25742.7614295,25742.7614295,25742.7614295,25742.7614295,25742.7614295,25742.7614295,25742.7614295,25742.7614295,25742.7614295,25742.7614295,25742.7614295,25742.7614295,25742.7614295,25742.7614295,25742.7614295,25742.7614295,25742.7614295,25742.7614295,25742.7614295,25742.7614295,25742.7614295,25742.7614295,25742.7614295,25742.7614295,25742.7614295,25742.7614295,25742.7614295,25742.7614295,25742.7614295,25742.7614295,25742.7614295,25742.7614295,25742.7614295,25742.7614295,25742.7614295,25742.7614295,25742.7614295,25742.7614295,25742.7614295,25742.7614295,25742.7614295,25742.7614295,25742.7614295,25742.7614295,25742.7614295,25742.7614295,25742.7614295,25742.7614295,25742.7614295,25742.7614295,25742.7614295,25742.7614295,25742.7614295,25742.7614295,25742.7614295,25742.7614295,25742.7614295,25742.7614295,25742.7614295,25742.7614295,25742.7614295,25742.7614295,25742.7614295,25742.7614295,25742.7614295,25742.7614295,25742.7614295,25742.7614295,25742.7614295,25742.7614295,25742.7614295,25742.7614295,25742.7614295,25742.7614295,25742.7614295,25742.7614295,25742.7614295,25742.7614295,25742.7614295,25742.7614295,25742.7614295,25742.7614295,25742.7614295,25742.7614295,25742.7614295,25742.7614295,25742.7614295,25742.7614295,25742.7614295,25742.7614295,25742.7614295,25742.7614295,25742.7614295,25742.7614295,25742.7614295,25742.7614295,25742.7614295,25742.7614295,25742.7614295,25742.7614295,25742.7614295,25742.7614295,25742.7614295,25742.7614295,25742.7614295,25742.7614295,25742.7614295,25742.7614295,25742.7614295,25742.7614295,25742.7614295,25742.7614295,25742.7614295,25742.7614295,25742.7614295,25742.7614295,25742.7614295,25742.7614295,25742.7614295,25742.7614295,25742.7614295,25742.7614295,25742.7614295,25742.7614295,25742.7614295,25742.7614295,25742.7614295,25742.7614295,25742.7614295,25742.7614295,25742.7614295,25742.7614295,25742.7614295,25742.7614295,25742.7614295,25742.7614295,25742.7614295,25742.7614295,25742.7614295,25742.7614295,25742.7614295,25742.7614295,25742.7614295,25742.7614295,25742.7614295,25742.7614295,25742.7614295,25742.7614295,25742.7614295,25742.7614295,25742.7614295,25742.7614295,25742.7614295,25742.7614295,25742.7614295,25742.7614295,25742.7614295,25742.7614295,25742.7614295,25742.7614295,25742.7614295,25742.7614295,25742.7614295,25742.7614295,25742.7614295,25742.7614295,25742.7614295,25742.7614295,25742.7614295,25742.7614295,25742.7614295,25742.7614295,25742.7614295,25742.7614295,25742.7614295,25742.7614295,25742.7614295,25742.7614295,25742.7614295,25742.7614295,25742.7614295,25742.7614295,25742.7614295,25742.7614295,25742.7614295,25742.7614295,25742.7614295,25742.7614295,25742.7614295,25742.7614295,25742.7614295,25742.7614295,25742.7614295,25742.7614295,25742.7614295,25742.7614295,25742.7614295,25742.7614295,25742.7614295,25742.7614295,25742.7614295,25742.7614295,25742.7614295,25742.7614295,25742.7614295,25742.7614295,25742.7614295,25742.7614295,25742.7614295,25742.7614295,25742.7614295,25742.7614295,25742.7614295,25742.7614295,25742.7614295,25742.7614295,25742.7614295,25742.7614295,25742.7614295,25742.7614295,25742.7614295,25742.7614295,25742.7614295,25742.7614295,25742.7614295,25742.7614295,25742.7614295,25742.7614295,25742.7614295,25742.7614295,25742.7614295,25742.7614295,25742.7614295,25742.7614295,25742.7614295,25742.7614295,25742.7614295,25742.7614295,25742.7614295,25742.7614295,25742.7614295,25742.7614295,25742.7614295,25742.7614295,25742.7614295,25742.7614295,25742.7614295,25742.7614295,25742.7614295,25742.7614295,25742.7614295,25742.7614295,25742.7614295,25742.7614295,25742.7614295,25742.7614295,25742.7614295,25742.7614295,25742.7614295,25742.7614295,25742.7614295,25742.7614295,25742.7614295,25742.7614295,25742.7614295,25742.7614295,25742.7614295,25742.7614295,25742.7614295,25742.7614295,25742.7614295,25742.7614295,25742.7614295,25742.7614295,25742.7614295,25742.7614295,25742.7614295,25742.7614295,25742.7614295,25742.7614295,25742.7614295,25742.7614295,25742.7614295,25742.7614295,25742.7614295,25742.7614295,25742.7614295,25742.7614295,25742.7614295,25742.7614295,25742.7614295,25742.7614295,25742.7614295,25742.7614295,25742.7614295,25742.7614295,25742.7614295,25742.7614295,25742.7614295,25742.7614295,25742.7614295,25742.7614295,25742.7614295,25742.7614295,25742.7614295,25742.7614295,25742.7614295,25742.7614295,25742.7614295,25742.7614295,25742.7614295,25742.7614295,25742.7614295,25742.7614295,25742.7614295,25742.7614295,25742.7614295,25742.7614295,25742.7614295,25742.7614295,25742.7614295,25742.7614295,25742.7614295,25742.7614295,25742.7614295,25742.7614295,25742.7614295,25742.7614295,25742.7614295,25742.7614295,25742.7614295,25742.7614295,25742.7614295,25742.7614295,25742.7614295,25742.7614295,25742.7614295,25742.7614295,25742.7614295,25742.7614295,25742.7614295,25742.7614295,25742.7614295,25742.7614295,25742.7614295,25742.7614295,25742.7614295,25742.7614295,25742.7614295,25742.7614295,25742.7614295,25742.7614295,25742.7614295,25742.7614295,25742.7614295,25742.7614295,25742.7614295,25742.7614295,25742.7614295,25742.7614295,25742.7614295,25742.7614295,25742.7614295,25742.7614295,25742.7614295,25742.7614295,25742.7614295,25742.7614295,25742.7614295,25742.7614295,25742.7614295,25742.7614295,25742.7614295,25742.7614295,25742.7614295,25742.7614295,25742.7614295,25742.7614295,25742.7614295,25742.7614295,25742.7614295,25742.7614295,25742.7614295,25742.7614295,25742.7614295,25742.7614295,25742.7614295,25742.7614295,25742.7614295,25742.7614295,25742.7614295,25742.7614295,25742.7614295,25742.7614295,25742.7614295,25742.7614295,25742.7614295,25742.7614295,25742.7614295,25742.7614295,25742.7614295,25742.7614295,25742.7614295,25742.7614295,25742.7614295,25742.7614295,25742.7614295,25742.7614295,25742.7614295,25742.7614295,25742.7614295,25742.7614295,25742.7614295,25742.7614295,25742.7614295,25742.7614295,25742.7614295,25742.7614295,25742.7614295,25742.7614295,25742.7614295,25742.7614295,25742.7614295,25742.7614295,25742.7614295,25742.7614295,25742.7614295,25742.7614295,25742.7614295,25742.7614295,25742.7614295,25742.7614295,25742.7614295,25742.7614295,25742.7614295,25742.7614295,25742.7614295,25742.7614295,25742.7614295,25742.7614295,25742.7614295,25742.7614295,25742.7614295,25742.7614295,25742.7614295,25742.7614295,25742.7614295,25742.7614295,25742.7614295,25742.7614295,25742.7614295,25742.7614295,25742.7614295,25742.7614295,25742.7614295,25742.7614295,25742.7614295,25742.7614295,25742.7614295,25742.7614295,25742.7614295,25742.7614295,25742.7614295,25742.7614295,25742.7614295,25742.7614295,25742.7614295,25742.7614295,25742.7614295,25742.7614295,25742.7614295,25742.7614295,25742.7614295,25742.7614295,25742.7614295,25742.7614295,25742.7614295,25742.7614295,25742.7614295,25742.7614295,25742.7614295,25742.7614295,25742.7614295,25742.7614295,25742.7614295,25742.7614295,25742.7614295,25742.7614295,25742.7614295,25742.7614295,25742.7614295,25742.7614295,25742.7614295,25742.7614295,25742.7614295,25742.7614295,25742.7614295,25742.7614295,25742.7614295,25742.7614295,25742.7614295,25742.7614295,25742.7614295,25742.7614295,25742.7614295,25742.7614295,25742.7614295,25742.7614295,25742.7614295,25742.7614295,25742.7614295,25742.7614295,25742.7614295,25742.7614295,25742.7614295,25742.7614295,25742.7614295,25742.7614295,25742.7614295,25742.7614295,25742.7614295,25742.7614295,25742.7614295,25742.7614295,25742.7614295,25742.7614295,25742.7614295,25742.7614295,25742.7614295,25742.7614295,25742.7614295,25742.7614295,25742.7614295,25742.7614295,25742.7614295,25742.7614295,25742.7614295,25742.7614295,25742.7614295,25742.7614295,25742.7614295,25742.7614295,25742.7614295,25742.7614295,25742.7614295,25742.7614295,25742.7614295,25742.7614295,25742.7614295,25742.7614295,25742.7614295,25742.7614295,25742.7614295,25742.7614295,25742.7614295,25742.7614295,25742.7614295,25742.7614295,25742.7614295,25742.7614295,25742.7614295,25742.7614295,25742.7614295,25742.7614295,25742.7614295,25742.7614295,25742.7614295,25742.7614295,25742.7614295,25742.7614295,25742.7614295,25742.7614295,25742.7614295,25742.7614295,25742.7614295,25742.7614295,25742.7614295,25742.7614295,25742.7614295,25742.7614295,25742.7614295,25742.7614295,25742.7614295,25742.7614295,25742.7614295,25742.7614295,25742.7614295,25742.7614295,25742.7614295,25742.7614295,25742.7614295,25742.7614295,25742.7614295,25742.7614295,25742.7614295,25742.7614295,25742.7614295,25742.7614295,25742.7614295,25742.7614295,25742.7614295,25742.7614295,25742.7614295,25742.7614295,25742.7614295,25742.7614295,25742.7614295,25742.7614295,25742.7614295,25742.7614295,25742.7614295,25742.7614295,25742.7614295,25742.7614295,25742.7614295,25742.7614295,25742.7614295,25742.7614295,25742.7614295,25742.7614295,25742.7614295,25742.7614295,25742.7614295,25742.7614295,25742.7614295,25742.7614295,25742.7614295,25742.7614295,25742.7614295,25742.7614295,25742.7614295,25742.7614295,25742.7614295,25742.7614295,25742.7614295,25742.7614295,25742.7614295,25742.7614295,25742.7614295,25742.7614295,25742.7614295,25742.7614295,25742.7614295,25742.7614295,25742.7614295,25742.7614295,25742.7614295,25742.7614295,25742.7614295,25742.7614295,25742.7614295,25742.7614295,25742.7614295,25742.7614295,25742.7614295,25742.7614295,25742.7614295,25742.7614295,25742.7614295,25742.7614295,25742.7614295,25742.7614295,25742.7614295,25742.7614295,25742.7614295,25742.7614295,25742.7614295,25742.7614295,25742.7614295,25742.7614295,25742.7614295,25742.7614295,25742.7614295,25742.7614295,25742.7614295,25742.7614295,25742.7614295,25742.7614295,25742.7614295,25742.7614295,25742.7614295,25742.7614295,25742.7614295,25742.7614295,25742.7614295,25742.7614295,25742.7614295,25742.7614295,25742.7614295,25742.7614295,25742.7614295,25742.7614295,25742.7614295,25742.7614295,25742.7614295,25742.7614295,25742.7614295,25742.7614295,25742.7614295,25742.7614295,25742.7614295,25742.7614295,25742.7614295,25742.7614295,25742.7614295,25742.7614295,25742.7614295,25742.7614295,25742.7614295,25742.7614295,25742.7614295,25742.7614295,25742.7614295,25742.7614295,25742.7614295,25742.7614295,25742.7614295,25742.7614295,25742.7614295,25742.7614295,25742.7614295,25742.7614295,25742.7614295,25742.7614295,25742.7614295,25742.7614295,25742.7614295,25742.7614295,25742.7614295,25742.7614295,25742.7614295,25742.7614295,25742.7614295,25742.7614295,25742.7614295,25742.7614295,25742.7614295,25742.7614295,25742.7614295,25742.7614295,25742.7614295,25742.7614295,25742.7614295,25742.7614295,25742.7614295,25742.7614295,25742.7614295,25742.7614295,25742.7614295,25742.7614295,25742.7614295,25742.7614295,25742.7614295,25742.7614295,25742.7614295,25742.7614295,25742.7614295,25742.7614295,25742.7614295,25742.7614295,25742.7614295,25742.7614295,25742.7614295,25742.7614295,25742.7614295,25742.7614295,25742.7614295,25742.7614295,25742.7614295,25742.7614295,25742.7614295,25742.7614295,25742.7614295,25742.7614295,25742.7614295,25742.7614295,25742.7614295,25742.7614295,25742.7614295,25742.7614295,25742.7614295,25742.7614295,25742.7614295,25742.7614295,25742.7614295,25742.7614295,25742.7614295,25742.7614295,25742.7614295,25742.7614295,25742.7614295,25742.7614295,25742.7614295,25742.7614295,25742.7614295,25742.7614295,25742.7614295,25742.7614295,25742.7614295,25742.7614295,25742.7614295,25742.7614295,25742.7614295,25742.7614295,25742.7614295,25742.7614295,25742.7614295,25742.7614295,25742.7614295,25742.7614295,25742.7614295,25742.7614295,25742.7614295,25742.7614295,25742.7614295,25742.7614295,25742.7614295,25742.7614295,25742.7614295,25742.7614295,25742.7614295,25742.7614295,25742.7614295,25742.7614295,25742.7614295,25742.7614295,25742.7614295,25742.7614295,25742.7614295,25742.7614295,25742.7614295,25742.7614295,25742.7614295,25742.7614295,25742.7614295,25742.7614295,25742.7614295,25742.7614295,25742.7614295,25742.7614295,25742.7614295,25742.7614295,25742.7614295,25742.7614295,25742.7614295,25742.7614295,25742.7614295,25742.7614295,25742.7614295,25742.7614295,25742.7614295,25742.7614295,25742.7614295,25742.7614295,25742.7614295,25742.7614295,25742.7614295,25742.7614295,25742.7614295,25742.7614295,25742.7614295,25742.7614295,25742.7614295,25742.7614295,25742.7614295,25742.7614295,25742.7614295,25742.7614295,25742.7614295,25742.7614295,25742.7614295,25742.7614295,25742.7614295,25742.7614295,25742.7614295,25742.7614295,25742.7614295,25742.7614295,25742.7614295,25742.7614295,25742.7614295,25742.7614295,25742.7614295,25742.7614295,25742.7614295,25742.7614295,25742.7614295,25742.7614295,25742.7614295,25742.7614295,25742.7614295,25742.7614295,25742.7614295,25742.7614295,25742.7614295,25742.7614295,25742.7614295,25742.7614295,25742.7614295,25742.7614295,25742.7614295,25742.7614295,25742.7614295,25742.7614295,25742.7614295,25742.7614295,25742.7614295,25742.7614295,25742.7614295,25742.7614295,25742.7614295,25742.7614295,25742.7614295,25742.7614295,25742.7614295,25742.7614295,25742.7614295,25742.7614295,25742.7614295,25742.7614295,25742.7614295,25742.7614295,25742.7614295,25742.7614295,25742.7614295,25742.7614295,25742.7614295,25742.7614295,25742.7614295,25742.7614295,25742.7614295,25742.7614295,25742.7614295,25742.7614295,25742.7614295,25742.7614295,25742.7614295,25742.7614295,25742.7614295,25742.7614295,25742.7614295,25742.7614295,25742.7614295,25742.7614295,25742.7614295,25742.7614295,25742.7614295,25742.7614295,25742.7614295,25742.7614295,25742.7614295,25742.7614295,25742.7614295,25742.7614295,25742.7614295,25742.7614295,25742.7614295,25742.7614295,25742.7614295,25742.7614295,25742.7614295,25742.7614295,25742.7614295,25742.7614295,25742.7614295,25742.7614295,25742.7614295,25742.7614295,25742.7614295,25742.7614295,25742.7614295,25742.7614295,25742.7614295,25742.7614295,25742.7614295,25742.7614295,25742.7614295,25742.7614295,25742.7614295,25742.7614295,25742.7614295,25742.7614295,25742.7614295,25742.7614295,25742.7614295,25742.7614295,25742.7614295,25742.7614295,25742.7614295,25742.7614295,25742.7614295,25742.7614295,25742.7614295,25742.7614295,25742.7614295,25742.7614295,25742.7614295,25742.7614295,25742.7614295,25742.7614295,25742.7614295,25742.7614295,25742.7614295,25742.7614295,25742.7614295,25742.7614295,25742.7614295,25742.7614295,25742.7614295,25742.7614295,25742.7614295,25742.7614295,25742.7614295,25742.7614295,25742.7614295,25742.7614295,25742.7614295,25742.7614295,25742.7614295,25742.7614295,25742.7614295,25742.7614295,25742.7614295,25742.7614295,25742.7614295,25742.7614295,25742.7614295,25742.7614295,25742.7614295,25742.7614295,25742.7614295,25742.7614295,25742.7614295,25742.7614295,25742.7614295,25742.7614295,25742.7614295,25742.7614295,25742.7614295,25742.7614295,25742.7614295,25742.7614295,25742.7614295,25742.7614295,25742.7614295,25742.7614295,25742.7614295,25742.7614295,25742.7614295,25742.7614295,25742.7614295,25742.7614295,25742.7614295,25742.7614295,25742.7614295,25742.7614295,25742.7614295,25742.7614295,25742.7614295,25742.7614295,25742.7614295,25742.7614295,25742.7614295,25742.7614295,25742.7614295,25742.7614295,25742.7614295,25742.7614295,25742.7614295,25742.7614295,25742.7614295,25742.7614295,25742.7614295,25742.7614295,25742.7614295,25742.7614295,25742.7614295,25742.7614295,25742.7614295,25742.7614295,25742.7614295,25742.7614295,25742.7614295,25742.7614295,25742.7614295,25742.7614295,25742.7614295,25742.7614295,25742.7614295,25742.7614295,25742.7614295,25742.7614295,25742.7614295,25742.7614295,25742.7614295,25742.7614295,25742.7614295,25742.7614295,25742.7614295,25742.7614295,25742.7614295,25742.7614295,25742.7614295,25742.7614295,25742.7614295,25742.7614295,25742.7614295,25742.7614295,25742.7614295,25742.7614295,25742.7614295,25742.7614295,25742.7614295,25742.7614295,25742.7614295,25742.7614295,25742.7614295,25742.7614295,25742.7614295,25742.7614295,25742.7614295,25742.7614295,25742.7614295,25742.7614295,25742.7614295,25742.7614295,25742.7614295,25742.7614295,25742.7614295,25742.7614295,25742.7614295,25742.7614295,25742.7614295,25742.7614295,25742.7614295,25742.7614295,25742.7614295,25742.7614295,25742.7614295,25742.7614295,25742.7614295,25742.7614295,25742.7614295,25742.7614295,25742.7614295,25742.7614295,25742.7614295,25742.7614295,25742.7614295,25742.7614295,25742.7614295,25742.7614295,25742.7614295,25742.7614295,25742.7614295,25742.7614295,25742.7614295,25742.7614295,25742.7614295,25742.7614295,25742.7614295,25742.7614295,25742.7614295,25742.7614295,25742.7614295,25742.7614295,25742.7614295,25742.7614295,25742.7614295,25742.7614295,25742.7614295,25742.7614295,25742.7614295,25742.7614295,25742.7614295,25742.7614295,25742.7614295,25742.7614295,25742.7614295,25742.7614295,25742.7614295,25742.7614295,25742.7614295,25742.7614295,25742.7614295,25742.7614295,25742.7614295,25742.7614295,25742.7614295,25742.7614295,25742.7614295,25742.7614295,25742.7614295,25742.7614295,25742.7614295,25742.7614295,25742.7614295,25742.7614295,25742.7614295,25742.7614295,25742.7614295,25742.7614295,25742.7614295,25742.7614295,25742.7614295,25742.7614295,25742.7614295,25742.7614295,25742.7614295,25742.7614295,25742.7614295,25742.7614295,25742.7614295,25742.7614295,25742.7614295,25742.7614295,25742.7614295,25742.7614295,25742.7614295,25742.7614295,25742.7614295,25742.7614295,25742.7614295,25742.7614295,25742.7614295,25742.7614295,25742.7614295,25742.7614295,25742.7614295,25742.7614295,25742.7614295,25742.7614295,25742.7614295,25742.7614295,25742.7614295,25742.7614295,25742.7614295,25742.7614295,25742.7614295,25742.7614295,25742.7614295,25742.7614295,25742.7614295,25742.7614295,25742.7614295,25742.7614295,25742.7614295,25742.7614295,25742.7614295,25742.7614295,25742.7614295,25742.7614295,25742.7614295,25742.7614295,25742.7614295,25742.7614295,25742.7614295,25742.7614295,25742.7614295,25742.7614295,25742.7614295,25742.7614295,25742.7614295,25742.7614295,25742.7614295,25742.7614295,25742.7614295,25742.7614295,25742.7614295,25742.7614295,25742.7614295,25742.7614295,25742.7614295,25742.7614295,25742.7614295,25742.7614295,25742.7614295,25742.7614295,25742.7614295,25742.7614295,25742.7614295,25742.7614295,25742.7614295,25742.7614295,25742.7614295,25742.7614295,25742.7614295,25742.7614295,25742.7614295,25742.7614295,25742.7614295,25742.7614295,25742.7614295,25742.7614295,25742.7614295,25742.7614295,25742.7614295,25742.7614295,25742.7614295,25742.7614295,25742.7614295,25742.7614295,25742.7614295,25742.7614295,25742.7614295,25742.7614295,25742.7614295,25742.7614295,25742.7614295,25742.7614295,25742.7614295,25742.7614295,25742.7614295,25742.7614295,25742.7614295,25742.7614295,25742.7614295,25742.7614295,25742.7614295,25742.7614295,25742.7614295,25742.7614295,25742.7614295,25742.7614295,25742.7614295,25742.7614295,25742.7614295,25742.7614295,25742.7614295,25742.7614295,25742.7614295,25742.7614295,25742.7614295,25742.7614295,25742.7614295,25742.7614295,25742.7614295,25742.7614295,25742.7614295,25742.7614295,25742.7614295,25742.7614295,25742.7614295,25742.7614295,25742.7614295,25742.7614295,25742.7614295,25742.7614295,25742.7614295,25742.7614295,25742.7614295,25742.7614295,25742.7614295,25742.7614295,25742.7614295,25742.7614295,25742.7614295,25742.7614295,25742.7614295,25742.7614295,25742.7614295,25742.7614295,25742.7614295,25742.7614295,25742.7614295,25742.7614295,25742.7614295,25742.7614295,25742.7614295,25742.7614295,25742.7614295,25742.7614295,25742.7614295,25742.7614295,25742.7614295,25742.7614295,25742.7614295,25742.7614295,25742.7614295,25742.7614295,25742.7614295,25742.7614295,25742.7614295,25742.7614295,25742.7614295,25742.7614295,25742.7614295,25742.7614295,25742.7614295,25742.7614295,25742.7614295,25742.7614295,25742.7614295,25742.7614295,25742.7614295,25742.7614295,25742.7614295,25742.7614295,25742.7614295,25742.7614295,25742.7614295,25742.7614295,25742.7614295,25742.7614295,25742.7614295,25742.7614295,25742.7614295,25742.7614295,25742.7614295,25742.7614295,25742.7614295,25742.7614295,25742.7614295,25742.7614295,25742.7614295,25742.7614295,25742.7614295,25742.7614295,25742.7614295,25742.7614295,25742.7614295,25742.7614295,25742.7614295,25742.7614295,25742.7614295,25742.7614295,25742.7614295,25742.7614295,25742.7614295,25742.7614295,25742.7614295,25742.7614295,25742.7614295,25742.7614295,25742.7614295,25742.7614295,25742.7614295,25742.7614295,25742.7614295,25742.7614295,25742.7614295,25742.7614295,25742.7614295,25742.7614295,25742.7614295,25742.7614295,25742.7614295,25742.7614295,25742.7614295,25742.7614295,25742.7614295,25742.7614295,25742.7614295,25742.7614295,25742.7614295,25742.7614295,25742.7614295,25742.7614295,25742.7614295,25742.7614295,25742.7614295,25742.7614295,25742.7614295,25742.7614295,25742.7614295,25742.7614295,25742.7614295,25742.7614295,25742.7614295,25742.7614295,25742.7614295,25742.7614295,25742.7614295,25742.7614295,25742.7614295,25742.7614295,25742.7614295,25742.7614295,25742.7614295,25742.7614295,25742.7614295,25742.7614295,25742.7614295,25742.7614295,25742.7614295,25742.7614295,25742.7614295,25742.7614295,25742.7614295,25742.7614295,25742.7614295,25742.7614295,25742.7614295,25742.7614295,25742.7614295,25742.7614295,25742.7614295,25742.7614295,25742.7614295,25742.7614295,25742.7614295,25742.7614295,25742.7614295,25742.7614295,25742.7614295,25742.7614295,25742.7614295,25742.7614295,25742.7614295,25742.7614295,25742.7614295,25742.7614295,25742.7614295,25742.7614295,25742.7614295,25742.7614295,25742.7614295,25742.7614295,25742.7614295,25742.7614295,25742.7614295,25742.7614295,25742.7614295,25742.7614295,25742.7614295,25742.7614295,25742.7614295,25742.7614295,25742.7614295,25742.7614295,25742.7614295,25742.7614295,25742.7614295,25742.7614295,25742.7614295,25742.7614295,25742.7614295,25742.7614295,25742.7614295,25742.7614295,25742.7614295,25742.7614295,25742.7614295,25742.7614295,25742.7614295,25742.7614295,25742.7614295,25742.7614295,25742.7614295,25742.7614295,25742.7614295,25742.7614295,25742.7614295,25742.7614295,25742.7614295,25742.7614295,25742.7614295,25742.7614295,25742.7614295,25742.7614295,25742.7614295,25742.7614295,25742.7614295,25742.7614295,25742.7614295,25742.7614295,25742.7614295,25742.7614295,25742.7614295,25742.7614295,25742.7614295,25742.7614295,25742.7614295,25742.7614295,25742.7614295,25742.7614295,25742.7614295,25742.7614295,25742.7614295,25742.7614295,25742.7614295,25742.7614295,25742.7614295,25742.7614295,25742.7614295,25742.7614295,25742.7614295,25742.7614295,25742.7614295,25742.7614295,25742.7614295,25742.7614295,25742.7614295,25742.7614295,25742.7614295,25742.7614295,25742.7614295,25742.7614295,25742.7614295,25742.7614295,25742.7614295,25742.7614295,25742.7614295,25742.7614295,25742.7614295,25742.7614295,25742.7614295,25742.7614295,25742.7614295,25742.7614295,25742.7614295,25742.7614295,25742.7614295,25742.7614295,25742.7614295,25742.7614295,25742.7614295,25742.7614295,25742.7614295,25742.7614295,25742.7614295,25742.7614295,25742.7614295,25742.7614295,25742.7614295,25742.7614295,25742.7614295,25742.7614295,25742.7614295,25742.7614295,25742.7614295,25742.7614295,25742.7614295,25742.7614295,25742.7614295,25742.7614295,25742.7614295,25742.7614295,25742.7614295,25742.7614295,25742.7614295,25742.7614295,25742.7614295,25742.7614295,25742.7614295,25742.7614295,25742.7614295,25742.7614295,25742.7614295,25742.7614295,25742.7614295,25742.7614295,25742.7614295,25742.7614295,25742.7614295,25742.7614295,25742.7614295,25742.7614295,25742.7614295,25742.7614295,25742.7614295,25742.7614295,25742.7614295,25742.7614295,25742.7614295,25742.7614295,25742.7614295,25742.7614295,25742.7614295,25742.7614295,25742.7614295,25742.7614295,25742.7614295,25742.7614295,25742.7614295,25742.7614295,25742.7614295,25742.7614295,25742.7614295,25742.7614295,25742.7614295,25742.7614295,25742.7614295,25742.7614295,25742.7614295,25742.7614295,25742.7614295,25742.7614295,25742.7614295,25742.7614295,25742.7614295,25742.7614295,25742.7614295,25742.7614295,25742.7614295,25742.7614295,25742.7614295,25742.7614295,25742.7614295,25742.7614295,25742.7614295,25742.7614295,25742.7614295,25742.7614295,25742.7614295,25742.7614295,25742.7614295,25742.7614295,25742.7614295,25742.7614295,25742.7614295,25742.7614295,25742.7614295,25742.7614295,25742.7614295,25742.7614295,25742.7614295,25742.7614295,25742.7614295,25742.7614295,25742.7614295,25742.7614295,25742.7614295,25742.7614295,25742.7614295,25742.7614295,25742.7614295,25742.7614295,25742.7614295,25742.7614295,25742.7614295,25742.7614295,25742.7614295,25742.7614295,25742.7614295,25742.7614295,25742.7614295,25742.7614295,25742.7614295,25742.7614295,25742.7614295,25742.7614295,25742.7614295,25742.7614295,25742.7614295,25742.7614295,25742.7614295,25742.7614295,25742.7614295,25742.7614295,25742.7614295,25742.7614295,25742.7614295,25742.7614295,25742.7614295,25742.7614295,25742.7614295,25742.7614295,25742.7614295,25742.7614295,25742.7614295,25742.7614295,25742.7614295,25742.7614295,25742.7614295,25742.7614295,25742.7614295,25742.7614295,25742.7614295,25742.7614295,25742.7614295,25742.7614295,25742.7614295,25742.7614295,25742.7614295,25742.7614295,25742.7614295,25742.7614295,25742.7614295,25742.7614295,25742.7614295,25742.7614295,25742.7614295,25742.7614295,25742.7614295,25742.7614295,25742.7614295,25742.7614295,25742.7614295,25742.7614295,25742.7614295,25742.7614295,25742.7614295,25742.7614295,25742.7614295,25742.7614295,25742.7614295,25742.7614295,25742.7614295,25742.7614295,25742.7614295,25742.7614295,25742.7614295,25742.7614295,25742.7614295,25742.7614295,25742.7614295,25742.7614295,25742.7614295,25742.7614295,25742.7614295,25742.7614295,25742.7614295,25742.7614295,25742.7614295,25742.7614295,25742.7614295,25742.7614295,25742.7614295,25742.7614295,25742.7614295,25742.7614295,25742.7614295,25742.7614295,25742.7614295,25742.7614295,25742.7614295,25742.7614295,25742.7614295,25742.7614295,25742.7614295,25742.7614295,25742.7614295,25742.7614295,25742.7614295,25742.7614295,25742.7614295,25742.7614295,25742.7614295,25742.7614295,25742.7614295,25742.7614295,25742.7614295,25742.7614295,25742.7614295,25742.7614295,25742.7614295,25742.7614295,25742.7614295,25742.7614295,25742.7614295,25742.7614295,25742.7614295,25742.7614295,25742.7614295,25742.7614295,25742.7614295,25742.7614295,25742.7614295,25742.7614295,25742.7614295,25742.7614295,25742.7614295,25742.7614295,25742.7614295,25742.7614295,25742.7614295,25742.7614295,25742.7614295,25742.7614295,25742.7614295,25742.7614295,25742.7614295,25742.7614295,25742.7614295,25742.7614295,25742.7614295,25742.7614295,25742.7614295,25742.7614295,25742.7614295,25742.7614295,25742.7614295,25742.7614295,25742.7614295,25742.7614295,25742.7614295,25742.7614295,25742.7614295,25742.7614295,25742.7614295,25742.7614295,25742.7614295,25742.7614295,25742.7614295,25742.7614295,25742.7614295,25742.7614295,25742.7614295,25742.7614295,25742.7614295,25742.7614295,25742.7614295,25742.7614295,25742.7614295,25742.7614295,25742.7614295,25742.7614295,25742.7614295,25742.7614295,25742.7614295,25742.7614295,25742.7614295,25742.7614295,25742.7614295,25742.7614295,25742.7614295,25742.7614295,25742.7614295,25742.7614295,25742.7614295,25742.7614295,25742.7614295,25742.7614295,25742.7614295,25742.7614295,25742.7614295,25742.7614295,25742.7614295,25742.7614295,25742.7614295,25742.7614295,25742.7614295,25742.7614295,25742.7614295,25742.7614295,25742.7614295,25742.7614295,25742.7614295,25742.7614295,25742.7614295,25742.7614295,25742.7614295,25742.7614295,25742.7614295,25742.7614295,25742.7614295,25742.7614295,25742.7614295,25742.7614295,25742.7614295,25742.7614295,25742.7614295,25742.7614295,25742.7614295,25742.7614295,25742.7614295,25742.7614295,25742.7614295,25742.7614295,25742.7614295,25742.7614295,25742.7614295,25742.7614295,25742.7614295,25742.7614295,25742.7614295,25742.7614295,25742.7614295,25742.7614295,25742.7614295,25742.7614295,25742.7614295,25742.7614295,25742.7614295,25742.7614295,25742.7614295,25742.7614295,25742.7614295,25742.7614295,25742.7614295,25742.7614295,25742.7614295,25742.7614295,25742.7614295,25742.7614295,25742.7614295,25742.7614295,25742.7614295,25742.7614295,25742.7614295,25742.7614295,25742.7614295,25742.7614295,25742.7614295,25742.7614295,25742.7614295,25742.7614295,25742.7614295,25742.7614295,25742.7614295,25742.7614295,25742.7614295,25742.7614295,25742.7614295,25742.7614295,25742.7614295,25742.7614295,25742.7614295,25742.7614295,25742.7614295,25742.7614295,25742.7614295,25742.7614295,25742.7614295,25742.7614295,25742.7614295,25742.7614295,25742.7614295,25742.7614295,25742.7614295,25742.7614295,25742.7614295,25742.7614295,25742.7614295,25742.7614295,25742.7614295,25742.7614295,25742.7614295,25742.7614295,25742.7614295,25742.7614295,25742.7614295,25742.7614295,25742.7614295,25742.7614295,25742.7614295,25742.7614295,25742.7614295,25742.7614295,25742.7614295,25742.7614295,25742.7614295,25742.7614295,25742.7614295,25742.7614295,25742.7614295,25742.7614295,25742.7614295,25742.7614295,25742.7614295,25742.7614295,25742.7614295,25742.7614295,25742.7614295,25742.7614295,25742.7614295,25742.7614295,25742.7614295,25742.7614295,25742.7614295,25742.7614295,25742.7614295,25742.7614295,25742.7614295,25742.7614295,25742.7614295,25742.7614295,25742.7614295,25742.7614295,25742.7614295,25742.7614295,25742.7614295,25742.7614295,25742.7614295,25742.7614295,25742.7614295,25742.7614295,25742.7614295,25742.7614295,25742.7614295,25742.7614295,25742.7614295,25742.7614295,25742.7614295,25742.7614295,25742.7614295,25742.7614295,25742.7614295,25742.7614295,25742.7614295,25742.7614295,25742.7614295,25742.7614295,25742.7614295,25742.7614295,25742.7614295,25742.7614295,25742.7614295,25742.7614295,25742.7614295,25742.7614295,25742.7614295,25742.7614295,25742.7614295,25742.7614295,25742.7614295,25742.7614295,25742.7614295,25742.7614295,25742.7614295,25742.7614295,25742.7614295,25742.7614295,25742.7614295,25742.7614295,25742.7614295,25742.7614295,25742.7614295,25742.7614295,25742.7614295,25742.7614295,25742.7614295,25742.7614295,25742.7614295,25742.7614295,25742.7614295,25742.7614295,25742.7614295,25742.7614295,25742.7614295,25742.7614295,25742.7614295,25742.7614295,25742.7614295,25742.7614295,25742.7614295,25742.7614295,25742.7614295,25742.7614295,25742.7614295,25742.7614295,25742.7614295,25742.7614295,25742.7614295,25742.7614295,25742.7614295,25742.7614295,25742.7614295,25742.7614295,25742.7614295,25742.7614295,25742.7614295,25742.7614295,25742.7614295,25742.7614295,25742.7614295,25742.7614295,25742.7614295,25742.7614295,25742.7614295,25742.7614295,25742.7614295,25742.7614295,25742.7614295,25742.7614295,25742.7614295,25742.7614295,25742.7614295,25742.7614295,25742.7614295,25742.7614295,25742.7614295,25742.7614295,25742.7614295,25742.7614295,25742.7614295,25742.7614295,25742.7614295,25742.7614295,25742.7614295,25742.7614295,25742.7614295,25742.7614295,25742.7614295,25742.7614295,25742.7614295,25742.7614295,25742.7614295,25742.7614295,25742.7614295,25742.7614295,25742.7614295,25742.7614295,25742.7614295,25742.7614295,25742.7614295,25742.7614295,25742.7614295,25742.7614295,25742.7614295,25742.7614295,25742.7614295,25742.7614295,25742.7614295,25742.7614295,25742.7614295,25742.7614295,25742.7614295,25742.7614295,25742.7614295,25742.7614295,25742.7614295,25742.7614295,25742.7614295,25742.7614295,25742.7614295,25742.7614295,25742.7614295,25742.7614295,25742.7614295,25742.7614295,25742.7614295,25742.7614295,25742.7614295,25742.7614295,25742.7614295,25742.7614295,25742.7614295,25742.7614295,25742.7614295,25742.7614295,25742.7614295,25742.7614295,25742.7614295,25742.7614295,25742.7614295,25742.7614295,25742.7614295,25742.7614295,25742.7614295,25742.7614295,25742.7614295,25742.7614295,25742.7614295,25742.7614295,25742.7614295,25742.7614295,25742.7614295,25742.7614295,25742.7614295,25742.7614295,25742.7614295,25742.7614295,25742.7614295,25742.7614295,25742.7614295,25742.7614295,25742.7614295,25742.7614295,25742.7614295,25742.7614295,25742.7614295,25742.7614295,25742.7614295,25742.7614295,25742.7614295,25742.7614295,25742.7614295,25742.7614295,25742.7614295,25742.7614295,25742.7614295,25742.7614295,25742.7614295,25742.7614295,25742.7614295,25742.7614295,25742.7614295,25742.7614295,25742.7614295,25742.7614295,25742.7614295,25742.7614295,25742.7614295,25742.7614295,25742.7614295,25742.7614295,25742.7614295,25742.7614295,25742.7614295,25742.7614295,25742.7614295,25742.7614295,25742.7614295,25742.7614295,25742.7614295,25742.7614295,25742.7614295,25742.7614295,25742.7614295,25742.7614295,25742.7614295,25742.7614295,25742.7614295,25742.7614295,25742.7614295,25742.7614295,25742.7614295,25742.7614295,25742.7614295,25742.7614295,25742.7614295,25742.7614295,25742.7614295,25742.7614295,25742.7614295,25742.7614295,25742.7614295,25742.7614295,25742.7614295,25742.7614295,25742.7614295,25742.7614295,25742.7614295,25742.7614295,25742.7614295,25742.7614295,25742.7614295,25742.7614295,25742.7614295,25742.7614295,25742.7614295,25742.7614295,25742.7614295,25742.7614295,25742.7614295,25742.7614295,25742.7614295,25742.7614295,25742.7614295,25742.7614295,25742.7614295,25742.7614295,25742.7614295,25742.7614295,25742.7614295,25742.7614295,25742.7614295,25742.7614295,25742.7614295,25742.7614295,25742.7614295,25742.7614295,25742.7614295,25742.7614295,25742.7614295,25742.7614295,25742.7614295,25742.7614295,25742.7614295,25742.7614295,25742.7614295,25742.7614295,25742.7614295,25742.7614295,25742.7614295,25742.7614295,25742.7614295,25742.7614295,25742.7614295,25742.7614295,25742.7614295,25742.7614295,25742.7614295,25742.7614295,25742.7614295,25742.7614295,25742.7614295,25742.7614295,25742.7614295,25742.7614295,25742.7614295,25742.7614295,25742.7614295,25742.7614295,25742.7614295,25742.7614295,25742.7614295,25742.7614295,25742.7614295,25742.7614295,25742.7614295,25742.7614295,25742.7614295,25742.7614295,25742.7614295,25742.7614295,25742.7614295,25742.7614295,25742.7614295,25742.7614295,25742.7614295,25742.7614295,25742.7614295,25742.7614295,25742.7614295,25742.7614295,25742.7614295,25742.7614295,25742.7614295,25742.7614295,25742.7614295,25742.7614295,25742.7614295,25742.7614295,25742.7614295,25742.7614295,25742.7614295,25742.7614295,25742.7614295,25742.7614295,25742.7614295,25742.7614295,25742.7614295,25742.7614295,25742.7614295,25742.7614295,25742.7614295,25742.7614295,25742.7614295,25742.7614295,25742.7614295,25742.7614295,25742.7614295,25742.7614295,25742.7614295,25742.7614295,25742.7614295,25742.7614295,25742.7614295,25742.7614295,25742.7614295,25742.7614295,25742.7614295,25742.7614295,25742.7614295,25742.7614295,25742.7614295,25742.7614295,25742.7614295,25742.7614295,25742.7614295,25742.7614295,25742.7614295,25742.7614295,25742.7614295,25742.7614295,25742.7614295,25742.7614295,25742.7614295,25742.7614295,25742.7614295,25742.7614295,25742.7614295,25742.7614295,25742.7614295,25742.7614295,25742.7614295,25742.7614295,25742.7614295,25742.7614295,25742.7614295,25742.7614295,25742.7614295,25742.7614295,25742.7614295,25742.7614295,25742.7614295,25742.7614295,25742.7614295,25742.7614295,25742.7614295,25742.7614295,25742.7614295,25742.7614295,25742.7614295,25742.7614295,25742.7614295,25742.7614295,25742.7614295,25742.7614295,25742.7614295,25742.7614295,25742.7614295,25742.7614295,25742.7614295,25742.7614295,25742.7614295,25742.7614295,25742.7614295,25742.7614295,25742.7614295,25742.7614295,25742.7614295,25742.7614295,25742.7614295,25742.7614295,25742.7614295,25742.7614295,25742.7614295,25742.7614295,25742.7614295,25742.7614295,25742.7614295,25742.7614295,25742.7614295,25742.7614295,25742.7614295,25742.7614295,25742.7614295,25742.7614295,25742.7614295,25742.7614295,25742.7614295,25742.7614295,25742.7614295,25742.7614295,25742.7614295,25742.7614295,25742.7614295,25742.7614295,25742.7614295,25742.7614295,25742.7614295,25742.7614295,25742.7614295,25742.7614295,25742.7614295,25742.7614295,25742.7614295,25742.7614295,25742.7614295,25742.7614295,25742.7614295,25742.7614295,25742.7614295,25742.7614295,25742.7614295,25742.7614295,25742.7614295,25742.7614295,25742.7614295,25742.7614295,25742.7614295,25742.7614295,25742.7614295,25742.7614295,25742.7614295,25742.7614295,25742.7614295,25742.7614295,25742.7614295,25742.7614295,25742.7614295,25742.7614295,25742.7614295,25742.7614295,25742.7614295,25742.7614295,25742.7614295,25742.7614295,25742.7614295,25742.7614295,25742.7614295,25742.7614295,25742.7614295,25742.7614295,25742.7614295,25742.7614295,25742.7614295,25742.7614295,25742.7614295,25742.7614295,25742.7614295,25742.7614295,25742.7614295,25742.7614295,25742.7614295,25742.7614295,25742.7614295,25742.7614295,25742.7614295,25742.7614295,25742.7614295,25742.7614295,25742.7614295,25742.7614295,25742.7614295,25742.7614295,25742.7614295,25742.7614295,25742.7614295,25742.7614295,25742.7614295,25742.7614295,25742.7614295,25742.7614295,25742.7614295,25742.7614295,25742.7614295,25742.7614295,25742.7614295,25742.7614295,25742.7614295,25742.7614295,25742.7614295,25742.7614295,25742.7614295,25742.7614295,25742.7614295,25742.7614295,25742.7614295,25742.7614295,25742.7614295,25742.7614295,25742.7614295,25742.7614295,25742.7614295,25742.7614295,25742.7614295,25742.7614295,25742.7614295,25742.7614295,25742.7614295,25742.7614295,25742.7614295,25742.7614295,25742.7614295,25742.7614295,25742.7614295,25742.7614295,25742.7614295,25742.7614295,25742.7614295,25742.7614295,25742.7614295,25742.7614295,25742.7614295,25742.7614295,25742.7614295,25742.7614295,25742.7614295,25742.7614295,25742.7614295,25742.7614295,25742.7614295,25742.7614295,25742.7614295,25742.7614295,25742.7614295,25742.7614295,25742.7614295,25742.7614295,25742.7614295,25742.7614295,25742.7614295,25742.7614295,25742.7614295,25742.7614295,25742.7614295,25742.7614295,25742.7614295,25742.7614295,25742.7614295,25742.7614295,25742.7614295,25742.7614295,25742.7614295,25742.7614295,25742.7614295,25742.7614295,25742.7614295,25742.7614295,25742.7614295,25742.7614295,25742.7614295,25742.7614295,25742.7614295,25742.7614295,25742.7614295,25742.7614295,25742.7614295,25742.7614295,25742.7614295,25742.7614295,25742.7614295,25742.7614295,25742.7614295,25742.7614295,25742.7614295,25742.7614295,25742.7614295,25742.7614295,25742.7614295,25742.7614295,25742.7614295,25742.7614295,25742.7614295,25742.7614295,25742.7614295,25742.7614295,25742.7614295,25742.7614295,25742.7614295,25742.7614295,25742.7614295,25742.7614295,25742.7614295,25742.7614295,25742.7614295,25742.7614295,25742.7614295,25742.7614295,25742.7614295,25742.7614295,25742.7614295,25742.7614295,25742.7614295,25742.7614295,25742.7614295,25742.7614295,25742.7614295,25742.7614295,25742.7614295,25742.7614295,25742.7614295,25742.7614295,25742.7614295,25742.7614295,25742.7614295,25742.7614295,25742.7614295,25742.7614295,25742.7614295,25742.7614295,25742.7614295,25742.7614295,25742.7614295,25742.7614295,25742.7614295,25742.7614295,25742.7614295,25742.7614295,25742.7614295,25742.7614295,25742.7614295,25742.7614295,25742.7614295,25742.7614295,25742.7614295,25742.7614295,25742.7614295,25742.7614295,25742.7614295,25742.7614295,25742.7614295,25742.7614295,25742.7614295,25742.7614295,25742.7614295,25742.7614295,25742.7614295,25742.7614295,25742.7614295,25742.7614295,25742.7614295,25742.7614295,25742.7614295,25742.7614295,25742.7614295,25742.7614295,25742.7614295,25742.7614295,25742.7614295,25742.7614295,25742.7614295,25742.7614295,25742.7614295,25742.7614295,25742.7614295,25742.7614295,25742.7614295,25742.7614295,25742.7614295,25742.7614295,25742.7614295,25742.7614295,25742.7614295,25742.7614295,25742.7614295,25742.7614295,25742.7614295,25742.7614295,25742.7614295,25742.7614295,25742.7614295,25742.7614295,25742.7614295,25742.7614295,25742.7614295,25742.7614295,25742.7614295,25742.7614295,25742.7614295,25742.7614295,25742.7614295,25742.7614295,25742.7614295,25742.7614295,25742.7614295,25742.7614295,25742.7614295,25742.7614295,25742.7614295,25742.7614295,25742.7614295,25742.7614295,25742.7614295,25742.7614295,25742.7614295,25742.7614295,25742.7614295,25742.7614295,25742.7614295,25742.7614295,25742.7614295,25742.7614295,25742.7614295,25742.7614295,25742.7614295,25742.7614295,25742.7614295,25742.7614295,25742.7614295,25742.7614295,25742.7614295,25742.7614295,25742.7614295,25742.7614295,25742.7614295,25742.7614295,25742.7614295,25742.7614295,25742.7614295,25742.7614295,25742.7614295,25742.7614295,25742.7614295,25742.7614295,25742.7614295,25742.7614295,25742.7614295,25742.7614295,25742.7614295,25742.7614295,25742.7614295,25742.7614295,25742.7614295,25742.7614295,25742.7614295,25742.7614295,25742.7614295,25742.7614295,25742.7614295,25742.7614295,25742.7614295,25742.7614295,25742.7614295,25742.7614295,25742.7614295,25742.7614295,25742.7614295,25742.7614295,25742.7614295,25742.7614295,25742.7614295,25742.7614295,25742.7614295,25742.7614295,25742.7614295,25742.7614295,25742.7614295,25742.7614295,25742.7614295,25742.7614295,25742.7614295,25742.7614295,25742.7614295,25742.7614295,25742.7614295,25742.7614295,25742.7614295,25742.7614295,25742.7614295,25742.7614295,25742.7614295,25742.7614295,25742.7614295,25742.7614295,25742.7614295,25742.7614295,25742.7614295,25742.7614295,25742.7614295,25742.7614295,25742.7614295,25742.7614295,25742.7614295,25742.7614295,25742.7614295,25742.7614295,25742.7614295,25742.7614295,25742.7614295,25742.7614295,25742.7614295,25742.7614295,25742.7614295,25742.7614295,25742.7614295,25742.7614295,25742.7614295,25742.7614295,25742.7614295,25742.7614295,25742.7614295,25742.7614295,25742.7614295,25742.7614295,25742.7614295,25742.7614295,25742.7614295,25742.7614295,25742.7614295,25742.7614295,25742.7614295,25742.7614295,25742.7614295,25742.7614295,25742.7614295,25742.7614295,25742.7614295,25742.7614295,25742.7614295,25742.7614295,25742.7614295,25742.7614295,25742.7614295,25742.7614295,25742.7614295,25742.7614295,25742.7614295,25742.7614295,25742.7614295,25742.7614295,25742.7614295,25742.7614295,25742.7614295,25742.7614295,25742.7614295,25742.7614295,25742.7614295,25742.7614295,25742.7614295,25742.7614295,25742.7614295,25742.7614295,25742.7614295,25742.7614295,25742.7614295,25742.7614295,25742.7614295,25742.7614295,25742.7614295,25742.7614295,25742.7614295,25742.7614295,25742.7614295,25742.7614295,25742.7614295,25742.7614295,25742.7614295,25742.7614295,25742.7614295,25742.7614295,25742.7614295,25742.7614295,25742.7614295,25742.7614295,25742.7614295,25742.7614295,25742.7614295,25742.7614295,25742.7614295,25742.7614295,25742.7614295,25742.7614295,25742.7614295,25742.7614295,25742.7614295,25742.7614295,25742.7614295,25742.7614295,25742.7614295,25742.7614295,25742.7614295,25742.7614295,25742.7614295,25742.7614295,25742.7614295,25742.7614295,25742.7614295,25742.7614295,25742.7614295,25742.7614295,25742.7614295,25742.7614295,25742.7614295,25742.7614295,25742.7614295,25742.7614295,25742.7614295,25742.7614295,25742.7614295,25742.7614295,25742.7614295,25742.7614295,25742.7614295,25742.7614295,25742.7614295,25742.7614295,25742.7614295,25742.7614295,25742.7614295,25742.7614295,25742.7614295,25742.7614295,25742.7614295,25742.7614295,25742.7614295,25742.7614295,25742.7614295,25742.7614295,25742.7614295,25742.7614295,25742.7614295,25742.7614295,25742.7614295,25742.7614295,25742.7614295,25742.7614295,25742.7614295,25742.7614295,25742.7614295,25742.7614295,25742.7614295,25742.7614295,25742.7614295,25742.7614295,25742.7614295,25742.7614295,25742.7614295,25742.7614295,25742.7614295,25742.7614295,25742.7614295,25742.7614295,25742.7614295,25742.7614295,25742.7614295,25742.7614295,25742.7614295,25742.7614295,25742.7614295,25742.7614295,25742.7614295,25742.7614295,25742.7614295,25742.7614295,25742.7614295,25742.7614295,25742.7614295,25742.7614295,25742.7614295,25742.7614295,25742.7614295,25742.7614295,25742.7614295,25742.7614295,25742.7614295,25742.7614295,25742.7614295,25742.7614295,25742.7614295,25742.7614295,25742.7614295,25742.7614295,25742.7614295,25742.7614295,25742.7614295,25742.7614295,25742.7614295,25742.7614295,25742.7614295,25742.7614295,25742.7614295,25742.7614295,25742.7614295,25742.7614295,25742.7614295,25742.7614295,25742.7614295,25742.7614295,25742.7614295,25742.7614295,25742.7614295,25742.7614295,25742.7614295,25742.7614295,25742.7614295,25742.7614295,25742.7614295,25742.7614295,25742.7614295,25742.7614295,25742.7614295,25742.7614295,25742.7614295,25742.7614295,25742.7614295,25742.7614295,25742.7614295,25742.7614295,25742.7614295,25742.7614295,25742.7614295,25742.7614295,25742.7614295,25742.7614295,25742.7614295,25742.7614295,25742.7614295,25742.7614295,25742.7614295,25742.7614295,25742.7614295,25742.7614295,25742.7614295,25742.7614295,25742.7614295,25742.7614295,25742.7614295,25742.7614295,25742.7614295,25742.7614295,25742.7614295,25742.7614295,25742.7614295,25742.7614295,25742.7614295,25742.7614295,25742.7614295,25742.7614295,25742.7614295,25742.7614295,25742.7614295,25742.7614295,25742.7614295,25742.7614295,25742.7614295,25742.7614295,25742.7614295,25742.7614295,25742.7614295,25742.7614295,25742.7614295,25742.7614295,25742.7614295,25742.7614295,25742.7614295,25742.7614295,25742.7614295,25742.7614295,25742.7614295,25742.7614295,25742.7614295,25742.7614295,25742.7614295,25742.7614295,25742.7614295,25742.7614295,25742.7614295,25742.7614295,25742.7614295,25742.7614295,25742.7614295,25742.7614295,25742.7614295,25742.7614295,25742.7614295,25742.7614295,25742.7614295,25742.7614295,25742.7614295,25742.7614295,25742.7614295,25742.7614295,25742.7614295,25742.7614295,25742.7614295,25742.7614295,25742.7614295,25742.7614295,25742.7614295,25742.7614295,25742.7614295,25742.7614295,25742.7614295,25742.7614295,25742.7614295,25742.7614295,25742.7614295,25742.7614295,25742.7614295,25742.7614295,25742.7614295,25742.7614295,25742.7614295,25742.7614295,25742.7614295,25742.7614295,25742.7614295,25742.7614295,25742.7614295,25742.7614295,25742.7614295,25742.7614295,25742.7614295,25742.7614295,25742.7614295,25742.7614295,25742.7614295,25742.7614295,25742.7614295,25742.7614295,25742.7614295,25742.7614295,25742.7614295,25742.7614295,25742.7614295,25742.7614295,25742.7614295,25742.7614295,25742.7614295,25742.7614295,25742.7614295,25742.7614295,25742.7614295,25742.7614295,25742.7614295,25742.7614295,25742.7614295,25742.7614295,25742.7614295,25742.7614295,25742.7614295,25742.7614295,25742.7614295,25742.7614295,25742.7614295,25742.7614295,25742.7614295,25742.7614295,25742.7614295,25742.7614295,25742.7614295,25742.7614295,25742.7614295,25742.7614295,25742.7614295,25742.7614295,25742.7614295,25742.7614295,25742.7614295,25742.7614295,25742.7614295,25742.7614295,25742.7614295,25742.7614295,25742.7614295,25742.7614295,25742.7614295,25742.7614295,25742.7614295,25742.7614295,25742.7614295,25742.7614295,25742.7614295,25742.7614295,25742.7614295,25742.7614295,25742.7614295,25742.7614295,25742.7614295,25742.7614295,25742.7614295,25742.7614295,25742.7614295,25742.7614295,25742.7614295,25742.7614295,25742.7614295,25742.7614295,25742.7614295,25742.7614295,25742.7614295,25742.7614295,25742.7614295,25742.7614295,25742.7614295,25742.7614295,25742.7614295,25742.7614295,25742.7614295,25742.7614295,25742.7614295,25742.7614295,25742.7614295,25742.7614295,25742.7614295,25742.7614295,25742.7614295,25742.7614295,25742.7614295,25742.7614295,25742.7614295,25742.7614295,25742.7614295,25742.7614295,25742.7614295,25742.7614295,25742.7614295,25742.7614295,25742.7614295,25742.7614295,25742.7614295,25742.7614295,25742.7614295,25742.7614295,25742.7614295,25742.7614295,25742.7614295,25742.7614295,25742.7614295,25742.7614295,25742.7614295,25742.7614295,25742.7614295,25742.7614295,25742.7614295,25742.7614295,25742.7614295,25742.7614295,25742.7614295,25742.7614295,25742.7614295,25742.7614295,25742.7614295,25742.7614295,25742.7614295,25742.7614295,25742.7614295,25742.7614295,25742.7614295,25742.7614295,25742.7614295,25742.7614295,25742.7614295,25742.7614295,25742.7614295,25742.7614295,25742.7614295,25742.7614295,25742.7614295,25742.7614295,25742.7614295,25742.7614295,25742.7614295,25742.7614295,25742.7614295,25742.7614295,25742.7614295,25742.7614295,25742.7614295,25742.7614295,25742.7614295,25742.7614295,25742.7614295,25742.7614295,25742.7614295,25742.7614295,25742.7614295,25742.7614295,25742.7614295,25742.7614295,25742.7614295,25742.7614295,25742.7614295,25742.7614295,25742.7614295,25742.7614295,25742.7614295,25742.7614295,25742.7614295,25742.7614295,25742.7614295,25742.7614295,25742.7614295,25742.7614295,25742.7614295,25742.7614295,25742.7614295,25742.7614295,25742.7614295,25742.7614295,25742.7614295,25742.7614295,25742.7614295,25742.7614295,25742.7614295,25742.7614295,25742.7614295,25742.7614295,25742.7614295,25742.7614295,25742.7614295,25742.7614295,25742.7614295,25742.7614295,25742.7614295,25742.7614295,25742.7614295,25742.7614295,25742.7614295,25742.7614295,25742.7614295,25742.7614295,25742.7614295,25742.7614295,25742.7614295,25742.7614295,25742.7614295,25742.7614295,25742.7614295,25742.7614295,25742.7614295,25742.7614295,25742.7614295,25742.7614295,25742.7614295,25742.7614295,25742.7614295,25742.7614295,25742.7614295,25742.7614295,25742.7614295,25742.7614295,25742.7614295,25742.7614295,25742.7614295,25742.7614295,25742.7614295,25742.7614295,25742.7614295,25742.7614295,25742.7614295,25742.7614295,25742.7614295,25742.7614295,25742.7614295,25742.7614295,25742.7614295,25742.7614295,25742.7614295,25742.7614295,25742.7614295,25742.7614295,25742.7614295,25742.7614295,25742.7614295,25742.7614295,25742.7614295,25742.7614295,25742.7614295,25742.7614295,25742.7614295,25742.7614295,25742.7614295,25742.7614295,25742.7614295,25742.7614295,25742.7614295,25742.7614295,25742.7614295,25742.7614295,25742.7614295,25742.7614295,25742.7614295,25742.7614295,25742.7614295,25742.7614295,25742.7614295,25742.7614295,25742.7614295,25742.7614295,25742.7614295,25742.7614295,25742.7614295,25742.7614295,25742.7614295,25742.7614295,25742.7614295,25742.7614295,25742.7614295,25742.7614295,25742.7614295,25742.7614295,25742.7614295,25742.7614295,25742.7614295,25742.7614295,25742.7614295,25742.7614295,25742.7614295,25742.7614295,25742.7614295,25742.7614295,25742.7614295,25742.7614295,25742.7614295,25742.7614295,25742.7614295,25742.7614295,25742.7614295,25742.7614295,25742.7614295,25742.7614295,25742.7614295,25742.7614295,25742.7614295,25742.7614295,25742.7614295,25742.7614295,25742.7614295,25742.7614295,25742.7614295,25742.7614295,25742.7614295,25742.7614295,25742.7614295,25742.7614295,25742.7614295,25742.7614295,25742.7614295,25742.7614295,25742.7614295,25742.7614295,25742.7614295,25742.7614295,25742.7614295,25742.7614295,25742.7614295,25742.7614295,25742.7614295,25742.7614295,25742.7614295,25742.7614295,25742.7614295,25742.7614295,25742.7614295,25742.7614295,25742.7614295,25742.7614295,25742.7614295,25742.7614295,25742.7614295,25742.7614295,25742.7614295,25742.7614295,25742.7614295,25742.7614295,25742.7614295,25742.7614295,25742.7614295,25742.7614295,25742.7614295,25742.7614295,25742.7614295,25742.7614295,25742.7614295,25742.7614295,25742.7614295,25742.7614295,25742.7614295,25742.7614295,25742.7614295,25742.7614295,25742.7614295,25742.7614295,25742.7614295,25742.7614295,25742.7614295,25742.7614295,25742.7614295,25742.7614295,25742.7614295,25742.7614295,25742.7614295,25742.7614295,25742.7614295,25742.7614295,25742.7614295,25742.7614295,25742.7614295,25742.7614295,25742.7614295,25742.7614295,25742.7614295,25742.7614295,25742.7614295,25742.7614295,25742.7614295,25742.7614295,25742.7614295,25742.7614295,25742.7614295,25742.7614295,25742.7614295,25742.7614295,25742.7614295,25742.7614295,25742.7614295,25742.7614295,25742.7614295,25742.7614295,25742.7614295,25742.7614295,25742.7614295,25742.7614295,25742.7614295,25742.7614295,25742.7614295,25742.7614295,25742.7614295,25742.7614295,25742.7614295,25742.7614295,25742.7614295,25742.7614295,25742.7614295,25742.7614295,25742.7614295,25742.7614295,25742.7614295,25742.7614295,25742.7614295,25742.7614295,25742.7614295,25742.7614295,25742.7614295,25742.7614295,25742.7614295,25742.7614295,25742.7614295,25742.7614295,25742.7614295,25742.7614295,25742.7614295,25742.7614295,25742.7614295,25742.7614295,25742.7614295,25742.7614295,25742.7614295,25742.7614295,25742.7614295,25742.7614295,25742.7614295,25742.7614295,25742.7614295,25742.7614295,25742.7614295,25742.7614295,25742.7614295,25742.7614295,25742.7614295,25742.7614295,25742.7614295,25742.7614295,25742.7614295,25742.7614295,25742.7614295,25742.7614295,25742.7614295,25742.7614295,25742.7614295,25742.7614295,25742.7614295,25742.7614295,25742.7614295,25742.7614295,25742.7614295,25742.7614295,25742.7614295,25742.7614295,25742.7614295,25742.7614295,25742.7614295,25742.7614295,25742.7614295,25742.7614295,25742.7614295,25742.7614295,25742.7614295,25742.7614295,25742.7614295,25742.7614295,25742.7614295,25742.7614295,25742.7614295,25742.7614295,25742.7614295,25742.7614295,25742.7614295,25742.7614295,25742.7614295,25742.7614295,25742.7614295,25742.7614295,25742.7614295,25742.7614295,25742.7614295,25742.7614295,25742.7614295,25742.7614295,25742.7614295,25742.7614295,25742.7614295,25742.7614295,25742.7614295,25742.7614295,25742.7614295,25742.7614295,25742.7614295,25742.7614295,25742.7614295,25742.7614295,25742.7614295,25742.7614295,25742.7614295,25742.7614295,25742.7614295,25742.7614295,25742.7614295,25742.7614295,25742.7614295,25742.7614295,25742.7614295,25742.7614295,25742.7614295,25742.7614295,25742.7614295,25742.7614295,25742.7614295,25742.7614295,25742.7614295,25742.7614295,25742.7614295,25742.7614295,25742.7614295,25742.7614295,25742.7614295,25742.7614295,25742.7614295,25742.7614295,25742.7614295,25742.7614295,25742.7614295,25742.7614295,25742.7614295,25742.7614295,25742.7614295,25742.7614295,25742.7614295,25742.7614295,25742.7614295,25742.7614295,25742.7614295,25742.7614295,25742.7614295,25742.7614295,25742.7614295,25742.7614295,25742.7614295,25742.7614295,25742.7614295,25742.7614295,25742.7614295,25742.7614295,25742.7614295,25742.7614295,25742.7614295,25742.7614295,25742.7614295,25742.7614295,25742.7614295,25742.7614295,25742.7614295,25742.7614295,25742.7614295,25742.7614295,25742.7614295,25742.7614295,25742.7614295,25742.7614295,25742.7614295,25742.7614295,25742.7614295,25742.7614295,25742.7614295,25742.7614295,25742.7614295,25742.7614295,25742.7614295,25742.7614295,25742.7614295,25742.7614295,25742.7614295,25742.7614295,25742.7614295,25742.7614295,25742.7614295,25742.7614295,25742.7614295,25742.7614295,25742.7614295,25742.7614295,25742.7614295,25742.7614295,25742.7614295,25742.7614295,25742.7614295,25742.7614295,25742.7614295,25742.7614295,25742.7614295,25742.7614295,25742.7614295,25742.7614295,25742.7614295,25742.7614295,25742.7614295,25742.7614295,25742.7614295,25742.7614295,25742.7614295,25742.7614295,25742.7614295,25742.7614295,25742.7614295,25742.7614295,25742.7614295,25742.7614295,25742.7614295,25742.7614295,25742.7614295,25742.7614295,25742.7614295,25742.7614295,25742.7614295,25742.7614295,25742.7614295,25742.7614295,25742.7614295,25742.7614295,25742.7614295,25742.7614295,25742.7614295,25742.7614295,25742.7614295,25742.7614295,25742.7614295,25742.7614295,25742.7614295,25742.7614295,25742.7614295,25742.7614295,25742.7614295,25742.7614295,25742.7614295,25742.7614295,25742.7614295,25742.7614295,25742.7614295,25742.7614295,25742.7614295,25742.7614295,25742.7614295,25742.7614295,25742.7614295,25742.7614295,25742.7614295,25742.7614295,25742.7614295,25742.7614295,25742.7614295,25742.7614295,25742.7614295,25742.7614295,25742.7614295,25742.7614295,25742.7614295,25742.7614295,25742.7614295,25742.7614295,25742.7614295,25742.7614295,25742.7614295,25742.7614295,25742.7614295,25742.7614295,25742.7614295,25742.7614295,25742.7614295,25742.7614295,25742.7614295,25742.7614295,25742.7614295,25742.7614295,25742.7614295,25742.7614295,25742.7614295,25742.7614295,25742.7614295,25742.7614295,25742.7614295,25742.7614295,25742.7614295,25742.7614295,25742.7614295,25742.7614295,25742.7614295,25742.7614295,25742.7614295,25742.7614295,25742.7614295,25742.7614295,25742.7614295,25742.7614295,25742.7614295,25742.7614295,25742.7614295,25742.7614295,25742.7614295,25742.7614295,25742.7614295,25742.7614295,25742.7614295,25742.7614295,25742.7614295,25742.7614295,25742.7614295,25742.7614295,25742.7614295,25742.7614295,25742.7614295,25742.7614295,25742.7614295,25742.7614295,25742.7614295,25742.7614295,25742.7614295,25742.7614295,25742.7614295,25742.7614295,25742.7614295,25742.7614295,25742.7614295,25742.7614295,25742.7614295,25742.7614295,25742.7614295,25742.7614295,25742.7614295,25742.7614295,25742.7614295,25742.7614295,25742.7614295,25742.7614295,25742.7614295,25742.7614295,25742.7614295,25742.7614295,25742.7614295,25742.7614295,25742.7614295,25742.7614295,25742.7614295,25742.7614295,25742.7614295,25742.7614295,25742.7614295,25742.7614295,25742.7614295,25742.7614295,25742.7614295,25742.7614295,25742.7614295,25742.7614295,25742.7614295,25742.7614295,25742.7614295,25742.7614295,25742.7614295,25742.7614295,25742.7614295,25742.7614295,25742.7614295,25742.7614295,25742.7614295,25742.7614295,25742.7614295,25742.7614295,25742.7614295,25742.7614295,25742.7614295,25742.7614295,25742.7614295,25742.7614295,25742.7614295,25742.7614295,25742.7614295,25742.7614295,25742.7614295,25742.7614295,25742.7614295,25742.7614295,25742.7614295,25742.7614295,25742.7614295,25742.7614295,25742.7614295,25742.7614295,25742.7614295,25742.7614295,25742.7614295,25742.7614295,25742.7614295,25742.7614295,25742.7614295,25742.7614295,25742.7614295,25742.7614295,25742.7614295,25742.7614295,25742.7614295,25742.7614295,25742.7614295,25742.7614295,25742.7614295,25742.7614295,25742.7614295,25742.7614295,25742.7614295,25742.7614295,25742.7614295,25742.7614295,25742.7614295,25742.7614295,25742.7614295,25742.7614295,25742.7614295,25742.7614295,25742.7614295,25742.7614295,25742.7614295,25742.7614295,25742.7614295,25742.7614295,25742.7614295,25742.7614295,25742.7614295,25742.7614295,25742.7614295,25742.7614295,25742.7614295,25742.7614295,25742.7614295,25742.7614295,25742.7614295,25742.7614295,25742.7614295,25742.7614295,25742.7614295,25742.7614295,25742.7614295,25742.7614295,25742.7614295,25742.7614295,25742.7614295,25742.7614295,25742.7614295,25742.7614295,25742.7614295,25742.7614295,25742.7614295,25742.7614295,25742.7614295,25742.7614295,25742.7614295,25742.7614295,25742.7614295,25742.7614295,25742.7614295,25742.7614295,25742.7614295,25742.7614295,25742.7614295,25742.7614295,25742.7614295,25742.7614295,25742.7614295,25742.7614295,25742.7614295,25742.7614295,25742.7614295,25742.7614295,25742.7614295,25742.7614295,25742.7614295,25742.7614295,25742.7614295,25742.7614295,25742.7614295,25742.7614295,25742.7614295,25742.7614295,25742.7614295,25742.7614295,25742.7614295,25742.7614295,25742.7614295,25742.7614295,25742.7614295,25742.7614295,25742.7614295,25742.7614295,25742.7614295,25742.7614295,25742.7614295,25742.7614295,25742.7614295,25742.7614295,25742.7614295,25742.7614295,25742.7614295,25742.7614295,25742.7614295,25742.7614295,25742.7614295,25742.7614295,25742.7614295,25742.7614295,25742.7614295,25742.7614295,25742.7614295,25742.7614295,25742.7614295,25742.7614295,25742.7614295,25742.7614295,25742.7614295,25742.7614295,25742.7614295,25742.7614295,25742.7614295,25742.7614295,25742.7614295,25742.7614295,25742.7614295,25742.7614295,25742.7614295,25742.7614295,25742.7614295,25742.7614295,25742.7614295,25742.7614295,25742.7614295,25742.7614295,25742.7614295,25742.7614295,25742.7614295,25742.7614295,25742.7614295,25742.7614295,25742.7614295,25742.7614295,25742.7614295,25742.7614295,25742.7614295,25742.7614295,25742.7614295,25742.7614295,25742.7614295,25742.7614295,25742.7614295,25742.7614295,25742.7614295,25742.7614295,25742.7614295,25742.7614295,25742.7614295,25742.7614295,25742.7614295,25742.7614295,25742.7614295,25742.7614295,25742.7614295,25742.7614295,25742.7614295,25742.7614295,25742.7614295,25742.7614295,25742.7614295,25742.7614295,25742.7614295,25742.7614295,25742.7614295,25742.7614295,25742.7614295,25742.7614295,25742.7614295,25742.7614295,25742.7614295,25742.7614295,25742.7614295,25742.7614295,25742.7614295,25742.7614295,25742.7614295,25742.7614295,25742.7614295,25742.7614295,25742.7614295,25742.7614295,25742.7614295,25742.7614295,25742.7614295,25742.7614295,25742.7614295,25742.7614295,25742.7614295,25742.7614295,25742.7614295,25742.7614295,25742.7614295,25742.7614295,25742.7614295,25742.7614295,25742.7614295,25742.7614295,25742.7614295,25742.7614295,25742.7614295,25742.7614295,25742.7614295,25742.7614295,25742.7614295,25742.7614295,25742.7614295,25742.7614295,25742.7614295,25742.7614295,25742.7614295,25742.7614295,25742.7614295,25742.7614295,25742.7614295,25742.7614295,25742.7614295,25742.7614295,25742.7614295,25742.7614295,25742.7614295,25742.7614295,25742.7614295,25742.7614295,25742.7614295,25742.7614295,25742.7614295,25742.7614295,25742.7614295,25742.7614295,25742.7614295,25742.7614295,25742.7614295,25742.7614295,25742.7614295,25742.7614295,25742.7614295,25742.7614295,25742.7614295,25742.7614295,25742.7614295,25742.7614295,25742.7614295,25742.7614295,25742.7614295,25742.7614295,25742.7614295,25742.7614295,25742.7614295,25742.7614295,25742.7614295,25742.7614295,25742.7614295,25742.7614295,25742.7614295,25742.7614295,25742.7614295,25742.7614295,25742.7614295,25742.7614295,25742.7614295,25742.7614295,25742.7614295,25742.7614295,25742.7614295,25742.7614295,25742.7614295,25742.7614295,25742.7614295,25742.7614295,25742.7614295,25742.7614295,25742.7614295,25742.7614295,25742.7614295,25742.7614295,25742.7614295,25742.7614295,25742.7614295,25742.7614295,25742.7614295,25742.7614295,25742.7614295,25742.7614295,25742.7614295,25742.7614295,25742.7614295,25742.7614295,25742.7614295,25742.7614295,25742.7614295,25742.7614295,25742.7614295,25742.7614295,25742.7614295,25742.7614295,25742.7614295,25742.7614295,25742.7614295,25742.7614295,25742.7614295,25742.7614295,25742.7614295,25742.7614295,25742.7614295,25742.7614295,25742.7614295,25742.7614295,25742.7614295,25742.7614295,25742.7614295,25742.7614295,25742.7614295,25742.7614295,25742.7614295,25742.7614295,25742.7614295,25742.7614295,25742.7614295,25742.7614295,25742.7614295,25742.7614295,25742.7614295,25742.7614295,25742.7614295,25742.7614295,25742.7614295,25742.7614295,25742.7614295,25742.7614295,25742.7614295,25742.7614295,25742.7614295,25742.7614295,25742.7614295,25742.7614295,25742.7614295,25742.7614295,25742.7614295,25742.7614295,25742.7614295,25742.7614295,25742.7614295,25742.7614295,25742.7614295,25742.7614295,25742.7614295,25742.7614295,25742.7614295,25742.7614295,25742.7614295,25742.7614295,25742.7614295,25742.7614295,25742.7614295,25742.7614295,25742.7614295,25742.7614295,25742.7614295,25742.7614295,25742.7614295,25742.7614295,25742.7614295,25742.7614295,25742.7614295,25742.7614295,25742.7614295,25742.7614295,25742.7614295,25742.7614295,25742.7614295,25742.7614295,25742.7614295,25742.7614295,25742.7614295,25742.7614295,25742.7614295,25742.7614295,25742.7614295,25742.7614295,25742.7614295,25742.7614295,25742.7614295,25742.7614295,25742.7614295,25742.7614295,25742.7614295,25742.7614295,25742.7614295,25742.7614295,25742.7614295,25742.7614295,25742.7614295,25742.7614295,25742.7614295,25742.7614295,25742.7614295,25742.7614295,25742.7614295,25742.7614295,25742.7614295,25742.7614295,25742.7614295,25742.7614295,25742.7614295,25742.7614295,25742.7614295,25742.7614295,25742.7614295,25742.7614295,25742.7614295,25742.7614295,25742.7614295,25742.7614295,25742.7614295,25742.7614295,25742.7614295,25742.7614295,25742.7614295,25742.7614295,25742.7614295,25742.7614295,25742.7614295,25742.7614295,25742.7614295,25742.7614295,25742.7614295,25742.7614295,25742.7614295,25742.7614295,25742.7614295,25742.7614295,25742.7614295,25742.7614295,25742.7614295,25742.7614295,25742.7614295,25742.7614295,25742.7614295,25742.7614295,25742.7614295,25742.7614295,25742.7614295,25742.7614295,25742.7614295,25742.7614295,25742.7614295,25742.7614295,25742.7614295,25742.7614295,25742.7614295,25742.7614295,25742.7614295,25742.7614295,25742.7614295,25742.7614295,25742.7614295,25742.7614295,25742.7614295,25742.7614295,25742.7614295,25742.7614295,25742.7614295,25742.7614295,25742.7614295,25742.7614295,25742.7614295,25742.7614295,25742.7614295,25742.7614295,25742.7614295,25742.7614295,25742.7614295,25742.7614295,25742.7614295,25742.7614295,25742.7614295,25742.7614295,25742.7614295,25742.7614295,25742.7614295,25742.7614295,25742.7614295,25742.7614295,25742.7614295,25742.7614295,25742.7614295,25742.7614295,25742.7614295,25742.7614295,25742.7614295,25742.7614295,25742.7614295,25742.7614295,25742.7614295,25742.7614295,25742.7614295,25742.7614295,25742.7614295,25742.7614295,25742.7614295,25742.7614295,25742.7614295,25742.7614295,25742.7614295,25742.7614295,25742.7614295,25742.7614295,25742.7614295,25742.7614295,25742.7614295,25742.7614295,25742.7614295,25742.7614295,25742.7614295,25742.7614295,25742.7614295,25742.7614295,25742.7614295,25742.7614295,25742.7614295,25742.7614295,25742.7614295,25742.7614295,25742.7614295,25742.7614295,25742.7614295,25742.7614295,25742.7614295,25742.7614295,25742.7614295,25742.7614295,25742.7614295,25742.7614295,25742.7614295,25742.7614295,25742.7614295,25742.7614295,25742.7614295,25742.7614295,25742.7614295,25742.7614295,25742.7614295,25742.7614295,25742.7614295,25742.7614295,25742.7614295,25742.7614295,25742.7614295,25742.7614295,25742.7614295,25742.7614295,25742.7614295,25742.7614295,25742.7614295,25742.7614295,25742.7614295,25742.7614295,25742.7614295,25742.7614295,25742.7614295,25742.7614295,25742.7614295,25742.7614295,25742.7614295,25742.7614295,25742.7614295,25742.7614295,25742.7614295,25742.7614295,25742.7614295,25742.7614295,25742.7614295,25742.7614295,25742.7614295,25742.7614295,25742.7614295,25742.7614295,25742.7614295,25742.7614295,25742.7614295,25742.7614295,25742.7614295,25742.7614295,25742.7614295,25742.7614295,25742.7614295,25742.7614295,25742.7614295,25742.7614295,25742.7614295,25742.7614295,25742.7614295,25742.7614295,25742.7614295,25742.7614295,25742.7614295,25742.7614295,25742.7614295,25742.7614295,25742.7614295,25742.7614295,25742.7614295,25742.7614295,25742.7614295,25742.7614295,25742.7614295,25742.7614295,25742.7614295,25742.7614295,25742.7614295,25742.7614295,25742.7614295,25742.7614295,25742.7614295,25742.7614295,25742.7614295,25742.7614295,25742.7614295,25742.7614295,25742.7614295,25742.7614295,25742.7614295,25742.7614295,25742.7614295,25742.7614295,25742.7614295,25742.7614295,25742.7614295,25742.7614295,25742.7614295,25742.7614295,25742.7614295,25742.7614295,25742.7614295,25742.7614295,25742.7614295,25742.7614295,25742.7614295,25742.7614295,25742.7614295,25742.7614295,25742.7614295,25742.7614295,25742.7614295,25742.7614295,25742.7614295,25742.7614295,25742.7614295,25742.7614295,25742.7614295,25742.7614295,25742.7614295,25742.7614295,25742.7614295,25742.7614295,25742.7614295,25742.7614295,25742.7614295,25742.7614295,25742.7614295,25742.7614295,25742.7614295,25742.7614295,25742.7614295,25742.7614295,25742.7614295,25742.7614295,25742.7614295,25742.7614295,25742.7614295,25742.7614295,25742.7614295,25742.7614295,25742.7614295,25742.7614295,25742.7614295,25742.7614295,25742.7614295,25742.7614295,25742.7614295,25742.7614295,25742.7614295,25742.7614295,25742.7614295,25742.7614295,25742.7614295,25742.7614295,25742.7614295,25742.7614295,25742.7614295,25742.7614295,25742.7614295,25742.7614295,25742.7614295,25742.7614295,25742.7614295,25742.7614295,25742.7614295,25742.7614295,25742.7614295,25742.7614295,25742.7614295,25742.7614295,25742.7614295,25742.7614295,25742.7614295,25742.7614295,25742.7614295,25742.7614295,25742.7614295,25742.7614295,25742.7614295,25742.7614295,25742.7614295,25742.7614295,25742.7614295,25742.7614295,25742.7614295,25742.7614295,25742.7614295,25742.7614295,25742.7614295,25742.7614295,25742.7614295,25742.7614295,25742.7614295,25742.7614295,25742.7614295,25742.7614295,25742.7614295,25742.7614295,25742.7614295,25742.7614295,25742.7614295,25742.7614295,25742.7614295,25742.7614295,25742.7614295,25742.7614295,25742.7614295,25742.7614295,25742.7614295,25742.7614295,25742.7614295,25742.7614295,25742.7614295,25742.7614295,25742.7614295,25742.7614295,25742.7614295,25742.7614295,25742.7614295,25742.7614295,25742.7614295,25742.7614295,25742.7614295,25742.7614295,25742.7614295,25742.7614295,25742.7614295,25742.7614295,25742.7614295,25742.7614295,25742.7614295,25742.7614295,25742.7614295,25742.7614295,25742.7614295,25742.7614295,25742.7614295,25742.7614295,25742.7614295,25742.7614295,25742.7614295,25742.7614295,25742.7614295,25742.7614295,25742.7614295,25742.7614295,25742.7614295,25742.7614295,25742.7614295,25742.7614295,25742.7614295,25742.7614295,25742.7614295,25742.7614295,25742.7614295,25742.7614295,25742.7614295,25742.7614295,25742.7614295,25742.7614295,25742.7614295,25742.7614295,25742.7614295,25742.7614295,25742.7614295,25742.7614295,25742.7614295,25742.7614295,25742.7614295,25742.7614295,25742.7614295,25742.7614295,25742.7614295,25742.7614295,25742.7614295,25742.7614295,25742.7614295,25742.7614295,25742.7614295,25742.7614295,25742.7614295,25742.7614295,25742.7614295,25742.7614295,25742.7614295,25742.7614295,25742.7614295,25742.7614295,25742.7614295,25742.7614295,25742.7614295,25742.7614295,25742.7614295,25742.7614295,25742.7614295,25742.7614295,25742.7614295,25742.7614295,25742.7614295,25742.7614295,25742.7614295,25742.7614295,25742.7614295,25742.7614295,25742.7614295,25742.7614295,25742.7614295,25742.7614295,25742.7614295,25742.7614295,25742.7614295,25742.7614295,25742.7614295,25742.7614295,25742.7614295,25742.7614295,25742.7614295,25742.7614295,25742.7614295,25742.7614295,25742.7614295,25742.7614295,25742.7614295,25742.7614295,25742.7614295,25742.7614295,25742.7614295,25742.7614295,25742.7614295,25742.7614295,25742.7614295,25742.7614295,25742.7614295,25742.7614295,25742.7614295,25742.7614295,25742.7614295,25742.7614295,25742.7614295,25742.7614295,25742.7614295,25742.7614295,25742.7614295,25742.7614295,25742.7614295,25742.7614295,25742.7614295,25742.7614295,25742.7614295,25742.7614295,25742.7614295,25742.7614295,25742.7614295,25742.7614295,25742.7614295,25742.7614295,25742.7614295,25742.7614295,25742.7614295,25742.7614295,25742.7614295,25742.7614295,25742.7614295,25742.7614295,25742.7614295,25742.7614295,25742.7614295,25742.7614295,25742.7614295,25742.7614295,25742.7614295,25742.7614295,25742.7614295,25742.7614295,25742.7614295,25742.7614295,25742.7614295,25742.7614295,25742.7614295,25742.7614295,25742.7614295,25742.7614295,25742.7614295,25742.7614295,25742.7614295,25742.7614295,25742.7614295,25742.7614295,25742.7614295,25742.7614295,25742.7614295,25742.7614295,25742.7614295,25742.7614295,25742.7614295,25742.7614295,25742.7614295,25742.7614295,25742.7614295,25742.7614295,25742.7614295,25742.7614295,25742.7614295,25742.7614295,25742.7614295,25742.7614295,25742.7614295,25742.7614295,25742.7614295,25742.7614295,25742.7614295,25742.7614295,25742.7614295,25742.7614295,25742.7614295,25742.7614295,25742.7614295,25742.7614295,25742.7614295,25742.7614295,25742.7614295,25742.7614295,25742.7614295,25742.7614295,25742.7614295,25742.7614295,25742.7614295,25742.7614295,25742.7614295,25742.7614295,25742.7614295,25742.7614295,25742.7614295,25742.7614295,25742.7614295,25742.7614295,25742.7614295,25742.7614295,25742.7614295,25742.7614295,25742.7614295,25742.7614295,25742.7614295,25742.7614295,25742.7614295,25742.7614295,25742.7614295,25742.7614295,25742.7614295,25742.7614295,25742.7614295,25742.7614295,25742.7614295,25742.7614295,25742.7614295,25742.7614295,25742.7614295,25742.7614295,25742.7614295,25742.7614295,25742.7614295,25742.7614295,25742.7614295,25742.7614295,25742.7614295,25742.7614295,25742.7614295,25742.7614295,25742.7614295,25742.7614295,25742.7614295,25742.7614295,25742.7614295,25742.7614295,25742.7614295,25742.7614295,25742.7614295,25742.7614295,25742.7614295,25742.7614295,25742.7614295,25742.7614295,25742.7614295,25742.7614295,25742.7614295,25742.7614295,25742.7614295,25742.7614295,25742.7614295,25742.7614295,25742.7614295,25742.7614295,25742.7614295,25742.7614295,25742.7614295,25742.7614295,25742.7614295,25742.7614295,25742.7614295,25742.7614295,25742.7614295,25742.7614295,25742.7614295,25742.7614295,25742.7614295,25742.7614295,25742.7614295,25742.7614295,25742.7614295,25742.7614295,25742.7614295,25742.7614295,25742.7614295,25742.7614295,25742.7614295,25742.7614295,25742.7614295,25742.7614295,25742.7614295,25742.7614295,25742.7614295,25742.7614295,25742.7614295,25742.7614295,25742.7614295,25742.7614295,25742.7614295,25742.7614295,25742.7614295,25742.7614295,25742.7614295,25742.7614295,25742.7614295,25742.7614295,25742.7614295,25742.7614295,25742.7614295,25742.7614295,25742.7614295,25742.7614295,25742.7614295,25742.7614295,25742.7614295,25742.7614295,25742.7614295,25742.7614295,25742.7614295,25742.7614295,25742.7614295,25742.7614295,25742.7614295,25742.7614295,25742.7614295,25742.7614295,25742.7614295,25742.7614295,25742.7614295,25742.7614295,25742.7614295,25742.7614295,25742.7614295,25742.7614295,25742.7614295,25742.7614295,25742.7614295,25742.7614295,25742.7614295,25742.7614295,25742.7614295,25742.7614295,25742.7614295,25742.7614295,25742.7614295,25742.7614295,25742.7614295,25742.7614295,25742.7614295,25742.7614295,25742.7614295,25742.7614295,25742.7614295,25742.7614295,25742.7614295,25742.7614295,25742.7614295,25742.7614295,25742.7614295,25742.7614295,25742.7614295,25742.7614295,25742.7614295,25742.7614295,25742.7614295,25742.7614295,25742.7614295,25742.7614295,25742.7614295,25742.7614295,25742.7614295,25742.7614295,25742.7614295,25742.7614295,25742.7614295,25742.7614295,25742.7614295,25742.7614295,25742.7614295,25742.7614295,25742.7614295,25742.7614295,25742.7614295,25742.7614295,25742.7614295,25742.7614295,25742.7614295,25742.7614295,25742.7614295,25742.7614295,25742.7614295,25742.7614295,25742.7614295,25742.7614295,25742.7614295,25742.7614295,25742.7614295,25742.7614295,25742.7614295,25742.7614295,25742.7614295,25742.7614295,25742.7614295,25742.7614295,25742.7614295,25742.7614295,25742.7614295,25742.7614295,25742.7614295,25742.7614295,25742.7614295,25742.7614295,25742.7614295,25742.7614295,25742.7614295,25742.7614295,25742.7614295,25742.7614295,25742.7614295,25742.7614295,25742.7614295,25742.7614295,25742.7614295,25742.7614295,25742.7614295,25742.7614295,25742.7614295,25742.7614295,25742.7614295,25742.7614295,25742.7614295,25742.7614295,25742.7614295,25742.7614295,25742.7614295,25742.7614295,25742.7614295,25742.7614295,25742.7614295,25742.7614295,25742.7614295,25742.7614295,25742.7614295,25742.7614295,25742.7614295,25742.7614295,25742.7614295,25742.7614295,25742.7614295,25742.7614295,25742.7614295,25742.7614295,25742.7614295,25742.7614295,25742.7614295,25742.7614295,25742.7614295,25742.7614295,25742.7614295,25742.7614295,25742.7614295,25742.7614295,25742.7614295,25742.7614295,25742.7614295,25742.7614295,25742.7614295,25742.7614295,25742.7614295,25742.7614295,25742.7614295,25742.7614295,25742.7614295,25742.7614295,25742.7614295,25742.7614295,25742.7614295,25742.7614295,25742.7614295,25742.7614295,25742.7614295,25742.7614295,25742.7614295,25742.7614295,25742.7614295,25742.7614295,25742.7614295,25742.7614295,25742.7614295,25742.7614295,25742.7614295,25742.7614295,25742.7614295,25742.7614295,25742.7614295,25742.7614295,25742.7614295,25742.7614295,25742.7614295,25742.7614295,25742.7614295,25742.7614295,25742.7614295,25742.7614295,25742.7614295,25742.7614295,25742.7614295,25742.7614295,25742.7614295,25742.7614295,25742.7614295,25742.7614295,25742.7614295,25742.7614295,25742.7614295,25742.7614295,25742.7614295,25742.7614295,25742.7614295,25742.7614295,25742.7614295,25742.7614295,25742.7614295,25742.7614295,25742.7614295,25742.7614295,25742.7614295,25742.7614295,25742.7614295,25742.7614295,25742.7614295,25742.7614295,25742.7614295,25742.7614295,25742.7614295,25742.7614295,25742.7614295,25742.7614295,25742.7614295,25742.7614295,25742.7614295,25742.7614295,25742.7614295,25742.7614295,25742.7614295,25742.7614295,25742.7614295,25742.7614295,25742.7614295,25742.7614295,25742.7614295,25742.7614295,25742.7614295,25742.7614295,25742.7614295,25742.7614295,25742.7614295,25742.7614295,25742.7614295,25742.7614295,25742.7614295,25742.7614295,25742.7614295,25742.7614295,25742.7614295,25742.7614295,25742.7614295,25742.7614295,25742.7614295,25742.7614295,25742.7614295,25742.7614295,25742.7614295,25742.7614295,25742.7614295,25742.7614295,25742.7614295,25742.7614295,25742.7614295,25742.7614295,25742.7614295,25742.7614295,25742.7614295,25742.7614295,25742.7614295,25742.7614295,25742.7614295,25742.7614295,25742.7614295,25742.7614295,25742.7614295,25742.7614295,25742.7614295,25742.7614295,25742.7614295,25742.7614295,25742.7614295,25742.7614295,25742.7614295,25742.7614295,25742.7614295,25742.7614295,25742.7614295,25742.7614295,25742.7614295,25742.7614295,25742.7614295,25742.7614295,25742.7614295,25742.7614295,25742.7614295,25742.7614295,25742.7614295,25742.7614295,25742.7614295,25742.7614295,25742.7614295,25742.7614295,25742.7614295,25742.7614295,25742.7614295,25742.7614295,25742.7614295,25742.7614295,25742.7614295,25742.7614295,25742.7614295,25742.7614295,25742.7614295,25742.7614295,25742.7614295,25742.7614295,25742.7614295,25742.7614295,25742.7614295,25742.7614295,25742.7614295,25742.7614295,25742.7614295,25742.7614295,25742.7614295,25742.7614295,25742.7614295,25742.7614295,25742.7614295,25742.7614295,25742.7614295,25742.7614295,25742.7614295,25742.7614295,25742.7614295,25742.7614295,25742.7614295,25742.7614295,25742.7614295,25742.7614295,25742.7614295,25742.7614295,25742.7614295,25742.7614295,25742.7614295,25742.7614295,25742.7614295,25742.7614295,25742.7614295,25742.7614295,25742.7614295,25742.7614295,25742.7614295,25742.7614295,25742.7614295,25742.7614295,25742.7614295,25742.7614295,25742.7614295,25742.7614295,25742.7614295,25742.7614295,25742.7614295,25742.7614295,25742.7614295,25742.7614295,25742.7614295,25742.7614295,25742.7614295,25742.7614295,25742.7614295,25742.7614295,25742.7614295,25742.7614295,25742.7614295,25742.7614295,25742.7614295,25742.7614295,25742.7614295,25742.7614295,25742.7614295,25742.7614295,25742.7614295,25742.7614295,25742.7614295,25742.7614295,25742.7614295,25742.7614295,25742.7614295,25742.7614295,25742.7614295,25742.7614295,25742.7614295,25742.7614295,25742.7614295,25742.7614295,25742.7614295,25742.7614295,25742.7614295,25742.7614295,25742.7614295,25742.7614295,25742.7614295,25742.7614295,25742.7614295,25742.7614295,25742.7614295,25742.7614295,25742.7614295,25742.7614295,25742.7614295,25742.7614295,25742.7614295,25742.7614295,25742.7614295,25742.7614295,25742.7614295,25742.7614295,25742.7614295,25742.7614295,25742.7614295,25742.7614295,25742.7614295,25742.7614295,25742.7614295,25742.7614295,25742.7614295,25742.7614295,25742.7614295,25742.7614295,25742.7614295,25742.7614295,25742.7614295,25742.7614295,25742.7614295,25742.7614295,25742.7614295,25742.7614295,25742.7614295,25742.7614295,25742.7614295,25742.7614295,25742.7614295,25742.7614295,25742.7614295,25742.7614295,25742.7614295,25742.7614295,25742.7614295,25742.7614295,25742.7614295,25742.7614295,25742.7614295,25742.7614295,25742.7614295,25742.7614295,25742.7614295,25742.7614295,25742.7614295,25742.7614295,25742.7614295,25742.7614295,25742.7614295,25742.7614295,25742.7614295,25742.7614295,25742.7614295,25742.7614295,25742.7614295,25742.7614295,25742.7614295,25742.7614295,25742.7614295,25742.7614295,25742.7614295,25742.7614295,25742.7614295,25742.7614295,25742.7614295,25742.7614295,25742.7614295,25742.7614295,25742.7614295,25742.7614295,25742.7614295,25742.7614295,25742.7614295,25742.7614295,25742.7614295,25742.7614295,25742.7614295,25742.7614295,25742.7614295,25742.7614295,25742.7614295,25742.7614295,25742.7614295,25742.7614295,25742.7614295,25742.7614295,25742.7614295,25742.7614295,25742.7614295,25742.7614295,25742.7614295,25742.7614295,25742.7614295,25742.7614295,25742.7614295,25742.7614295,25742.7614295,25742.7614295,25742.7614295,25742.7614295,25742.7614295,25742.7614295,25742.7614295,25742.7614295,25742.7614295,25742.7614295,25742.7614295,25742.7614295,25742.7614295,25742.7614295,25742.7614295,25742.7614295,25742.7614295,25742.7614295,25742.7614295,25742.7614295,25742.7614295,25742.7614295,25742.7614295,25742.7614295,25742.7614295,25742.7614295,25742.7614295,25742.7614295,25742.7614295,25742.7614295,25742.7614295,25742.7614295,25742.7614295,25742.7614295,25742.7614295,25742.7614295,25742.7614295,25742.7614295,25742.7614295,25742.7614295,25742.7614295,25742.7614295,25742.7614295,25742.7614295,25742.7614295,25742.7614295,25742.7614295,25742.7614295,25742.7614295,25742.7614295,25742.7614295,25742.7614295,25742.7614295,25742.7614295,25742.7614295,25742.7614295,25742.7614295,25742.7614295,25742.7614295,25742.7614295,25742.7614295,25742.7614295,25742.7614295,25742.7614295,25742.7614295,25742.7614295,25742.7614295,25742.7614295,25742.7614295,25742.7614295,25742.7614295,25742.7614295,25742.7614295,25742.7614295,25742.7614295,25742.7614295,25742.7614295,25742.7614295,25742.7614295,25742.7614295,25742.7614295,25742.7614295,25742.7614295,25742.7614295,25742.7614295,25742.7614295,25742.7614295,25742.7614295,25742.7614295,25742.7614295,25742.7614295,25742.7614295,25742.7614295,25742.7614295,25742.7614295,25742.7614295,25742.7614295,25742.7614295,25742.7614295,25742.7614295,25742.7614295,25742.7614295,25742.7614295,25742.7614295,25742.7614295,25742.7614295,25742.7614295,25742.7614295,25742.7614295,25742.7614295,25742.7614295,25742.7614295,25742.7614295,25742.7614295,25742.7614295,25742.7614295,25742.7614295,25742.7614295,25742.7614295,25742.7614295,25742.7614295,25742.7614295,25742.7614295,25742.7614295,25742.7614295,25742.7614295,25742.7614295,25742.7614295,25742.7614295,25742.7614295,25742.7614295,25742.7614295,25742.7614295,25742.7614295,25742.7614295,25742.7614295,25742.7614295,25742.7614295,25742.7614295,25742.7614295,25742.7614295,25742.7614295,25742.7614295,25742.7614295,25742.7614295,25742.7614295,25742.7614295,25742.7614295,25742.7614295,25742.7614295,25742.7614295,25742.7614295,25742.7614295,25742.7614295,25742.7614295,25742.7614295,25742.7614295,25742.7614295,25742.7614295,25742.7614295,25742.7614295,25742.7614295,25742.7614295,25742.7614295,25742.7614295,25742.7614295,25742.7614295,25742.7614295,25742.7614295,25742.7614295,25742.7614295,25742.7614295,25742.7614295,25742.7614295,25742.7614295,25742.7614295,25742.7614295,25742.7614295,25742.7614295,25742.7614295,25742.7614295,25742.7614295,25742.7614295,25742.7614295,25742.7614295,25742.7614295,25742.7614295,25742.7614295,25742.7614295,25742.7614295,25742.7614295,25742.7614295,25742.7614295,25742.7614295,25742.7614295,25742.7614295,25742.7614295,25742.7614295,25742.7614295,25742.7614295,25742.7614295,25742.7614295,25742.7614295,25742.7614295,25742.7614295,25742.7614295,25742.7614295,25742.7614295,25742.7614295,25742.7614295,25742.7614295,25742.7614295,25742.7614295,25742.7614295,25742.7614295,25742.7614295,25742.7614295,25742.7614295,25742.7614295,25742.7614295,25742.7614295,25742.7614295,25742.7614295,25742.7614295,25742.7614295,25742.7614295,25742.7614295,25742.7614295,25742.7614295,25742.7614295,25742.7614295,25742.7614295,25742.7614295,25742.7614295,25742.7614295,25742.7614295,25742.7614295,25742.7614295,25742.7614295,25742.7614295,25742.7614295,25742.7614295,25742.7614295,25742.7614295,25742.7614295,25742.7614295,25742.7614295,25742.7614295,25742.7614295,25742.7614295,25742.7614295,25742.7614295,25742.7614295,25742.7614295,25742.7614295,25742.7614295,25742.7614295,25742.7614295,25742.7614295,25742.7614295,25742.7614295,25742.7614295,25742.7614295,25742.7614295,25742.7614295,25742.7614295,25742.7614295,25742.7614295,25742.7614295,25742.7614295,25742.7614295,25742.7614295,25742.7614295,25742.7614295,25742.7614295,25742.7614295,25742.7614295,25742.7614295,25742.7614295,25742.7614295,25742.7614295,25742.7614295,25742.7614295,25742.7614295,25742.7614295,25742.7614295,25742.7614295,25742.7614295,25742.7614295,25742.7614295,25742.7614295,25742.7614295,25742.7614295,25742.7614295,25742.7614295,25742.7614295,25742.7614295,25742.7614295,25742.7614295,25742.7614295,25742.7614295,25742.7614295,25742.7614295,25742.7614295,25742.7614295,25742.7614295,25742.7614295,25742.7614295,25742.7614295,25742.7614295,25742.7614295,25742.7614295,25742.7614295,25742.7614295,25742.7614295,25742.7614295,25742.7614295,25742.7614295,25742.7614295,25742.7614295,25742.7614295,25742.7614295,25742.7614295,25742.7614295,25742.7614295,25742.7614295,25742.7614295,25742.7614295,25742.7614295,25742.7614295,25742.7614295,25742.7614295,25742.7614295,25742.7614295,25742.7614295,25742.7614295,25742.7614295,25742.7614295,25742.7614295,25742.7614295,25742.7614295,25742.7614295,25742.7614295,25742.7614295,25742.7614295,25742.7614295,25742.7614295,25742.7614295,25742.7614295,25742.7614295,25742.7614295,25742.7614295,25742.7614295,25742.7614295,25742.7614295,25742.7614295,25742.7614295,25742.7614295,25742.7614295,25742.7614295,25742.7614295,25742.7614295,25742.7614295,25742.7614295,25742.7614295,25742.7614295,25742.7614295,25742.7614295,25742.7614295,25742.7614295,25742.7614295,25742.7614295,25742.7614295,25742.7614295,25742.7614295,25742.7614295,25742.7614295,25742.7614295,25742.7614295,25742.7614295,25742.7614295,25742.7614295,25742.7614295,25742.7614295,25742.7614295,25742.7614295,25742.7614295,25742.7614295,25742.7614295,25742.7614295,25742.7614295,25742.7614295,25742.7614295,25742.7614295,25742.7614295,25742.7614295,25742.7614295,25742.7614295,25742.7614295,25742.7614295,25742.7614295,25742.7614295,25742.7614295,25742.7614295,25742.7614295,25742.7614295,25742.7614295,25742.7614295,25742.7614295,25742.7614295,25742.7614295,25742.7614295,25742.7614295,25742.7614295,25742.7614295,25742.7614295,25742.7614295,25742.7614295,25742.7614295,25742.7614295,25742.7614295,25742.7614295,25742.7614295,25742.7614295,25742.7614295,25742.7614295,25742.7614295,25742.7614295,25742.7614295,25742.7614295,25742.7614295,25742.7614295,25742.7614295,25742.7614295,25742.7614295,25742.7614295,25742.7614295,25742.7614295,25742.7614295,25742.7614295,25742.7614295,25742.7614295,25742.7614295,25742.7614295,25742.7614295,25742.7614295,25742.7614295,25742.7614295,25742.7614295,25742.7614295,25742.7614295,25742.7614295,25742.7614295,25742.7614295,25742.7614295,25742.7614295,25742.7614295,25742.7614295,25742.7614295,25742.7614295,25742.7614295,25742.7614295,25742.7614295,25742.7614295,25742.7614295,25742.7614295,25742.7614295,25742.7614295,25742.7614295,25742.7614295,25742.7614295,25742.7614295,25742.7614295,25742.7614295,25742.7614295,25742.7614295,25742.7614295,25742.7614295,25742.7614295,25742.7614295,25742.7614295,25742.7614295,25742.7614295,25742.7614295,25742.7614295,25742.7614295,25742.7614295,25742.7614295,25742.7614295,25742.7614295,25742.7614295,25742.7614295,25742.7614295,25742.7614295,25742.7614295,25742.7614295,25742.7614295,25742.7614295,25742.7614295,25742.7614295,25742.7614295,25742.7614295,25742.7614295,25742.7614295,25742.7614295,25742.7614295,25742.7614295,25742.7614295,25742.7614295,25742.7614295,25742.7614295,25742.7614295,25742.7614295,25742.7614295,25742.7614295,25742.7614295,25742.7614295,25742.7614295,25742.7614295,25742.7614295,25742.7614295,25742.7614295,25742.7614295,25742.7614295,25742.7614295,25742.7614295,25742.7614295,25742.7614295,25742.7614295,25742.7614295,25742.7614295,25742.7614295,25742.7614295,25742.7614295,25742.7614295,25742.7614295,25742.7614295,25742.7614295,25742.7614295,25742.7614295,25742.7614295,25742.7614295,25742.7614295,25742.7614295,25742.7614295,25742.7614295,25742.7614295,25742.7614295,25742.7614295,25742.7614295,25742.7614295,25742.7614295,25742.7614295,25742.7614295,25742.7614295,25742.7614295,25742.7614295,25742.7614295,25742.7614295,25742.7614295,25742.7614295,25742.7614295,25742.7614295,25742.7614295,25742.7614295,25742.7614295,25742.7614295,25742.7614295,25742.7614295,25742.7614295,25742.7614295,25742.7614295,25742.7614295,25742.7614295,25742.7614295,25742.7614295,25742.7614295,25742.7614295,25742.7614295,25742.7614295,25742.7614295,25742.7614295,25742.7614295,25742.7614295,25742.7614295,25742.7614295,25742.7614295,25742.7614295,25742.7614295,25742.7614295,25742.7614295,25742.7614295,25742.7614295,25742.7614295,25742.7614295,25742.7614295,25742.7614295,25742.7614295,25742.7614295,25742.7614295,25742.7614295,25742.7614295,25742.7614295,25742.7614295,25742.7614295,25742.7614295,25742.7614295,25742.7614295,25742.7614295,25742.7614295,25742.7614295,25742.7614295,25742.7614295,25742.7614295,25742.7614295,25742.7614295,25742.7614295,25742.7614295,25742.7614295,25742.7614295,25742.7614295,25742.7614295,25742.7614295,25742.7614295,25742.7614295,25742.7614295,25742.7614295,25742.7614295,25742.7614295,25742.7614295,25742.7614295,25742.7614295,25742.7614295,25742.7614295,25742.7614295,25742.7614295,25742.7614295,25742.7614295,25742.7614295,25742.7614295,25742.7614295,25742.7614295,25742.7614295,25742.7614295,25742.7614295,25742.7614295,25742.7614295,25742.7614295,25742.7614295,25742.7614295,25742.7614295,25742.7614295,25742.7614295,25742.7614295,25742.7614295,25742.7614295,25742.7614295,25742.7614295,25742.7614295,25742.7614295,25742.7614295,25742.7614295,25742.7614295,25742.7614295,25742.7614295,25742.7614295,25742.7614295,25742.7614295,25742.7614295,25742.7614295,25742.7614295,25742.7614295,25742.7614295,25742.7614295,25742.7614295,25742.7614295,25742.7614295,25742.7614295,25742.7614295,25742.7614295,25742.7614295,25742.7614295,25742.7614295,25742.7614295,25742.7614295,25742.7614295,25742.7614295,25742.7614295,25742.7614295,25742.7614295,25742.7614295,25742.7614295,25742.7614295,25742.7614295,25742.7614295,25742.7614295,25742.7614295,25742.7614295,25742.7614295,25742.7614295,25742.7614295,25742.7614295,25742.7614295,25742.7614295,25742.7614295,25742.7614295,25742.7614295,25742.7614295,25742.7614295,25742.7614295,25742.7614295,25742.7614295,25742.7614295,25742.7614295,25742.7614295,25742.7614295,25742.7614295,25742.7614295,25742.7614295,25742.7614295,25742.7614295,25742.7614295,25742.7614295,25742.7614295,25742.7614295,25742.7614295,25742.7614295,25742.7614295,25742.7614295,25742.7614295,25742.7614295,25742.7614295,25742.7614295,25742.7614295,25742.7614295,25742.7614295,25742.7614295,25742.7614295,25742.7614295,25742.7614295,25742.7614295,25742.7614295,25742.7614295,25742.7614295,25742.7614295,25742.7614295,25742.7614295,25742.7614295,25742.7614295,25742.7614295,25742.7614295,25742.7614295,25742.7614295,25742.7614295,25742.7614295,25742.7614295,25742.7614295,25742.7614295,25742.7614295,25742.7614295,25742.7614295,25742.7614295,25742.7614295,25742.7614295,25742.7614295,25742.7614295,25742.7614295,25742.7614295,25742.7614295,25742.7614295,25742.7614295,25742.7614295,25742.7614295,25742.7614295,25742.7614295,25742.7614295,25742.7614295,25742.7614295,25742.7614295,25742.7614295,25742.7614295,25742.7614295,25742.7614295,25742.7614295,25742.7614295,25742.7614295,25742.7614295,25742.7614295,25742.7614295,25742.7614295,25742.7614295,25742.7614295,25742.7614295,25742.7614295,25742.7614295,25742.7614295,25742.7614295,25742.7614295,25742.7614295,25742.7614295,25742.7614295,25742.7614295,25742.7614295,25742.7614295,25742.7614295,25742.7614295,25742.7614295,25742.7614295,25742.7614295,25742.7614295,25742.7614295,25742.7614295,25742.7614295,25742.7614295,25742.7614295,25742.7614295,25742.7614295,25742.7614295,25742.7614295,25742.7614295,25742.7614295,25742.7614295,25742.7614295,25742.7614295,25742.7614295,25742.7614295,25742.7614295,25742.7614295,25742.7614295,25742.7614295,25742.7614295,25742.7614295,25742.7614295,25742.7614295,25742.7614295,25742.7614295,25742.7614295,25742.7614295,25742.7614295,25742.7614295,25742.7614295,25742.7614295,25742.7614295,25742.7614295,25742.7614295,25742.7614295,25742.7614295,25742.7614295,25742.7614295,25742.7614295,25742.7614295,25742.7614295,25742.7614295,25742.7614295,25742.7614295,25742.7614295,25742.7614295,25742.7614295,25742.7614295,25742.7614295,25742.7614295,25742.7614295,25742.7614295,25742.7614295,25742.7614295,25742.7614295,25742.7614295,25742.7614295,25742.7614295,25742.7614295,25742.7614295,25742.7614295,25742.7614295,25742.7614295,25742.7614295,25742.7614295,25742.7614295,25742.7614295,25742.7614295,25742.7614295,25742.7614295,25742.7614295,25742.7614295,25742.7614295,25742.7614295,25742.7614295,25742.7614295,25742.7614295,25742.7614295,25742.7614295,25742.7614295,25742.7614295,25742.7614295,25742.7614295,25742.7614295,25742.7614295,25742.7614295,25742.7614295,25742.7614295,25742.7614295,25742.7614295,25742.7614295,25742.7614295,25742.7614295,25742.7614295,25742.7614295,25742.7614295,25742.7614295,25742.7614295,25742.7614295,25742.7614295,25742.7614295,25742.7614295,25742.7614295,25742.7614295,25742.7614295,25742.7614295,25742.7614295,25742.7614295,25742.7614295,25742.7614295,25742.7614295,25742.7614295,25742.7614295,25742.7614295,25742.7614295,25742.7614295,25742.7614295,25742.7614295,25742.7614295,25742.7614295,25742.7614295,25742.7614295,25742.7614295,25742.7614295,25742.7614295,25742.7614295,25742.7614295,25742.7614295,25742.7614295,25742.7614295,25742.7614295,25742.7614295,25742.7614295,25742.7614295,25742.7614295,25742.7614295,25742.7614295,25742.7614295,25742.7614295,25742.7614295,25742.7614295,25742.7614295,25742.7614295,25742.7614295,25742.7614295,25742.7614295,25742.7614295,25742.7614295,25742.7614295,25742.7614295,25742.7614295,25742.7614295,25742.7614295,25742.7614295,25742.7614295,25742.7614295,25742.7614295,25742.7614295,25742.7614295,25742.7614295,25742.7614295,25742.7614295,25742.7614295,25742.7614295,25742.7614295,25742.7614295,25742.7614295,25742.7614295,25742.7614295,25742.7614295,25742.7614295,25742.7614295,25742.7614295,25742.7614295,25742.7614295,25742.7614295,25742.7614295,25742.7614295,25742.7614295,25742.7614295,25742.7614295,25742.7614295,25742.7614295,25742.7614295,25742.7614295,25742.7614295,25742.7614295,25742.7614295,25742.7614295,25742.7614295,25742.7614295,25742.7614295,25742.7614295,25742.7614295,25742.7614295,25742.7614295,25742.7614295,25742.7614295,25742.7614295,25742.7614295,25742.7614295,25742.7614295,25742.7614295,25742.7614295,25742.7614295,25742.7614295,25742.7614295,25742.7614295,25742.7614295,25742.7614295,25742.7614295,25742.7614295,25742.7614295,25742.7614295,25742.7614295,25742.7614295,25742.7614295,25742.7614295,25742.7614295,25742.7614295,25742.7614295,25742.7614295,25742.7614295,25742.7614295,25742.7614295,25742.7614295,25742.7614295,25742.7614295,25742.7614295,25742.7614295,25742.7614295,25742.7614295,25742.7614295,25742.7614295,25742.7614295,25742.7614295,25742.7614295,25742.7614295,25742.7614295,25742.7614295,25742.7614295,25742.7614295,25742.7614295,25742.7614295,25742.7614295,25742.7614295,25742.7614295,25742.7614295,25742.7614295,25742.7614295,25742.7614295,25742.7614295,25742.7614295,25742.7614295,25742.7614295,25742.7614295,25742.7614295,25742.7614295,25742.7614295,25742.7614295,25742.7614295,25742.7614295,25742.7614295,25742.7614295,25742.7614295,25742.7614295,25742.7614295,25742.7614295,25742.7614295,25742.7614295,25742.7614295,25742.7614295,25742.7614295,25742.7614295,25742.7614295,25742.7614295,25742.7614295,25742.7614295,25742.7614295,25742.7614295,25742.7614295,25742.7614295,25742.7614295,25742.7614295,25742.7614295,25742.7614295,25742.7614295,25742.7614295,25742.7614295,25742.7614295,25742.7614295,25742.7614295,25742.7614295,25742.7614295,25742.7614295,25742.7614295,25742.7614295,25742.7614295,25742.7614295,25742.7614295,25742.7614295,25742.7614295,25742.7614295,25742.7614295,25742.7614295,25742.7614295,25742.7614295,25742.7614295,25742.7614295,25742.7614295,25742.7614295,25742.7614295,25742.7614295,25742.7614295,25742.7614295,25742.7614295,25742.7614295,25742.7614295,25742.7614295,25742.7614295,25742.7614295,25742.7614295,25742.7614295,25742.7614295,25742.7614295,25742.7614295,25742.7614295,25742.7614295,25742.7614295,25742.7614295,25742.7614295,25742.7614295,25742.7614295,25742.7614295,25742.7614295,25742.7614295,25742.7614295,25742.7614295,25742.7614295,25742.7614295,25742.7614295,25742.7614295,25742.7614295,25742.7614295,25742.7614295,25742.7614295,25742.7614295,25742.7614295,25742.7614295,25742.7614295,25742.7614295,25742.7614295,25742.7614295,25742.7614295,25742.7614295,25742.7614295,25742.7614295,25742.7614295,25742.7614295,25742.7614295,25742.7614295,25742.7614295,25742.7614295,25742.7614295,25742.7614295,25742.7614295,25742.7614295,25742.7614295,25742.7614295,25742.7614295,25742.7614295,25742.7614295,25742.7614295,25742.7614295,25742.7614295,25742.7614295,25742.7614295,25742.7614295,25742.7614295,25742.7614295,25742.7614295,25742.7614295,25742.7614295,25742.7614295,25742.7614295,25742.7614295,25742.7614295,25742.7614295,25742.7614295,25742.7614295,25742.7614295,25742.7614295,25742.7614295,25742.7614295,25742.7614295,25742.7614295,25742.7614295,25742.7614295,25742.7614295,25742.7614295,25742.7614295,25742.7614295,25742.7614295,25742.7614295,25742.7614295,25742.7614295,25742.7614295,25742.7614295,25742.7614295,25742.7614295,25742.7614295,25742.7614295,25742.7614295,25742.7614295,25742.7614295,25742.7614295,25742.7614295,25742.7614295,25742.7614295,25742.7614295,25742.7614295,25742.7614295,25742.7614295,25742.7614295,25742.7614295,25742.7614295,25742.7614295,25742.7614295,25742.7614295,25742.7614295,25742.7614295,25742.7614295,25742.7614295,25742.7614295,25742.7614295,25742.7614295,25742.7614295,25742.7614295,25742.7614295,25742.7614295,25742.7614295,25742.7614295,25742.7614295,25742.7614295,25742.7614295,25742.7614295,25742.7614295,25742.7614295,25742.7614295,25742.7614295,25742.7614295,25742.7614295,25742.7614295,25742.7614295,25742.7614295,25742.7614295,25742.7614295,25742.7614295,25742.7614295,25742.7614295,25742.7614295,25742.7614295,25742.7614295,25742.7614295,25742.7614295,25742.7614295,25742.7614295,25742.7614295,25742.7614295,25742.7614295,25742.7614295,25742.7614295,25742.7614295,25742.7614295,25742.7614295,25742.7614295,25742.7614295,25742.7614295,25742.7614295,25742.7614295,25742.7614295,25742.7614295,25742.7614295,25742.7614295,25742.7614295,25742.7614295,25742.7614295,25742.7614295,25742.7614295,25742.7614295,25742.7614295,25742.7614295,25742.7614295,25742.7614295,25742.7614295,25742.7614295,25742.7614295,25742.7614295,25742.7614295,25742.7614295,25742.7614295,25742.7614295,25742.7614295,25742.7614295,25742.7614295,25742.7614295,25742.7614295,25742.7614295,25742.7614295,25742.7614295,25742.7614295,25742.7614295,25742.7614295,25742.7614295,25742.7614295,25742.7614295,25742.7614295,25742.7614295,25742.7614295,25742.7614295,25742.7614295,25742.7614295,25742.7614295,25742.7614295,25742.7614295,25742.7614295,25742.7614295,25742.7614295,25742.7614295,25742.7614295,25742.7614295,25742.7614295,25742.7614295,25742.7614295,25742.7614295,25742.7614295,25742.7614295,25742.7614295,25742.7614295,25742.7614295,25742.7614295,25742.7614295,25742.7614295,25742.7614295,25742.7614295,25742.7614295,25742.7614295,25742.7614295,25742.7614295,25742.7614295,25742.7614295,25742.7614295,25742.7614295,25742.7614295,25742.7614295,25742.7614295,25742.7614295,25742.7614295,25742.7614295,25742.7614295,25742.7614295,25742.7614295,25742.7614295,25742.7614295,25742.7614295,25742.7614295,25742.7614295,25742.7614295,25742.7614295,25742.7614295,25742.7614295,25742.7614295,25742.7614295,25742.7614295,25742.7614295,25742.7614295,25742.7614295,25742.7614295,25742.7614295,25742.7614295,25742.7614295,25742.7614295,25742.7614295,25742.7614295,25742.7614295,25742.7614295,25742.7614295,25742.7614295,25742.7614295,25742.7614295,25742.7614295,25742.7614295,25742.7614295,25742.7614295,25742.7614295,25742.7614295,25742.7614295,25742.7614295,25742.7614295,25742.7614295,25742.7614295,25742.7614295,25742.7614295,25742.7614295,25742.7614295,25742.7614295,25742.7614295,25742.7614295,25742.7614295,25742.7614295,25742.7614295,25742.7614295,25742.7614295,25742.7614295,25742.7614295,25742.7614295,25742.7614295,25742.7614295,25742.7614295,25742.7614295,25742.7614295,25742.7614295,25742.7614295,25742.7614295,25742.7614295,25742.7614295,25742.7614295,25742.7614295,25742.7614295,25742.7614295,25742.7614295,25742.7614295,25742.7614295,25742.7614295,25742.7614295,25742.7614295,25742.7614295,25742.7614295,25742.7614295,25742.7614295,25742.7614295,25742.7614295,25742.7614295,25742.7614295,25742.7614295,25742.7614295,25742.7614295,25742.7614295,25742.7614295,25742.7614295,25742.7614295,25742.7614295,25742.7614295,25742.7614295,25742.7614295,25742.7614295,25742.7614295,25742.7614295,25742.7614295,25742.7614295,25742.7614295,25742.7614295,25742.7614295,25742.7614295,25742.7614295,25742.7614295,25742.7614295,25742.7614295,25742.7614295,25742.7614295,25742.7614295,25742.7614295,25742.7614295,25742.7614295,25742.7614295,25742.7614295,25742.7614295,25742.7614295,25742.7614295,25742.7614295,25742.7614295,25742.7614295,25742.7614295,25742.7614295,25742.7614295,25742.7614295,25742.7614295,25742.7614295,25742.7614295,25742.7614295,25742.7614295,25742.7614295,25742.7614295,25742.7614295,25742.7614295,25742.7614295,25742.7614295,25742.7614295,25742.7614295,25742.7614295,25742.7614295,25742.7614295,25742.7614295,25742.7614295,25742.7614295,25742.7614295,25742.7614295,25742.7614295,25742.7614295,25742.7614295,25742.7614295,25742.7614295,25742.7614295,25742.7614295,25742.7614295,25742.7614295,25742.7614295,25742.7614295,25742.7614295,25742.7614295,25742.7614295,25742.7614295,25742.7614295,25742.7614295,25742.7614295,25742.7614295,25742.7614295,25742.7614295,25742.7614295,25742.7614295,25742.7614295,25742.7614295,25742.7614295,25742.7614295,25742.7614295,25742.7614295,25742.7614295,25742.7614295,25742.7614295,25742.7614295,25742.7614295,25742.7614295,25742.7614295,25742.7614295,25742.7614295,25742.7614295,25742.7614295,25742.7614295,25742.7614295,25742.7614295,25742.7614295,25742.7614295,25742.7614295,25742.7614295,25742.7614295,25742.7614295,25742.7614295,25742.7614295,25742.7614295,25742.7614295,25742.7614295,25742.7614295,25742.7614295,25742.7614295,25742.7614295,25742.7614295,25742.7614295,25742.7614295,25742.7614295,25742.7614295,25742.7614295,25742.7614295,25742.7614295,25742.7614295,25742.7614295,25742.7614295,25742.7614295,25742.7614295,25742.7614295,25742.7614295,25742.7614295,25742.7614295,25742.7614295,25742.7614295,25742.7614295,25742.7614295,25742.7614295,25742.7614295,25742.7614295,25742.7614295,25742.7614295,25742.7614295,25742.7614295,25742.7614295,25742.7614295,25742.7614295,25742.7614295,25742.7614295,25742.7614295,25742.7614295,25742.7614295,25742.7614295,25742.7614295,25742.7614295,25742.7614295,25742.7614295,25742.7614295,25742.7614295,25742.7614295,25742.7614295,25742.7614295,25742.7614295,25742.7614295,25742.7614295,25742.7614295,25742.7614295,25742.7614295,25742.7614295,25742.7614295,25742.7614295,25742.7614295,25742.7614295,25742.7614295,25742.7614295,25742.7614295,25742.7614295,25742.7614295,25742.7614295,25742.7614295,25742.7614295,25742.7614295,25742.7614295,25742.7614295,25742.7614295,25742.7614295,25742.7614295,25742.7614295,25742.7614295,25742.7614295,25742.7614295,25742.7614295,25742.7614295,25742.7614295,25742.7614295,25742.7614295,25742.7614295,25742.7614295,25742.7614295,25742.7614295,25742.7614295,25742.7614295,25742.7614295,25742.7614295,25742.7614295,25742.7614295,25742.7614295,25742.7614295,25742.7614295,25742.7614295,25742.7614295,25742.7614295,25742.7614295,25742.7614295,25742.7614295,25742.7614295,25742.7614295,25742.7614295,25742.7614295,25742.7614295,25742.7614295,25742.7614295,25742.7614295,25742.7614295,25742.7614295,25742.7614295,25742.7614295,25742.7614295,25742.7614295,25742.7614295,25742.7614295,25742.7614295,25742.7614295,25742.7614295,25742.7614295,25742.7614295,25742.7614295,25742.7614295,25742.7614295,25742.7614295,25742.7614295,25742.7614295,25742.7614295,25742.7614295,25742.7614295,25742.7614295,25742.7614295,25742.7614295,25742.7614295,25742.7614295,25742.7614295,25742.7614295,25742.7614295,25742.7614295,25742.7614295,25742.7614295,25742.7614295,25742.7614295,25742.7614295,25742.7614295,25742.7614295,25742.7614295,25742.7614295,25742.7614295,25742.7614295,25742.7614295,25742.7614295,25742.7614295,25742.7614295,25742.7614295,25742.7614295,25742.7614295,25742.7614295,25742.7614295,25742.7614295,25742.7614295,25742.7614295,25742.7614295,25742.7614295,25742.7614295,25742.7614295,25742.7614295,25742.7614295,25742.7614295,25742.7614295,25742.7614295,25742.7614295,25742.7614295,25742.7614295,25742.7614295,25742.7614295,25742.7614295,25742.7614295,25742.7614295,25742.7614295,25742.7614295,25742.7614295,25742.7614295,25742.7614295,25742.7614295,25742.7614295,25742.7614295,25742.7614295,25742.7614295,25742.7614295,25742.7614295,25742.7614295,25742.7614295,25742.7614295,25742.7614295,25742.7614295,25742.7614295,25742.7614295,25742.7614295,25742.7614295,25742.7614295,25742.7614295,25742.7614295,25742.7614295,25742.7614295,25742.7614295,25742.7614295,25742.7614295,25742.7614295,25742.7614295,25742.7614295,25742.7614295,25742.7614295,25742.7614295,25742.7614295,25742.7614295,25742.7614295,25742.7614295,25742.7614295,25742.7614295,25742.7614295,25742.7614295,25742.7614295,25742.7614295,25742.7614295,25742.7614295,25742.7614295,25742.7614295,25742.7614295,25742.7614295,25742.7614295,25742.7614295,25742.7614295,25742.7614295,25742.7614295,25742.7614295,25742.7614295,25742.7614295,25742.7614295,25742.7614295,25742.7614295,25742.7614295,25742.7614295,25742.7614295,25742.7614295,25742.7614295,25742.7614295,25742.7614295,25742.7614295,25742.7614295,25742.7614295,25742.7614295,25742.7614295,25742.7614295,25742.7614295,25742.7614295,25742.7614295,25742.7614295,25742.7614295,25742.7614295,25742.7614295,25742.7614295,25742.7614295,25742.7614295,25742.7614295,25742.7614295,25742.7614295,25742.7614295,25742.7614295,25742.7614295,25742.7614295,25742.7614295,25742.7614295,25742.7614295,25742.7614295,25742.7614295,25742.7614295,25742.7614295,25742.7614295,25742.7614295,25742.7614295,25742.7614295,25742.7614295,25742.7614295,25742.7614295,25742.7614295,25742.7614295,25742.7614295,25742.7614295,25742.7614295,25742.7614295,25742.7614295,25742.7614295,25742.7614295,25742.7614295,25742.7614295,25742.7614295,25742.7614295,25742.7614295,25742.7614295,25742.7614295,25742.7614295,25742.7614295,25742.7614295,25742.7614295,25742.7614295,25742.7614295,25742.7614295,25742.7614295,25742.7614295,25742.7614295,25742.7614295,25742.7614295,25742.7614295,25742.7614295,25742.7614295,25742.7614295,25742.7614295,25742.7614295,25742.7614295,25742.7614295,25742.7614295,25742.7614295,25742.7614295,25742.7614295,25742.7614295,25742.7614295,25742.7614295,25742.7614295,25742.7614295,25742.7614295,25742.7614295,25742.7614295,25742.7614295,25742.7614295,25742.7614295,25742.7614295,25742.7614295,25742.7614295,25742.7614295,25742.7614295,25742.7614295,25742.7614295,25742.7614295,25742.7614295,25742.7614295,25742.7614295,25742.7614295,25742.7614295,25742.7614295,25742.7614295,25742.7614295,25742.7614295,25742.7614295,25742.7614295,25742.7614295,25742.7614295,25742.7614295,25742.7614295,25742.7614295,25742.7614295,25742.7614295,25742.7614295,25742.7614295,25742.7614295,25742.7614295,25742.7614295,25742.7614295,25742.7614295,25742.7614295,25742.7614295,25742.7614295,25742.7614295,25742.7614295,25742.7614295,25742.7614295,25742.7614295,25742.7614295,25742.7614295,25742.7614295,25742.7614295,25742.7614295,25742.7614295,25742.7614295,25742.7614295,25742.7614295,25742.7614295,25742.7614295,25742.7614295,25742.7614295,25742.7614295,25742.7614295,25742.7614295,25742.7614295,25742.7614295,25742.7614295,25742.7614295,25742.7614295,25742.7614295,25742.7614295,25742.7614295,25742.7614295,25742.7614295,25742.7614295,25742.7614295,25742.7614295,25742.7614295,25742.7614295,25742.7614295,25742.7614295,25742.7614295,25742.7614295,25742.7614295,25742.7614295,25742.7614295,25742.7614295,25742.7614295,25742.7614295,25742.7614295,25742.7614295,25742.7614295,25742.7614295,25742.7614295,25742.7614295,25742.7614295,25742.7614295,25742.7614295,25742.7614295,25742.7614295,25742.7614295,25742.7614295,25742.7614295,25742.7614295,25742.7614295,25742.7614295,25742.7614295,25742.7614295,25742.7614295,25742.7614295,25742.7614295,25742.7614295,25742.7614295,25742.7614295,25742.7614295,25742.7614295,25742.7614295,25742.7614295,25742.7614295,25742.7614295,25742.7614295,25742.7614295,25742.7614295,25742.7614295,25742.7614295,25742.7614295,25742.7614295,25742.7614295,25742.7614295,25742.7614295,25742.7614295,25742.7614295,25742.7614295,25742.7614295,25742.7614295,25742.7614295,25742.7614295,25742.7614295,25742.7614295,25742.7614295,25742.7614295,25742.7614295,25742.7614295,25742.7614295,25742.7614295,25742.7614295,25742.7614295,25742.7614295,25742.7614295,25742.7614295,25742.7614295,25742.7614295,25742.7614295,25742.7614295,25742.7614295,25742.7614295,25742.7614295,25742.7614295,25742.7614295,25742.7614295,25742.7614295,25742.7614295,25742.7614295,25742.7614295,25742.7614295,25742.7614295,25742.7614295,25742.7614295,25742.7614295,25742.7614295,25742.7614295,25742.7614295,25742.7614295,25742.7614295,25742.7614295,25742.7614295,25742.7614295,25742.7614295,25742.7614295,25742.7614295,25742.7614295,25742.7614295,25742.7614295,25742.7614295,25742.7614295,25742.7614295,25742.7614295,25742.7614295,25742.7614295,25742.7614295,25742.7614295,25742.7614295,25742.7614295,25742.7614295,25742.7614295,25742.7614295,25742.7614295,25742.7614295,25742.7614295,25742.7614295,25742.7614295,25742.7614295,25742.7614295,25742.7614295,25742.7614295,25742.7614295,25742.7614295,25742.7614295,25742.7614295,25742.7614295,25742.7614295,25742.7614295,25742.7614295,25742.7614295,25742.7614295,25742.7614295,25742.7614295,25742.7614295,25742.7614295,25742.7614295,25742.7614295,25742.7614295,25742.7614295,25742.7614295,25742.7614295,25742.7614295,25742.7614295,25742.7614295,25742.7614295,25742.7614295,25742.7614295,25742.7614295,25742.7614295,25742.7614295,25742.7614295,25742.7614295,25742.7614295,25742.7614295,25742.7614295,25742.7614295,25742.7614295,25742.7614295,25742.7614295,25742.7614295,25742.7614295,25742.7614295,25742.7614295,25742.7614295,25742.7614295,25742.7614295,25742.7614295,25742.7614295,25742.7614295,25742.7614295,25742.7614295,25742.7614295,25742.7614295,25742.7614295,25742.7614295,25742.7614295,25742.7614295,25742.7614295,25742.7614295,25742.7614295,25742.7614295,25742.7614295,25742.7614295,25742.7614295,25742.7614295,25742.7614295,25742.7614295,25742.7614295,25742.7614295,25742.7614295,25742.7614295,25742.7614295,25742.7614295,25742.7614295,25742.7614295,25742.7614295,25742.7614295,25742.7614295,25742.7614295,25742.7614295,25742.7614295,25742.7614295,25742.7614295,25742.7614295,25742.7614295,25742.7614295,25742.7614295,25742.7614295,25742.7614295,25742.7614295,25742.7614295,25742.7614295,25742.7614295,25742.7614295,25742.7614295,25742.7614295,25742.7614295,25742.7614295,25742.7614295,25742.7614295,25742.7614295,25742.7614295,25742.7614295,25742.7614295,25742.7614295,25742.7614295,25742.7614295,25742.7614295,25742.7614295,25742.7614295,25742.7614295,25742.7614295,25742.7614295,25742.7614295,25742.7614295,25742.7614295,25742.7614295,25742.7614295,25742.7614295,25742.7614295,25742.7614295,25742.7614295,25742.7614295,25742.7614295,25742.7614295,25742.7614295,25742.7614295,25742.7614295,25742.7614295,25742.7614295,25742.7614295,25742.7614295,25742.7614295,25742.7614295,25742.7614295,25742.7614295,25742.7614295,25742.7614295,25742.7614295,25742.7614295,25742.7614295,25742.7614295,25742.7614295,25742.7614295,25742.7614295,25742.7614295,25742.7614295,25742.7614295,25742.7614295,25742.7614295,25742.7614295,25742.7614295,25742.7614295,25742.7614295,25742.7614295,25742.7614295,25742.7614295,25742.7614295,25742.7614295,25742.7614295,25742.7614295,25742.7614295,25742.7614295,25742.7614295,25742.7614295,25742.7614295,25742.7614295,25742.7614295,25742.7614295,25742.7614295,25742.7614295,25742.7614295,25742.7614295,25742.7614295,25742.7614295,25742.7614295,25742.7614295,25742.7614295,25742.7614295,25742.7614295,25742.7614295,25742.7614295,25742.7614295,25742.7614295,25742.7614295,25742.7614295,25742.7614295,25742.7614295,25742.7614295,25742.7614295,25742.7614295,25742.7614295,25742.7614295,25742.7614295,25742.7614295,25742.7614295,25742.7614295,25742.7614295,25742.7614295,25742.7614295,25742.7614295,25742.7614295,25742.7614295,25742.7614295,25742.7614295,25742.7614295,25742.7614295,25742.7614295,25742.7614295,25742.7614295,25742.7614295,25742.7614295,25742.7614295,25742.7614295,25742.7614295,25742.7614295,25742.7614295,25742.7614295,25742.7614295,25742.7614295,25742.7614295,25742.7614295,25742.7614295,25742.7614295,25742.7614295,25742.7614295,25742.7614295,25742.7614295,25742.7614295,25742.7614295,25742.7614295,25742.7614295,25742.7614295,25742.7614295,25742.7614295,25742.7614295,25742.7614295,25742.7614295,25742.7614295,25742.7614295,25742.7614295,25742.7614295,25742.7614295,25742.7614295,25742.7614295,25742.7614295,25742.7614295,25742.7614295,25742.7614295,25742.7614295,25742.7614295,25742.7614295,25742.7614295,25742.7614295,25742.7614295,25742.7614295,25742.7614295,25742.7614295,25742.7614295,25742.7614295,25742.7614295,25742.7614295,25742.7614295,25742.7614295,25742.7614295,25742.7614295,25742.7614295,25742.7614295,25742.7614295,25742.7614295,25742.7614295,25742.7614295,25742.7614295,25742.7614295,25742.7614295,25742.7614295,25742.7614295,25742.7614295,25742.7614295,25742.7614295,25742.7614295,25742.7614295,25742.7614295,25742.7614295,25742.7614295,25742.7614295,25742.7614295,25742.7614295,25742.7614295,25742.7614295,25742.7614295,25742.7614295,25742.7614295,25742.7614295,25742.7614295,25742.7614295,25742.7614295,25742.7614295,25742.7614295,25742.7614295,25742.7614295,25742.7614295,25742.7614295,25742.7614295,25742.7614295,25742.7614295,25742.7614295,25742.7614295,25742.7614295,25742.7614295,25742.7614295,25742.7614295,25742.7614295,25742.7614295,25742.7614295,25742.7614295,25742.7614295,25742.7614295,25742.7614295,25742.7614295,25742.7614295,25742.7614295,25742.7614295,25742.7614295,25742.7614295,25742.7614295,25742.7614295,25742.7614295,25742.7614295,25742.7614295,25742.7614295,25742.7614295,25742.7614295,25742.7614295,25742.7614295,25742.7614295,25742.7614295,25742.7614295,25742.7614295,25742.7614295,25742.7614295,25742.7614295,25742.7614295,25742.7614295,25742.7614295,25742.7614295,25742.7614295,25742.7614295,25742.7614295,25742.7614295,25742.7614295,25742.7614295,25742.7614295,25742.7614295,25742.7614295,25742.7614295,25742.7614295,25742.7614295,25742.7614295,25742.7614295,25742.7614295,25742.7614295,25742.7614295,25742.7614295,25742.7614295,25742.7614295,25742.7614295,25742.7614295,25742.7614295,25742.7614295,25742.7614295,25742.7614295,25742.7614295,25742.7614295,25742.7614295,25742.7614295,25742.7614295,25742.7614295,25742.7614295,25742.7614295,25742.7614295,25742.7614295,25742.7614295,25742.7614295,25742.7614295,25742.7614295,25742.7614295,25742.7614295,25742.7614295,25742.7614295,25742.7614295,25742.7614295,25742.7614295,25742.7614295,25742.7614295,25742.7614295,25742.7614295,25742.7614295,25742.7614295,25742.7614295,25742.7614295,25742.7614295,25742.7614295,25742.7614295,25742.7614295,25742.7614295,25742.7614295,25742.7614295,25742.7614295,25742.7614295,25742.7614295,25742.7614295,25742.7614295,25742.7614295,25742.7614295,25742.7614295,25742.7614295,25742.7614295,25742.7614295,25742.7614295,25742.7614295,25742.7614295,25742.7614295,25742.7614295,25742.7614295,25742.7614295,25742.7614295,25742.7614295,25742.7614295,25742.7614295,25742.7614295,25742.7614295,25742.7614295,25742.7614295,25742.7614295,25742.7614295,25742.7614295,25742.7614295,25742.7614295,25742.7614295,25742.7614295,25742.7614295,25742.7614295,25742.7614295,25742.7614295,25742.7614295,25742.7614295,25742.7614295,25742.7614295,25742.7614295,25742.7614295,25742.7614295,25742.7614295,25742.7614295,25742.7614295,25742.7614295,25742.7614295,25742.7614295,25742.7614295,25742.7614295,25742.7614295,25742.7614295,25742.7614295,25742.7614295,25742.7614295,25742.7614295,25742.7614295,25742.7614295,25742.7614295,25742.7614295,25742.7614295,25742.7614295,25742.7614295,25742.7614295,25742.7614295,25742.7614295,25742.7614295,25742.7614295,25742.7614295,25742.7614295,25742.7614295,25742.7614295,25742.7614295,25742.7614295,25742.7614295,25742.7614295,25742.7614295,25742.7614295,25742.7614295,25742.7614295,25742.7614295,25742.7614295,25742.7614295,25742.7614295,25742.7614295,25742.7614295,25742.7614295,25742.7614295,25742.7614295,25742.7614295,25742.7614295,25742.7614295,25742.7614295,25742.7614295,25742.7614295,25742.7614295,25742.7614295,25742.7614295,25742.7614295,25742.7614295,25742.7614295,25742.7614295,25742.7614295,25742.7614295,25742.7614295,25742.7614295,25742.7614295,25742.7614295,25742.7614295,25742.7614295,25742.7614295,25742.7614295,25742.7614295,25742.7614295,25742.7614295,25742.7614295,25742.7614295,25742.7614295,25742.7614295,25742.7614295,25742.7614295,25742.7614295,25742.7614295,25742.7614295,25742.7614295,25742.7614295,25742.7614295,25742.7614295,25742.7614295,25742.7614295,25742.7614295,25742.7614295,25742.7614295,25742.7614295,25742.7614295,25742.7614295,25742.7614295,25742.7614295,25742.7614295,25742.7614295,25742.7614295,25742.7614295,25742.7614295,25742.7614295,25742.7614295,25742.7614295,25742.7614295,25742.7614295,25742.7614295,25742.7614295,25742.7614295,25742.7614295,25742.7614295,25742.7614295,25742.7614295,25742.7614295,25742.7614295,25742.7614295,25742.7614295,25742.7614295,25742.7614295,25742.7614295,25742.7614295,25742.7614295,25742.7614295,25742.7614295,25742.7614295,25742.7614295,25742.7614295,25742.7614295,25742.7614295,25742.7614295,25742.7614295,25742.7614295,25742.7614295,25742.7614295,25742.7614295,25742.7614295,25742.7614295,25742.7614295,25742.7614295,25742.7614295,25742.7614295,25742.7614295,25742.7614295,25742.7614295,25742.7614295,25742.7614295,25742.7614295,25742.7614295,25742.7614295,25742.7614295,25742.7614295,25742.7614295,25742.7614295,25742.7614295,25742.7614295,25742.7614295,25742.7614295,25742.7614295,25742.7614295,25742.7614295,25742.7614295,25742.7614295,25742.7614295,25742.7614295,25742.7614295,25742.7614295,25742.7614295,25742.7614295,25742.7614295,25742.7614295,25742.7614295,25742.7614295,25742.7614295,25742.7614295,25742.7614295,25742.7614295,25742.7614295,25742.7614295,25742.7614295,25742.7614295,25742.7614295,25742.7614295,25742.7614295,25742.7614295,25742.7614295,25742.7614295,25742.7614295,25742.7614295,25742.7614295,25742.7614295,25742.7614295,25742.7614295,25742.7614295,25742.7614295,25742.7614295,25742.7614295,25742.7614295,25742.7614295,25742.7614295,25742.7614295,25742.7614295,25742.7614295,25742.7614295,25742.7614295,25742.7614295,25742.7614295,25742.7614295,25742.7614295,25742.7614295,25742.7614295,25742.7614295,25742.7614295,25742.7614295,25742.7614295,25742.7614295,25742.7614295,25742.7614295,25742.7614295,25742.7614295,25742.7614295,25742.7614295,25742.7614295,25742.7614295,25742.7614295,25742.7614295,25742.7614295,25742.7614295,25742.7614295,25742.7614295,25742.7614295,25742.7614295,25742.7614295,25742.7614295,25742.7614295,25742.7614295,25742.7614295,25742.7614295,25742.7614295,25742.7614295,25742.7614295,25742.7614295,25742.7614295,25742.7614295,25742.7614295,25742.7614295,25742.7614295,25742.7614295,25742.7614295,25742.7614295,25742.7614295,25742.7614295,25742.7614295,25742.7614295,25742.7614295,25742.7614295,25742.7614295,25742.7614295,25742.7614295,25742.7614295,25742.7614295,25742.7614295,25742.7614295,25742.7614295,25742.7614295,25742.7614295,25742.7614295,25742.7614295,25742.7614295,25742.7614295,25742.7614295,25742.7614295,25742.7614295,25742.7614295,25742.7614295,25742.7614295,25742.7614295,25742.7614295,25742.7614295,25742.7614295,25742.7614295,25742.7614295,25742.7614295,25742.7614295,25742.7614295,25742.7614295,25742.7614295,25742.7614295,25742.7614295,25742.7614295,25742.7614295,25742.7614295,25742.7614295,25742.7614295,25742.7614295,25742.7614295,25742.7614295,25742.7614295,25742.7614295,25742.7614295,25742.7614295,25742.7614295,25742.7614295,25742.7614295,25742.7614295,25742.7614295,25742.7614295,25742.7614295,25742.7614295,25742.7614295,25742.7614295,25742.7614295,25742.7614295,25742.7614295,25742.7614295,25742.7614295,25742.7614295,25742.7614295,25742.7614295,25742.7614295,25742.7614295,25742.7614295,25742.7614295,25742.7614295,25742.7614295,25742.7614295,25742.7614295,25742.7614295,25742.7614295,25742.7614295,25742.7614295,25742.7614295,25742.7614295,25742.7614295,25742.7614295,25742.7614295,25742.7614295,25742.7614295,25742.7614295,25742.7614295,25742.7614295,25742.7614295,25742.7614295,25742.7614295,25742.7614295,25742.7614295,25742.7614295,25742.7614295,25742.7614295,25742.7614295,25742.7614295,25742.7614295,25742.7614295,25742.7614295,25742.7614295,25742.7614295,25742.7614295,25742.7614295,25742.7614295,25742.7614295,25742.7614295,25742.7614295,25742.7614295,25742.7614295,25742.7614295,25742.7614295,25742.7614295,25742.7614295,25742.7614295,25742.7614295,25742.7614295,25742.7614295,25742.7614295,25742.7614295,25742.7614295,25742.7614295,25742.7614295,25742.7614295,25742.7614295,25742.7614295,25742.7614295,25742.7614295,25742.7614295,25742.7614295,25742.7614295,25742.7614295,25742.7614295,25742.7614295,25742.7614295,25742.7614295,25742.7614295,25742.7614295,25742.7614295,25742.7614295,25742.7614295,25742.7614295,25742.7614295,25742.7614295,25742.7614295,25742.7614295,25742.7614295,25742.7614295,25742.7614295,25742.7614295,25742.7614295,25742.7614295,25742.7614295,25742.7614295,25742.7614295,25742.7614295,25742.7614295,25742.7614295,25742.7614295,25742.7614295,25742.7614295,25742.7614295,25742.7614295,25742.7614295,25742.7614295,25742.7614295,25742.7614295,25742.7614295,25742.7614295,25742.7614295,25742.7614295,25742.7614295,25742.7614295,25742.7614295,25742.7614295,25742.7614295,25742.7614295,25742.7614295,25742.7614295,25742.7614295,25742.7614295,25742.7614295,25742.7614295,25742.7614295,25742.7614295,25742.7614295,25742.7614295,25742.7614295,25742.7614295,25742.7614295,25742.7614295,25742.7614295,25742.7614295,25742.7614295,25742.7614295,25742.7614295,25742.7614295,25742.7614295,25742.7614295,25742.7614295,25742.7614295,25742.7614295,25742.7614295,25742.7614295,25742.7614295,25742.7614295,25742.7614295,25742.7614295,25742.7614295,25742.7614295,25742.7614295,25742.7614295,25742.7614295,25742.7614295,25742.7614295,25742.7614295,25742.7614295,25742.7614295,25742.7614295,25742.7614295,25742.7614295,25742.7614295,25742.7614295,25742.7614295,25742.7614295,25742.7614295,25742.7614295,25742.7614295,25742.7614295,25742.7614295,25742.7614295,25742.7614295,25742.7614295,25742.7614295,25742.7614295,25742.7614295,25742.7614295,25742.7614295,25742.7614295,25742.7614295,25742.7614295,25742.7614295,25742.7614295,25742.7614295,25742.7614295,25742.7614295,25742.7614295,25742.7614295,25742.7614295,25742.7614295,25742.7614295,25742.7614295,25742.7614295,25742.7614295,25742.7614295,25742.7614295,25742.7614295,25742.7614295,25742.7614295,25742.7614295,25742.7614295,25742.7614295,25742.7614295,25742.7614295,25742.7614295,25742.7614295,25742.7614295,25742.7614295,25742.7614295,25742.7614295,25742.7614295,25742.7614295,25742.7614295,25742.7614295,25742.7614295,25742.7614295,25742.7614295,25742.7614295,25742.7614295,25742.7614295,25742.7614295,25742.7614295,25742.7614295,25742.7614295,25742.7614295,25742.7614295,25742.7614295,25742.7614295,25742.7614295,25742.7614295,25742.7614295,25742.7614295,25742.7614295,25742.7614295,25742.7614295,25742.7614295,25742.7614295,25742.7614295,25742.7614295,25742.7614295,25742.7614295,25742.7614295,25742.7614295,25742.7614295,25742.7614295,25742.7614295,25742.7614295,25742.7614295,25742.7614295,25742.7614295,25742.7614295,25742.7614295,25742.7614295,25742.7614295,25742.7614295,25742.7614295,25742.7614295,25742.7614295,25742.7614295,25742.7614295,25742.7614295,25742.7614295,25742.7614295,25742.7614295,25742.7614295,25742.7614295,25742.7614295,25742.7614295,25742.7614295,25742.7614295,25742.7614295,25742.7614295,25742.7614295,25742.7614295,25742.7614295,25742.7614295,25742.7614295,25742.7614295,25742.7614295,25742.7614295,25742.7614295,25742.7614295,25742.7614295,25742.7614295,25742.7614295,25742.7614295,25742.7614295,25742.7614295,25742.7614295,25742.7614295,25742.7614295,25742.7614295,25742.7614295,25742.7614295,25742.7614295,25742.7614295,25742.7614295,25742.7614295,25742.7614295,25742.7614295,25742.7614295,25742.7614295,25742.7614295,25742.7614295,25742.7614295,25742.7614295,25742.7614295,25742.7614295,25742.7614295,25742.7614295,25742.7614295,25742.7614295,25742.7614295,25742.7614295,25742.7614295,25742.7614295,25742.7614295,25742.7614295,25742.7614295,25742.7614295,25742.7614295,25742.7614295,25742.7614295,25742.7614295,25742.7614295,25742.7614295,25742.7614295,25742.7614295,25742.7614295,25742.7614295,25742.7614295,25742.7614295,25742.7614295,25742.7614295,25742.7614295,25742.7614295,25742.7614295,25742.7614295,25742.7614295,25742.7614295,25742.7614295,25742.7614295,25742.7614295,25742.7614295,25742.7614295,25742.7614295,25742.7614295,25742.7614295,25742.7614295,25742.7614295,25742.7614295,25742.7614295,25742.7614295,25742.7614295,25742.7614295,25742.7614295,25742.7614295,25742.7614295,25742.7614295,25742.7614295,25742.7614295,25742.7614295,25742.7614295,25742.7614295,25742.7614295,25742.7614295,25742.7614295,25742.7614295,25742.7614295,25742.7614295,25742.7614295,25742.7614295,25742.7614295,25742.7614295,25742.7614295,25742.7614295,25742.7614295,25742.7614295,25742.7614295,25742.7614295,25742.7614295,25742.7614295,25742.7614295,25742.7614295,25742.7614295,25742.7614295,25742.7614295,25742.7614295,25742.7614295,25742.7614295,25742.7614295,25742.7614295,25742.7614295,25742.7614295,25742.7614295,25742.7614295,25742.7614295,25742.7614295,25742.7614295,25742.7614295,25742.7614295,25742.7614295,25742.7614295,25742.7614295,25742.7614295,25742.7614295,25742.7614295,25742.7614295,25742.7614295,25742.7614295,25742.7614295,25742.7614295,25742.7614295,25742.7614295,25742.7614295,25742.7614295,25742.7614295,25742.7614295,25742.7614295,25742.7614295,25742.7614295,25742.7614295,25742.7614295,25742.7614295,25742.7614295,25742.7614295,25742.7614295,25742.7614295,25742.7614295,25742.7614295,25742.7614295,25742.7614295,25742.7614295,25742.7614295,25742.7614295,25742.7614295,25742.7614295,25742.7614295,25742.7614295,25742.7614295,25742.7614295,25742.7614295,25742.7614295,25742.7614295,25742.7614295,25742.7614295,25742.7614295,25742.7614295,25742.7614295,25742.7614295,25742.7614295,25742.7614295,25742.7614295,25742.7614295,25742.7614295,25742.7614295,25742.7614295,25742.7614295,25742.7614295,25742.7614295,25742.7614295,25742.7614295,25742.7614295,25742.7614295,25742.7614295,25742.7614295,25742.7614295,25742.7614295,25742.7614295,25742.7614295,25742.7614295,25742.7614295,25742.7614295,25742.7614295,25742.7614295,25742.7614295,25742.7614295,25742.7614295,25742.7614295,25742.7614295,25742.7614295,25742.7614295,25742.7614295,25742.7614295,25742.7614295,25742.7614295,25742.7614295,25742.7614295,25742.7614295,25742.7614295,25742.7614295,25742.7614295,25742.7614295,25742.7614295,25742.7614295,25742.7614295,25742.7614295,25742.7614295,25742.7614295,25742.7614295,25742.7614295,25742.7614295,25742.7614295,25742.7614295,25742.7614295,25742.7614295,25742.7614295,25742.7614295,25742.7614295,25742.7614295,25742.7614295,25742.7614295,25742.7614295,25742.7614295,25742.7614295,25742.7614295,25742.7614295,25742.7614295,25742.7614295,25742.7614295,25742.7614295,25742.7614295,25742.7614295,25742.7614295,25742.7614295,25742.7614295,25742.7614295,25742.7614295,25742.7614295,25742.7614295,25742.7614295,25742.7614295,25742.7614295,25742.7614295,25742.7614295,25742.7614295,25742.7614295,25742.7614295,25742.7614295,25742.7614295,25742.7614295,25742.7614295,25742.7614295,25742.7614295,25742.7614295,25742.7614295,25742.7614295,25742.7614295,25742.7614295,25742.7614295,25742.7614295,25742.7614295,25742.7614295,25742.7614295,25742.7614295,25742.7614295,25742.7614295,25742.7614295,25742.7614295,25742.7614295,25742.7614295,25742.7614295,25742.7614295,25742.7614295,25742.7614295,25742.7614295,25742.7614295,25742.7614295,25742.7614295,25742.7614295,25742.7614295,25742.7614295,25742.7614295,25742.7614295,25742.7614295,25742.7614295,25742.7614295,25742.7614295,25742.7614295,25742.7614295,25742.7614295,25742.7614295,25742.7614295,25742.7614295,25742.7614295,25742.7614295,25742.7614295,25742.7614295,25742.7614295,25742.7614295,25742.7614295,25742.7614295,25742.7614295,25742.7614295,25742.7614295,25742.7614295,25742.7614295,25742.7614295,25742.7614295,25742.7614295,25742.7614295,25742.7614295,25742.7614295,25742.7614295,25742.7614295,25742.7614295,25742.7614295,25742.7614295,25742.7614295,25742.7614295,25742.7614295,25742.7614295,25742.7614295,25742.7614295,25742.7614295,25742.7614295,25742.7614295,25742.7614295,25742.7614295,25742.7614295,25742.7614295,25742.7614295,25742.7614295,25742.7614295,25742.7614295,25742.7614295,25742.7614295,25742.7614295,25742.7614295,25742.7614295,25742.7614295,25742.7614295,25742.7614295,25742.7614295,25742.7614295,25742.7614295,25742.7614295,25742.7614295,25742.7614295,25742.7614295,25742.7614295,25742.7614295,25742.7614295,25742.7614295,25742.7614295,25742.7614295,25742.7614295,25742.7614295,25742.7614295,25742.7614295,25742.7614295,25742.7614295,25742.7614295,25742.7614295,25742.7614295,25742.7614295,25742.7614295,25742.7614295,25742.7614295,25742.7614295,25742.7614295,25742.7614295,25742.7614295,25742.7614295,25742.7614295,25742.7614295,25742.7614295,25742.7614295,25742.7614295,25742.7614295,25742.7614295,25742.7614295,25742.7614295,25742.7614295,25742.7614295,25742.7614295,25742.7614295,25742.7614295,25742.7614295,25742.7614295,25742.7614295,25742.7614295,25742.7614295,25742.7614295,25742.7614295,25742.7614295,25742.7614295,25742.7614295,25742.7614295,25742.7614295,25742.7614295,25742.7614295,25742.7614295,25742.7614295,25742.7614295,25742.7614295,25742.7614295,25742.7614295,25742.7614295,25742.7614295,25742.7614295,25742.7614295,25742.7614295,25742.7614295,25742.7614295,25742.7614295,25742.7614295,25742.7614295,25742.7614295,25742.7614295,25742.7614295,25742.7614295,25742.7614295,25742.7614295,25742.7614295,25742.7614295,25742.7614295,25742.7614295,25742.7614295,25742.7614295,25742.7614295,25742.7614295,25742.7614295,25742.7614295,25742.7614295,25742.7614295,25742.7614295,25742.7614295,25742.7614295,25742.7614295,25742.7614295,25742.7614295,25742.7614295,25742.7614295,25742.7614295,25742.7614295,25742.7614295,25742.7614295,25742.7614295,25742.7614295,25742.7614295,25742.7614295,25742.7614295,25742.7614295,25742.7614295,25742.7614295,25742.7614295,25742.7614295,25742.7614295,25742.7614295,25742.7614295,25742.7614295,25742.7614295,25742.7614295,25742.7614295,25742.7614295,25742.7614295,25742.7614295,25742.7614295,25742.7614295,25742.7614295,25742.7614295,25742.7614295,25742.7614295,25742.7614295,25742.7614295,25742.7614295,25742.7614295,25742.7614295,25742.7614295,25742.7614295,25742.7614295,25742.7614295,25742.7614295,25742.7614295,25742.7614295,25742.7614295,25742.7614295,25742.7614295,25742.7614295,25742.7614295,25742.7614295,25742.7614295,25742.7614295,25742.7614295,25742.7614295,25742.7614295,25742.7614295,25742.7614295,25742.7614295,25742.7614295,25742.7614295,25742.7614295,25742.7614295,25742.7614295,25742.7614295,25742.7614295,25742.7614295,25742.7614295,25742.7614295,25742.7614295,25742.7614295,25742.7614295,25742.7614295,25742.7614295,25742.7614295,25742.7614295,25742.7614295,25742.7614295,25742.7614295,25742.7614295,25742.7614295,25742.7614295,25742.7614295,25742.7614295,25742.7614295,25742.7614295,25742.7614295,25742.7614295,25742.7614295,25742.7614295,25742.7614295,25742.7614295,25742.7614295,25742.7614295,25742.7614295,25742.7614295,25742.7614295,25742.7614295,25742.7614295,25742.7614295,25742.7614295,25742.7614295,25742.7614295,25742.7614295,25742.7614295,25742.7614295,25742.7614295,25742.7614295,25742.7614295,25742.7614295,25742.7614295,25742.7614295,25742.7614295,25742.7614295,25742.7614295,25742.7614295,25742.7614295,25742.7614295,25742.7614295,25742.7614295,25742.7614295,25742.7614295,25742.7614295,25742.7614295,25742.7614295,25742.7614295,25742.7614295,25742.7614295,25742.7614295,25742.7614295,25742.7614295,25742.7614295,25742.7614295,25742.7614295,25742.7614295,25742.7614295,25742.7614295,25742.7614295,25742.7614295,25742.7614295,25742.7614295,25742.7614295,25742.7614295,25742.7614295,25742.7614295,25742.7614295,25742.7614295,25742.7614295,25742.7614295,25742.7614295,25742.7614295,25742.7614295,25742.7614295,25742.7614295,25742.7614295,25742.7614295,25742.7614295,25742.7614295,25742.7614295,25742.7614295,25742.7614295,25742.7614295,25742.7614295,25742.7614295,25742.7614295,25742.7614295,25742.7614295,25742.7614295,25742.7614295,25742.7614295,25742.7614295,25742.7614295,25742.7614295,25742.7614295,25742.7614295,25742.7614295,25742.7614295,25742.7614295,25742.7614295,25742.7614295,25742.7614295,25742.7614295,25742.7614295,25742.7614295,25742.7614295,25742.7614295,25742.7614295,25742.7614295,25742.7614295,25742.7614295,25742.7614295,25742.7614295,25742.7614295,25742.7614295,25742.7614295,25742.7614295,25742.7614295,25742.7614295,25742.7614295,25742.7614295,25742.7614295,25742.7614295,25742.7614295,25742.7614295,25742.7614295,25742.7614295,25742.7614295,25742.7614295,25742.7614295,25742.7614295,25742.7614295,25742.7614295,25742.7614295,25742.7614295,25742.7614295,25742.7614295,25742.7614295,25742.7614295,25742.7614295,25742.7614295,25742.7614295,25742.7614295,25742.7614295,25742.7614295,25742.7614295,25742.7614295,25742.7614295,25742.7614295,25742.7614295,25742.7614295,25742.7614295,25742.7614295,25742.7614295,25742.7614295,25742.7614295,25742.7614295,25742.7614295,25742.7614295,25742.7614295,25742.7614295,25742.7614295,25742.7614295,25742.7614295,25742.7614295,25742.7614295,25742.7614295,25742.7614295,25742.7614295,25742.7614295,25742.7614295,25742.7614295,25742.7614295,25742.7614295,25742.7614295,25742.7614295,25742.7614295,25742.7614295,25742.7614295,25742.7614295,25742.7614295,25742.7614295,25742.7614295,25742.7614295,25742.7614295,25742.7614295,25742.7614295,25742.7614295,25742.7614295,25742.7614295,25742.7614295,25742.7614295,25742.7614295,25742.7614295,25742.7614295,25742.7614295,25742.7614295,25742.7614295,25742.7614295,25742.7614295,25742.7614295,25742.7614295,25742.7614295,25742.7614295,25742.7614295,25742.7614295,25742.7614295,25742.7614295,25742.7614295,25742.7614295,25742.7614295,25742.7614295,25742.7614295,25742.7614295,25742.7614295,25742.7614295,25742.7614295,25742.7614295,25742.7614295,25742.7614295,25742.7614295,25742.7614295,25742.7614295,25742.7614295,25742.7614295,25742.7614295,25742.7614295,25742.7614295,25742.7614295,25742.7614295,25742.7614295,25742.7614295,25742.7614295,25742.7614295,25742.7614295,25742.7614295,25742.7614295,25742.7614295,25742.7614295,25742.7614295,25742.7614295,25742.7614295,25742.7614295,25742.7614295,25742.7614295,25742.7614295,25742.7614295,25742.7614295,25742.7614295,25742.7614295,25742.7614295,25742.7614295,25742.7614295,25742.7614295,25742.7614295,25742.7614295,25742.7614295,25742.7614295,25742.7614295,25742.7614295,25742.7614295,25742.7614295,25742.7614295,25742.7614295,25742.7614295,25742.7614295,25742.7614295,25742.7614295,25742.7614295,25742.7614295,25742.7614295,25742.7614295,25742.7614295,25742.7614295,25742.7614295,25742.7614295,25742.7614295,25742.7614295,25742.7614295,25742.7614295,25742.7614295,25742.7614295,25742.7614295,25742.7614295,25742.7614295,25742.7614295,25742.7614295,25742.7614295,25742.7614295,25742.7614295,25742.7614295,25742.7614295,25742.7614295,25742.7614295,25742.7614295,25742.7614295,25742.7614295,25742.7614295,25742.7614295,25742.7614295,25742.7614295,25742.7614295,25742.7614295,25742.7614295,25742.7614295,25742.7614295,25742.7614295,25742.7614295,25742.7614295,25742.7614295,25742.7614295,25742.7614295,25742.7614295,25742.7614295,25742.7614295,25742.7614295,25742.7614295,25742.7614295,25742.7614295,25742.7614295,25742.7614295,25742.7614295,25742.7614295,25742.7614295,25742.7614295,25742.7614295,25742.7614295,25742.7614295,25742.7614295,25742.7614295,25742.7614295,25742.7614295,25742.7614295,25742.7614295,25742.7614295,25742.7614295,25742.7614295,25742.7614295,25742.7614295,25742.7614295,25742.7614295,25742.7614295,25742.7614295,25742.7614295,25742.7614295,25742.7614295,25742.7614295,25742.7614295,25742.7614295,25742.7614295,25742.7614295,25742.7614295,25742.7614295,25742.7614295,25742.7614295,25742.7614295,25742.7614295,25742.7614295,25742.7614295,25742.7614295,25742.7614295,25742.7614295,25742.7614295,25742.7614295,25742.7614295,25742.7614295,25742.7614295,25742.7614295,25742.7614295,25742.7614295,25742.7614295,25742.7614295,25742.7614295,25742.7614295,25742.7614295,25742.7614295,25742.7614295,25742.7614295,25742.7614295,25742.7614295,25742.7614295,25742.7614295,25742.7614295,25742.7614295,25742.7614295,25742.7614295,25742.7614295,25742.7614295,25742.7614295,25742.7614295,25742.7614295,25742.7614295,25742.7614295,25742.7614295,25742.7614295,25742.7614295,25742.7614295,25742.7614295,25742.7614295,25742.7614295,25742.7614295,25742.7614295,25742.7614295,25742.7614295,25742.7614295,25742.7614295,25742.7614295,25742.7614295,25742.7614295,25742.7614295,25742.7614295,25742.7614295,25742.7614295,25742.7614295,25742.7614295,25742.7614295,25742.7614295,25742.7614295,25742.7614295,25742.7614295,25742.7614295,25742.7614295,25742.7614295,25742.7614295,25742.7614295,25742.7614295,25742.7614295,25742.7614295,25742.7614295,25742.7614295,25742.7614295,25742.7614295,25742.7614295,25742.7614295,25742.7614295,25742.7614295,25742.7614295,25742.7614295,25742.7614295,25742.7614295,25742.7614295,25742.7614295,25742.7614295,25742.7614295,25742.7614295,25742.7614295,25742.7614295,25742.7614295,25742.7614295,25742.7614295,25742.7614295,25742.7614295,25742.7614295,25742.7614295,25742.7614295,25742.7614295,25742.7614295,25742.7614295,25742.7614295,25742.7614295,25742.7614295,25742.7614295,25742.7614295,25742.7614295,25742.7614295,25742.7614295,25742.7614295,25742.7614295,25742.7614295,25742.7614295,25742.7614295,25742.7614295,25742.7614295,25742.7614295,25742.7614295,25742.7614295,25742.7614295,25742.7614295,25742.7614295,25742.7614295,25742.7614295,25742.7614295,25742.7614295,25742.7614295,25742.7614295,25742.7614295,25742.7614295,25742.7614295,25742.7614295,25742.7614295,25742.7614295,25742.7614295,25742.7614295,25742.7614295,25742.7614295,25742.7614295,25742.7614295,25742.7614295,25742.7614295,25742.7614295,25742.7614295,25742.7614295,25742.7614295,25742.7614295,25742.7614295,25742.7614295,25742.7614295,25742.7614295,25742.7614295,25742.7614295,25742.7614295,25742.7614295,25742.7614295,25742.7614295,25742.7614295,25742.7614295,25742.7614295,25742.7614295,25742.7614295,25742.7614295,25742.7614295,25742.7614295,25742.7614295,25742.7614295,25742.7614295,25742.7614295,25742.7614295,25742.7614295,25742.7614295,25742.7614295,25742.7614295,25742.7614295,25742.7614295,25742.7614295,25742.7614295,25742.7614295,25742.7614295,25742.7614295,25742.7614295,25742.7614295,25742.7614295,25742.7614295,25742.7614295,25742.7614295,25742.7614295,25742.7614295,25742.7614295,25742.7614295,25742.7614295,25742.7614295,25742.7614295,25742.7614295,25742.7614295,25742.7614295,25742.7614295,25742.7614295,25742.7614295,25742.7614295,25742.7614295,25742.7614295,25742.7614295,25742.7614295,25742.7614295,25742.7614295,25742.7614295,25742.7614295,25742.7614295,25742.7614295,25742.7614295,25742.7614295,25742.7614295,25742.7614295,25742.7614295,25742.7614295,25742.7614295,25742.7614295,25742.7614295,25742.7614295,25742.7614295,25742.7614295,25742.7614295,25742.7614295,25742.7614295,25742.7614295,25742.7614295,25742.7614295,25742.7614295,25742.7614295,25742.7614295,25742.7614295,25742.7614295,25742.7614295,25742.7614295,25742.7614295,25742.7614295,25742.7614295,25742.7614295,25742.7614295,25742.7614295,25742.7614295,25742.7614295,25742.7614295,25742.7614295,25742.7614295,25742.7614295,25742.7614295,25742.7614295,25742.7614295,25742.7614295,25742.7614295,25742.7614295,25742.7614295,25742.7614295,25742.7614295,25742.7614295,25742.7614295,25742.7614295,25742.7614295,25742.7614295,25742.7614295,25742.7614295,25742.7614295,25742.7614295,25742.7614295,25742.7614295,25742.7614295,25742.7614295,25742.7614295,25742.7614295,25742.7614295,25742.7614295,25742.7614295,25742.7614295,25742.7614295,25742.7614295,25742.7614295,25742.7614295,25742.7614295,25742.7614295,25742.7614295,25742.7614295,25742.7614295,25742.7614295,25742.7614295,25742.7614295,25742.7614295,25742.7614295,25742.7614295,25742.7614295,25742.7614295,25742.7614295,25742.7614295,25742.7614295,25742.7614295,25742.7614295,25742.7614295,25742.7614295,25742.7614295,25742.7614295,25742.7614295,25742.7614295,25742.7614295,25742.7614295,25742.7614295,25742.7614295,25742.7614295,25742.7614295,25742.7614295,25742.7614295,25742.7614295,25742.7614295,25742.7614295,25742.7614295,25742.7614295,25742.7614295,25742.7614295,25742.7614295,25742.7614295,25742.7614295,25742.7614295,25742.7614295,25742.7614295,25742.7614295,25742.7614295,25742.7614295,25742.7614295,25742.7614295,25742.7614295,25742.7614295,25742.7614295,25742.7614295,25742.7614295,25742.7614295,25742.7614295,25742.7614295,25742.7614295,25742.7614295,25742.7614295,25742.7614295,25742.7614295,25742.7614295,25742.7614295,25742.7614295,25742.7614295,25742.7614295,25742.7614295,25742.7614295,25742.7614295,25742.7614295,25742.7614295,25742.7614295,25742.7614295,25742.7614295,25742.7614295,25742.7614295,25742.7614295,25742.7614295,25742.7614295,25742.7614295,25742.7614295,25742.7614295,25742.7614295,25742.7614295,25742.7614295,25742.7614295,25742.7614295,25742.7614295,25742.7614295,25742.7614295,25742.7614295,25742.7614295,25742.7614295,25742.7614295,25742.7614295,25742.7614295,25742.7614295,25742.7614295,25742.7614295,25742.7614295,25742.7614295,25742.7614295,25742.7614295,25742.7614295,25742.7614295,25742.7614295,25742.7614295,25742.7614295,25742.7614295,25742.7614295,25742.7614295,25742.7614295,25742.7614295,25742.7614295,25742.7614295,25742.7614295,25742.7614295,25742.7614295,25742.7614295,25742.7614295,25742.7614295,25742.7614295,25742.7614295,25742.7614295,25742.7614295,25742.7614295,25742.7614295,25742.7614295,25742.7614295,25742.7614295,25742.7614295,25742.7614295,25742.7614295,25742.7614295,25742.7614295,25742.7614295,25742.7614295,25742.7614295,25742.7614295,25742.7614295,25742.7614295,25742.7614295,25742.7614295,25742.7614295,25742.7614295,25742.7614295,25742.7614295,25742.7614295,25742.7614295,25742.7614295,25742.7614295,25742.7614295,25742.7614295,25742.7614295,25742.7614295,25742.7614295,25742.7614295,25742.7614295,25742.7614295,25742.7614295,25742.7614295,25742.7614295,25742.7614295,25742.7614295,25742.7614295,25742.7614295,25742.7614295,25742.7614295,25742.7614295,25742.7614295,25742.7614295,25742.7614295,25742.7614295,25742.7614295,25742.7614295,25742.7614295,25742.7614295,25742.7614295,25742.7614295,25742.7614295,25742.7614295,25742.7614295,25742.7614295,25742.7614295,25742.7614295,25742.7614295,25742.7614295,25742.7614295,25742.7614295,25742.7614295,25742.7614295,25742.7614295,25742.7614295,25742.7614295,25742.7614295,25742.7614295,25742.7614295,25742.7614295,25742.7614295,25742.7614295,25742.7614295,25742.7614295,25742.7614295,25742.7614295,25742.7614295,25742.7614295,25742.7614295,25742.7614295,25742.7614295,25742.7614295,25742.7614295,25742.7614295,25742.7614295,25742.7614295,25742.7614295,25742.7614295,25742.7614295,25742.7614295,25742.7614295,25742.7614295,25742.7614295,25742.7614295,25742.7614295,25742.7614295,25742.7614295,25742.7614295,25742.7614295,25742.7614295,25742.7614295,25742.7614295,25742.7614295,25742.7614295,25742.7614295,25742.7614295,25742.7614295,25742.7614295,25742.7614295,25742.7614295,25742.7614295,25742.7614295,25742.7614295,25742.7614295,25742.7614295,25742.7614295,25742.7614295,25742.7614295,25742.7614295,25742.7614295,25742.7614295,25742.7614295,25742.7614295,25742.7614295,25742.7614295,25742.7614295,25742.7614295,25742.7614295,25742.7614295,25742.7614295,25742.7614295,25742.7614295,25742.7614295,25742.7614295,25742.7614295,25742.7614295,25742.7614295,25742.7614295,25742.7614295,25742.7614295,25742.7614295,25742.7614295,25742.7614295,25742.7614295,25742.7614295,25742.7614295,25742.7614295,25742.7614295,25742.7614295,25742.7614295,25742.7614295,25742.7614295,25742.7614295,25742.7614295,25742.7614295,25742.7614295,25742.7614295,25742.7614295,25742.7614295,25742.7614295,25742.7614295,25742.7614295,25742.7614295,25742.7614295,25742.7614295,25742.7614295,25742.7614295,25742.7614295,25742.7614295,25742.7614295,25742.7614295,25742.7614295,25742.7614295,25742.7614295,25742.7614295,25742.7614295,25742.7614295,25742.7614295,25742.7614295,25742.7614295,25742.7614295,25742.7614295,25742.7614295,25742.7614295,25742.7614295,25742.7614295,25742.7614295,25742.7614295,25742.7614295,25742.7614295,25742.7614295,25742.7614295,25742.7614295,25742.7614295,25742.7614295,25742.7614295,25742.7614295,25742.7614295,25742.7614295,25742.7614295,25742.7614295,25742.7614295,25742.7614295,25742.7614295,25742.7614295,25742.7614295,25742.7614295,25742.7614295,25742.7614295,25742.7614295,25742.7614295,25742.7614295,25742.7614295,25742.7614295,25742.7614295,25742.7614295,25742.7614295,25742.7614295,25742.7614295,25742.7614295,25742.7614295,25742.7614295,25742.7614295,25742.7614295,25742.7614295,25742.7614295,25742.7614295,25742.7614295,25742.7614295,25742.7614295,25742.7614295,25742.7614295,25742.7614295,25742.7614295,25742.7614295,25742.7614295,25742.7614295,25742.7614295,25742.7614295,25742.7614295,25742.7614295,25742.7614295,25742.7614295,25742.7614295,25742.7614295,25742.7614295,25742.7614295,25742.7614295,25742.7614295,25742.7614295,25742.7614295,25742.7614295,25742.7614295,25742.7614295,25742.7614295,25742.7614295,25742.7614295,25742.7614295,25742.7614295,25742.7614295,25742.7614295,25742.7614295,25742.7614295,25742.7614295,25742.7614295,25742.7614295,25742.7614295,25742.7614295,25742.7614295,25742.7614295,25742.7614295,25742.7614295,25742.7614295,25742.7614295,25742.7614295,25742.7614295,25742.7614295,25742.7614295,25742.7614295,25742.7614295,25742.7614295,25742.7614295,25742.7614295,25742.7614295,25742.7614295,25742.7614295,25742.7614295,25742.7614295,25742.7614295,25742.7614295,25742.7614295,25742.7614295,25742.7614295,25742.7614295,25742.7614295,25742.7614295,25742.7614295,25742.7614295,25742.7614295,25742.7614295,25742.7614295,25742.7614295,25742.7614295,25742.7614295,25742.7614295,25742.7614295,25742.7614295,25742.7614295,25742.7614295,25742.7614295,25742.7614295,25742.7614295,25742.7614295,25742.7614295,25742.7614295,25742.7614295,25742.7614295,25742.7614295,25742.7614295,25742.7614295,25742.7614295,25742.7614295,25742.7614295,25742.7614295,25742.7614295,25742.7614295,25742.7614295,25742.7614295,25742.7614295,25742.7614295,25742.7614295,25742.7614295,25742.7614295,25742.7614295,25742.7614295,25742.7614295,25742.7614295,25742.7614295,25742.7614295,25742.7614295,25742.7614295,25742.7614295,25742.7614295,25742.7614295,25742.7614295,25742.7614295,25742.7614295,25742.7614295,25742.7614295,25742.7614295,25742.7614295,25742.7614295,25742.7614295,25742.7614295,25742.7614295,25742.7614295,25742.7614295,25742.7614295,25742.7614295,25742.7614295,25742.7614295,25742.7614295,25742.7614295,25742.7614295,25742.7614295,25742.7614295,25742.7614295,25742.7614295,25742.7614295,25742.7614295,25742.7614295,25742.7614295,25742.7614295,25742.7614295,25742.7614295,25742.7614295,25742.7614295,25742.7614295,25742.7614295,25742.7614295,25742.7614295,25742.7614295,25742.7614295,25742.7614295,25742.7614295,25742.7614295,25742.7614295,25742.7614295,25742.7614295,25742.7614295,25742.7614295,25742.7614295,25742.7614295,25742.7614295,25742.7614295,25742.7614295,25742.7614295,25742.7614295,25742.7614295,25742.7614295,25742.7614295,25742.7614295,25742.7614295,25742.7614295,25742.7614295,25742.7614295,25742.7614295,25742.7614295,25742.7614295,25742.7614295,25742.7614295,25742.7614295,25742.7614295,25742.7614295,25742.7614295,25742.7614295,25742.7614295,25742.7614295,25742.7614295,25742.7614295,25742.7614295,25742.7614295,25742.7614295,25742.7614295,25742.7614295,25742.7614295,25742.7614295,25742.7614295,25742.7614295,25742.7614295,25742.7614295,25742.7614295,25742.7614295,25742.7614295,25742.7614295,25742.7614295,25742.7614295,25742.7614295,25742.7614295,25742.7614295,25742.7614295,25742.7614295,25742.7614295,25742.7614295,25742.7614295,25742.7614295,25742.7614295,25742.7614295,25742.7614295,25742.7614295,25742.7614295,25742.7614295,25742.7614295,25742.7614295,25742.7614295,25742.7614295,25742.7614295,25742.7614295,25742.7614295,25742.7614295,25742.7614295,25742.7614295,25742.7614295,25742.7614295,25742.7614295,25742.7614295,25742.7614295,25742.7614295,25742.7614295,25742.7614295,25742.7614295,25742.7614295,25742.7614295,25742.7614295,25742.7614295,25742.7614295,25742.7614295,25742.7614295,25742.7614295,25742.7614295,25742.7614295,25742.7614295,25742.7614295,25742.7614295,25742.7614295,25742.7614295,25742.7614295,25742.7614295,25742.7614295,25742.7614295,25742.7614295,25742.7614295,25742.7614295,25742.7614295,25742.7614295,25742.7614295,25742.7614295,25742.7614295,25742.7614295,25742.7614295,25742.7614295,25742.7614295,25742.7614295,25742.7614295,25742.7614295,25742.7614295,25742.7614295,25742.7614295,25742.7614295,25742.7614295,25742.7614295,25742.7614295,25742.7614295,25742.7614295,25742.7614295,25742.7614295,25742.7614295,25742.7614295,25742.7614295,25742.7614295,25742.7614295,25742.7614295,25742.7614295,25742.7614295,25742.7614295,25742.7614295,25742.7614295,25742.7614295,25742.7614295,25742.7614295,25742.7614295,25742.7614295,25742.7614295,25742.7614295,25742.7614295,25742.7614295,25742.7614295,25742.7614295,25742.7614295,25742.7614295,25742.7614295,25742.7614295,25742.7614295,25742.7614295,25742.7614295,25742.7614295,25742.7614295,25742.7614295,25742.7614295,25742.7614295,25742.7614295,25742.7614295,25742.7614295,25742.7614295,25742.7614295,25742.7614295,25742.7614295,25742.7614295,25742.7614295,25742.7614295,25742.7614295,25742.7614295,25742.7614295,25742.7614295,25742.7614295,25742.7614295,25742.7614295,25742.7614295,25742.7614295,25742.7614295,25742.7614295,25742.7614295,25742.7614295,25742.7614295,25742.7614295,25742.7614295,25742.7614295,25742.7614295,25742.7614295,25742.7614295,25742.7614295,25742.7614295,25742.7614295,25742.7614295,25742.7614295,25742.7614295,25742.7614295,25742.7614295,25742.7614295,25742.7614295,25742.7614295,25742.7614295,25742.7614295,25742.7614295,25742.7614295,25742.7614295,25742.7614295,25742.7614295,25742.7614295,25742.7614295,25742.7614295,25742.7614295,25742.7614295,25742.7614295,25742.7614295,25742.7614295,25742.7614295,25742.7614295,25742.7614295,25742.7614295,25742.7614295,25742.7614295,25742.7614295,25742.7614295,25742.7614295,25742.7614295,25742.7614295,25742.7614295,25742.7614295,25742.7614295,25742.7614295,25742.7614295,25742.7614295,25742.7614295,25742.7614295,25742.7614295,25742.7614295,25742.7614295,25742.7614295,25742.7614295,25742.7614295,25742.7614295,25742.7614295,25742.7614295,25742.7614295,25742.7614295,25742.7614295,25742.7614295,25742.7614295,25742.7614295,25742.7614295,25742.7614295,25742.7614295,25742.7614295,25742.7614295,25742.7614295,25742.7614295,25742.7614295,25742.7614295,25742.7614295,25742.7614295,25742.7614295,25742.7614295,25742.7614295,25742.7614295,25742.7614295,25742.7614295,25742.7614295,25742.7614295,25742.7614295,25742.7614295,25742.7614295,25742.7614295,25742.7614295,25742.7614295,25742.7614295,25742.7614295,25742.7614295,25742.7614295,25742.7614295,25742.7614295,25742.7614295,25742.7614295,25742.7614295,25742.7614295,25742.7614295,25742.7614295,25742.7614295,25742.7614295,25742.7614295,25742.7614295,25742.7614295,25742.7614295,25742.7614295,25742.7614295,25742.7614295,25742.7614295,25742.7614295,25742.7614295,25742.7614295,25742.7614295,25742.7614295,25742.7614295,25742.7614295,25742.7614295,25742.7614295,25742.7614295,25742.7614295,25742.7614295,25742.7614295,25742.7614295,25742.7614295,25742.7614295,25742.7614295,25742.7614295,25742.7614295,25742.7614295,25742.7614295,25742.7614295,25742.7614295,25742.7614295,25742.7614295,25742.7614295,25742.7614295,25742.7614295,25742.7614295,25742.7614295,25742.7614295,25742.7614295,25742.7614295,25742.7614295,25742.7614295,25742.7614295,25742.7614295,25742.7614295,25742.7614295,25742.7614295,25742.7614295,25742.7614295,25742.7614295,25742.7614295,25742.7614295,25742.7614295,25742.7614295,25742.7614295,25742.7614295,25742.7614295,25742.7614295,25742.7614295,25742.7614295,25742.7614295,25742.7614295,25742.7614295,25742.7614295,25742.7614295,25742.7614295,25742.7614295,25742.7614295,25742.7614295,25742.7614295,25742.7614295,25742.7614295,25742.7614295,25742.7614295,25742.7614295,25742.7614295,25742.7614295,25742.7614295,25742.7614295,25742.7614295,25742.7614295,25742.7614295,25742.7614295,25742.7614295,25742.7614295,25742.7614295,25742.7614295,25742.7614295,25742.7614295,25742.7614295,25742.7614295,25742.7614295,25742.7614295,25742.7614295,25742.7614295,25742.7614295,25742.7614295,25742.7614295,25742.7614295,25742.7614295,25742.7614295,25742.7614295,25742.7614295,25742.7614295,25742.7614295,25742.7614295,25742.7614295,25742.7614295,25742.7614295,25742.7614295,25742.7614295,25742.7614295,25742.7614295,25742.7614295,25742.7614295,25742.7614295,25742.7614295,25742.7614295,25742.7614295,25742.7614295,25742.7614295,25742.7614295,25742.7614295,25742.7614295,25742.7614295,25742.7614295,25742.7614295,25742.7614295,25742.7614295,25742.7614295,25742.7614295,25742.7614295,25742.7614295,25742.7614295,25742.7614295,25742.7614295,25742.7614295,25742.7614295,25742.7614295,25742.7614295,25742.7614295,25742.7614295,25742.7614295,25742.7614295,25742.7614295,25742.7614295,25742.7614295,25742.7614295,25742.7614295,25742.7614295,25742.7614295,25742.7614295,25742.7614295,25742.7614295,25742.7614295,25742.7614295,25742.7614295,25742.7614295,25742.7614295,25742.7614295,25742.7614295,25742.7614295,25742.7614295,25742.7614295,25742.7614295,25742.7614295,25742.7614295,25742.7614295,25742.7614295,25742.7614295,25742.7614295,25742.7614295,25742.7614295,25742.7614295,25742.7614295,25742.7614295,25742.7614295,25742.7614295,25742.7614295,25742.7614295,25742.7614295,25742.7614295,25742.7614295,25742.7614295,25742.7614295,25742.7614295,25742.7614295,25742.7614295,25742.7614295,25742.7614295,25742.7614295,25742.7614295,25742.7614295,25742.7614295,25742.7614295,25742.7614295,25742.7614295,25742.7614295,25742.7614295,25742.7614295,25742.7614295,25742.7614295,25742.7614295,25742.7614295,25742.7614295,25742.7614295,25742.7614295,25742.7614295,25742.7614295,25742.7614295,25742.7614295,25742.7614295,25742.7614295,25742.7614295,25742.7614295,25742.7614295,25742.7614295,25742.7614295,25742.7614295,25742.7614295,25742.7614295,25742.7614295,25742.7614295,25742.7614295,25742.7614295,25742.7614295,25742.7614295,25742.7614295,25742.7614295,25742.7614295,25742.7614295,25742.7614295,25742.7614295,25742.7614295,25742.7614295,25742.7614295,25742.7614295,25742.7614295,25742.7614295,25742.7614295,25742.7614295,25742.7614295,25742.7614295,25742.7614295,25742.7614295,25742.7614295,25742.7614295,25742.7614295,25742.7614295,25742.7614295,25742.7614295,25742.7614295,25742.7614295,25742.7614295,25742.7614295,25742.7614295,25742.7614295,25742.7614295,25742.7614295,25742.7614295,25742.7614295,25742.7614295,25742.7614295,25742.7614295,25742.7614295,25742.7614295,25742.7614295,25742.7614295,25742.7614295,25742.7614295,25742.7614295,25742.7614295,25742.7614295,25742.7614295,25742.7614295,25742.7614295,25742.7614295,25742.7614295,25742.7614295,25742.7614295,25742.7614295,25742.7614295,25742.7614295,25742.7614295,25742.7614295,25742.7614295,25742.7614295,25742.7614295,25742.7614295,25742.7614295,25742.7614295,25742.7614295,25742.7614295,25742.7614295,25742.7614295,25742.7614295,25742.7614295,25742.7614295,25742.7614295,25742.7614295,25742.7614295,25742.7614295,25742.7614295,25742.7614295,25742.7614295,25742.7614295,25742.7614295,25742.7614295,25742.7614295,25742.7614295,25742.7614295,25742.7614295,25742.7614295,25742.7614295,25742.7614295,25742.7614295,25742.7614295,25742.7614295,25742.7614295,25742.7614295,25742.7614295,25742.7614295,25742.7614295,25742.7614295,25742.7614295,25742.7614295,25742.7614295,25742.7614295,25742.7614295,25742.7614295,25742.7614295,25742.7614295,25742.7614295,25742.7614295,25742.7614295,25742.7614295,25742.7614295,25742.7614295,25742.7614295,25742.7614295,25742.7614295,25742.7614295,25742.7614295,25742.7614295,25742.7614295,25742.7614295,25742.7614295,25742.7614295,25742.7614295,25742.7614295,25742.7614295,25742.7614295,25742.7614295,25742.7614295,25742.7614295,25742.7614295,25742.7614295,25742.7614295,25742.7614295,25742.7614295,25742.7614295,25742.7614295,25742.7614295,25742.7614295,25742.7614295,25742.7614295,25742.7614295,25742.7614295,25742.7614295,25742.7614295,25742.7614295,25742.7614295,25742.7614295,25742.7614295,25742.7614295,25742.7614295,25742.7614295,25742.7614295,25742.7614295,25742.7614295,25742.7614295,25742.7614295,25742.7614295,25742.7614295,25742.7614295,25742.7614295,25742.7614295,25742.7614295,25742.7614295,25742.7614295,25742.7614295,25742.7614295,25742.7614295,25742.7614295,25742.7614295,25742.7614295,25742.7614295,25742.7614295,25742.7614295,25742.7614295,25742.7614295,25742.7614295,25742.7614295,25742.7614295,25742.7614295,25742.7614295,25742.7614295,25742.7614295,25742.7614295,25742.7614295,25742.7614295,25742.7614295,25742.7614295,25742.7614295,25742.7614295,25742.7614295,25742.7614295,25742.7614295,25742.7614295,25742.7614295,25742.7614295,25742.7614295,25742.7614295,25742.7614295,25742.7614295,25742.7614295,25742.7614295,25742.7614295,25742.7614295,25742.7614295,25742.7614295,25742.7614295,25742.7614295,25742.7614295,25742.7614295,25742.7614295,25742.7614295,25742.7614295,25742.7614295,25742.7614295,25742.7614295,25742.7614295,25742.7614295,25742.7614295,25742.7614295,25742.7614295,25742.7614295,25742.7614295,25742.7614295,25742.7614295,25742.7614295,25742.7614295,25742.7614295,25742.7614295,25742.7614295,25742.7614295,25742.7614295,25742.7614295,25742.7614295,25742.7614295,25742.7614295,25742.7614295,25742.7614295,25742.7614295,25742.7614295,25742.7614295,25742.7614295,25742.7614295,25742.7614295,25742.7614295,25742.7614295,25742.7614295,25742.7614295,25742.7614295,25742.7614295,25742.7614295,25742.7614295,25742.7614295,25742.7614295,25742.7614295,25742.7614295,25742.7614295,25742.7614295,25742.7614295,25742.7614295,25742.7614295,25742.7614295,25742.7614295,25742.7614295,25742.7614295,25742.7614295,25742.7614295,25742.7614295,25742.7614295,25742.7614295,25742.7614295,25742.7614295,25742.7614295,25742.7614295,25742.7614295,25742.7614295,25742.7614295,25742.7614295,25742.7614295,25742.7614295,25742.7614295,25742.7614295,25742.7614295,25742.7614295,25742.7614295,25742.7614295,25742.7614295,25742.7614295,25742.7614295,25742.7614295,25742.7614295,25742.7614295,25742.7614295,25742.7614295,25742.7614295,25742.7614295,25742.7614295,25742.7614295,25742.7614295,25742.7614295,25742.7614295,25742.7614295,25742.7614295,25742.7614295,25742.7614295,25742.7614295,25742.7614295,25742.7614295,25742.7614295,25742.7614295,25742.7614295,25742.7614295,25742.7614295,25742.7614295,25742.7614295,25742.7614295,25742.7614295,25742.7614295,25742.7614295,25742.7614295,25742.7614295,25742.7614295,25742.7614295,25742.7614295,25742.7614295,25742.7614295,25742.7614295,25742.7614295,25742.7614295,25742.7614295,25742.7614295,25742.7614295,25742.7614295,25742.7614295,25742.7614295,25742.7614295,25742.7614295,25742.7614295,25742.7614295,25742.7614295,25742.7614295,25742.7614295,25742.7614295,25742.7614295,25742.7614295,25742.7614295,25742.7614295,25742.7614295,25742.7614295,25742.7614295,25742.7614295,25742.7614295,25742.7614295,25742.7614295,25742.7614295,25742.7614295,25742.7614295,25742.7614295,25742.7614295,25742.7614295,25742.7614295,25742.7614295,25742.7614295,25742.7614295,25742.7614295,25742.7614295,25742.7614295,25742.7614295,25742.7614295,25742.7614295,25742.7614295,25742.7614295,25742.7614295,25742.7614295,25742.7614295,25742.7614295,25742.7614295,25742.7614295,25742.7614295,25742.7614295,25742.7614295,25742.7614295,25742.7614295,25742.7614295,25742.7614295,25742.7614295,25742.7614295,25742.7614295,25742.7614295,25742.7614295,25742.7614295,25742.7614295,25742.7614295,25742.7614295,25742.7614295,25742.7614295,25742.7614295,25742.7614295,25742.7614295,25742.7614295,25742.7614295,25742.7614295,25742.7614295,25742.7614295,25742.7614295,25742.7614295,25742.7614295,25742.7614295,25742.7614295,25742.7614295,25742.7614295,25742.7614295,25742.7614295,25742.7614295,25742.7614295,25742.7614295,25742.7614295,25742.7614295,25742.7614295,25742.7614295,25742.7614295,25742.7614295,25742.7614295,25742.7614295,25742.7614295,25742.7614295,25742.7614295,25742.7614295,25742.7614295,25742.7614295,25742.7614295,25742.7614295,25742.7614295,25742.7614295,25742.7614295,25742.7614295,25742.7614295,25742.7614295,25742.7614295,25742.7614295,25742.7614295,25742.7614295,25742.7614295,25742.7614295,25742.7614295,25742.7614295,25742.7614295,25742.7614295,25742.7614295,25742.7614295,25742.7614295,25742.7614295,25742.7614295,25742.7614295,25742.7614295,25742.7614295,25742.7614295,25742.7614295,25742.7614295,25742.7614295,25742.7614295,25742.7614295,25742.7614295,25742.7614295,25742.7614295,25742.7614295,25742.7614295,25742.7614295,25742.7614295,25742.7614295,25742.7614295,25742.7614295,25742.7614295,25742.7614295,25742.7614295,25742.7614295,25742.7614295,25742.7614295,25742.7614295,25742.7614295,25742.7614295,25742.7614295,25742.7614295,25742.7614295,25742.7614295,25742.7614295,25742.7614295,25742.7614295,25742.7614295,25742.7614295,25742.7614295,25742.7614295,25742.7614295,25742.7614295,25742.7614295,25742.7614295,25742.7614295,25742.7614295,25742.7614295,25742.7614295,25742.7614295,25742.7614295,25742.7614295,25742.7614295,25742.7614295,25742.7614295,25742.7614295,25742.7614295,25742.7614295,25742.7614295,25742.7614295,25742.7614295,25742.7614295,25742.7614295,25742.7614295,25742.7614295,25742.7614295,25742.7614295,25742.7614295,25742.7614295,25742.7614295,25742.7614295,25742.7614295,25742.7614295,25742.7614295,25742.7614295,25742.7614295,25742.7614295,25742.7614295,25742.7614295,25742.7614295,25742.7614295,25742.7614295,25742.7614295,25742.7614295,25742.7614295,25742.7614295,25742.7614295,25742.7614295,25742.7614295,25742.7614295,25742.7614295,25742.7614295,25742.7614295,25742.7614295,25742.7614295,25742.7614295,25742.7614295,25742.7614295,25742.7614295,25742.7614295,25742.7614295,25742.7614295,25742.7614295,25742.7614295,25742.7614295,25742.7614295,25742.7614295,25742.7614295,25742.7614295,25742.7614295,25742.7614295,25742.7614295,25742.7614295,25742.7614295,25742.7614295,25742.7614295,25742.7614295,25742.7614295,25742.7614295,25742.7614295,25742.7614295,25742.7614295,25742.7614295,25742.7614295,25742.7614295,25742.7614295,25742.7614295,25742.7614295,25742.7614295,25742.7614295,25742.7614295,25742.7614295,25742.7614295,25742.7614295,25742.7614295,25742.7614295,25742.7614295,25742.7614295,25742.7614295,25742.7614295,25742.7614295,25742.7614295,25742.7614295,25742.7614295,25742.7614295,25742.7614295,25742.7614295,25742.7614295,25742.7614295,25742.7614295,25742.7614295,25742.7614295,25742.7614295,25742.7614295,25742.7614295,25742.7614295,25742.7614295,25742.7614295,25742.7614295,25742.7614295,25742.7614295,25742.7614295,25742.7614295,25742.7614295,25742.7614295,25742.7614295,25742.7614295,25742.7614295,25742.7614295,25742.7614295,25742.7614295,25742.7614295,25742.7614295,25742.7614295,25742.7614295,25742.7614295,25742.7614295,25742.7614295,25742.7614295,25742.7614295,25742.7614295,25742.7614295,25742.7614295,25742.7614295,25742.7614295,25742.7614295,25742.7614295,25742.7614295,25742.7614295,25742.7614295,25742.7614295,25742.7614295,25742.7614295,25742.7614295,25742.7614295,25742.7614295,25742.7614295,25742.7614295,25742.7614295,25742.7614295,25742.7614295,25742.7614295,25742.7614295,25742.7614295,25742.7614295,25742.7614295,25742.7614295,25742.7614295,25742.7614295,25742.7614295,25742.7614295,25742.7614295,25742.7614295,25742.7614295,25742.7614295,25742.7614295,25742.7614295,25742.7614295,25742.7614295,25742.7614295,25742.7614295,25742.7614295,25742.7614295,25742.7614295,25742.7614295,25742.7614295,25742.7614295,25742.7614295,25742.7614295,25742.7614295,25742.7614295,25742.7614295,25742.7614295,25742.7614295,25742.7614295,25742.7614295,25742.7614295,25742.7614295,25742.7614295,25742.7614295,25742.7614295,25742.7614295,25742.7614295,25742.7614295,25742.7614295,25742.7614295,25742.7614295,25742.7614295,25742.7614295,25742.7614295,25742.7614295,25742.7614295,25742.7614295,25742.7614295,25742.7614295,25742.7614295,25742.7614295,25742.7614295,25742.7614295,25742.7614295,25742.7614295,25742.7614295,25742.7614295,25742.7614295,25742.7614295,25742.7614295,25742.7614295,25742.7614295,25742.7614295,25742.7614295,25742.7614295,25742.7614295,25742.7614295,25742.7614295,25742.7614295,25742.7614295,25742.7614295,25742.7614295,25742.7614295,25742.7614295,25742.7614295,25742.7614295,25742.7614295,25742.7614295,25742.7614295,25742.7614295,25742.7614295,25742.7614295,25742.7614295,25742.7614295,25742.7614295,25742.7614295,25742.7614295,25742.7614295,25742.7614295,25742.7614295,25742.7614295,25742.7614295,25742.7614295,25742.7614295,25742.7614295,25742.7614295,25742.7614295,25742.7614295,25742.7614295,25742.7614295,25742.7614295,25742.7614295,25742.7614295,25742.7614295,25742.7614295,25742.7614295,25742.7614295,25742.7614295,25742.7614295,25742.7614295,25742.7614295,25742.7614295,25742.7614295,25742.7614295,25742.7614295,25742.7614295,25742.7614295,25742.7614295,25742.7614295,25742.7614295,25742.7614295,25742.7614295,25742.7614295,25742.7614295,25742.7614295,25742.7614295,25742.7614295,25742.7614295,25742.7614295,25742.7614295,25742.7614295,25742.7614295,25742.7614295,25742.7614295,25742.7614295,25742.7614295,25742.7614295,25742.7614295,25742.7614295,25742.7614295,25742.7614295,25742.7614295,25742.7614295,25742.7614295,25742.7614295,25742.7614295,25742.7614295,25742.7614295,25742.7614295,25742.7614295,25742.7614295,25742.7614295,25742.7614295,25742.7614295,25742.7614295,25742.7614295,25742.7614295,25742.7614295,25742.7614295,25742.7614295,25742.7614295,25742.7614295,25742.7614295,25742.7614295,25742.7614295,25742.7614295,25742.7614295,25742.7614295,25742.7614295,25742.7614295,25742.7614295,25742.7614295,25742.7614295,25742.7614295,25742.7614295,25742.7614295,25742.7614295,25742.7614295,25742.7614295,25742.7614295,25742.7614295,25742.7614295,25742.7614295,25742.7614295,25742.7614295,25742.7614295,25742.7614295,25742.7614295,25742.7614295,25742.7614295,25742.7614295,25742.7614295,25742.7614295,25742.7614295,25742.7614295,25742.7614295,25742.7614295,25742.7614295,25742.7614295,25742.7614295,25742.7614295,25742.7614295,25742.7614295,25742.7614295,25742.7614295,25742.7614295,25742.7614295,25742.7614295,25742.7614295,25742.7614295,25742.7614295,25742.7614295,25742.7614295,25742.7614295,25742.7614295,25742.7614295,25742.7614295,25742.7614295,25742.7614295,25742.7614295,25742.7614295,25742.7614295,25742.7614295,25742.7614295,25742.7614295,25742.7614295,25742.7614295,25742.7614295,25742.7614295,25742.7614295,25742.7614295,25742.7614295,25742.7614295,25742.7614295,25742.7614295,25742.7614295,25742.7614295,25742.7614295,25742.7614295,25742.7614295,25742.7614295,25742.7614295,25742.7614295,25742.7614295,25742.7614295,25742.7614295,25742.7614295,25742.7614295,25742.7614295,25742.7614295,25742.7614295,25742.7614295,25742.7614295,25742.7614295,25742.7614295,25742.7614295,25742.7614295,25742.7614295,25742.7614295,25742.7614295,25742.7614295,25742.7614295,25742.7614295,25742.7614295,25742.7614295,25742.7614295,25742.7614295,25742.7614295,25742.7614295,25742.7614295,25742.7614295,25742.7614295,25742.7614295,25742.7614295,25742.7614295,25742.7614295,25742.7614295,25742.7614295,25742.7614295,25742.7614295,25742.7614295,25742.7614295,25742.7614295,25742.7614295,25742.7614295,25742.7614295,25742.7614295,25742.7614295,25742.7614295,25742.7614295,25742.7614295,25742.7614295,25742.7614295,25742.7614295,25742.7614295,25742.7614295,25742.7614295,25742.7614295,25742.7614295,25742.7614295,25742.7614295,25742.7614295,25742.7614295,25742.7614295,25742.7614295,25742.7614295,25742.7614295,25742.7614295,25742.7614295,25742.7614295,25742.7614295,25742.7614295,25742.7614295,25742.7614295,25742.7614295,25742.7614295,25742.7614295,25742.7614295,25742.7614295,25742.7614295,25742.7614295,25742.7614295,25742.7614295,25742.7614295,25742.7614295,25742.7614295,25742.7614295,25742.7614295,25742.7614295,25742.7614295,25742.7614295,25742.7614295,25742.7614295,25742.7614295,25742.7614295,25742.7614295,25742.7614295,25742.7614295,25742.7614295,25742.7614295,25742.7614295,25742.7614295,25742.7614295,25742.7614295,25742.7614295,25742.7614295,25742.7614295,25742.7614295,25742.7614295,25742.7614295,25742.7614295,25742.7614295,25742.7614295,25742.7614295,25742.7614295,25742.7614295,25742.7614295,25742.7614295,25742.7614295,25742.7614295,25742.7614295,25742.7614295,25742.7614295,25742.7614295,25742.7614295,25742.7614295,25742.7614295,25742.7614295,25742.7614295,25742.7614295,25742.7614295,25742.7614295,25742.7614295,25742.7614295,25742.7614295,25742.7614295,25742.7614295,25742.7614295,25742.7614295,25742.7614295,25742.7614295,25742.7614295,25742.7614295,25742.7614295,25742.7614295,25742.7614295,25742.7614295,25742.7614295,25742.7614295,25742.7614295,25742.7614295,25742.7614295,25742.7614295,25742.7614295,25742.7614295,25742.7614295,25742.7614295,25742.7614295,25742.7614295,25742.7614295,25742.7614295,25742.7614295,25742.7614295,25742.7614295,25742.7614295,25742.7614295,25742.7614295,25742.7614295,25742.7614295,25742.7614295,25742.7614295,25742.7614295,25742.7614295,25742.7614295,25742.7614295,25742.7614295,25742.7614295,25742.7614295,25742.7614295,25742.7614295,25742.7614295,25742.7614295,25742.7614295,25742.7614295,25742.7614295,25742.7614295,25742.7614295,25742.7614295,25742.7614295,25742.7614295,25742.7614295,25742.7614295,25742.7614295,25742.7614295,25742.7614295,25742.7614295,25742.7614295,25742.7614295,25742.7614295,25742.7614295,25742.7614295,25742.7614295,25742.7614295,25742.7614295,25742.7614295,25742.7614295,25742.7614295,25742.7614295,25742.7614295,25742.7614295,25742.7614295,25742.7614295,25742.7614295,25742.7614295,25742.7614295,25742.7614295,25742.7614295,25742.7614295,25742.7614295,25742.7614295,25742.7614295,25742.7614295,25742.7614295,25742.7614295,25742.7614295,25742.7614295,25742.7614295,25742.7614295,25742.7614295,25742.7614295,25742.7614295,25742.7614295,25742.7614295,25742.7614295,25742.7614295,25742.7614295,25742.7614295,25742.7614295,25742.7614295,25742.7614295,25742.7614295,25742.7614295,25742.7614295,25742.7614295,25742.7614295,25742.7614295,25742.7614295,25742.7614295,25742.7614295,25742.7614295,25742.7614295,25742.7614295,25742.7614295,25742.7614295,25742.7614295,25742.7614295,25742.7614295,25742.7614295,25742.7614295,25742.7614295,25742.7614295,25742.7614295,25742.7614295,25742.7614295,25742.7614295,25742.7614295,25742.7614295,25742.7614295,25742.7614295,25742.7614295,25742.7614295,25742.7614295,25742.7614295,25742.7614295,25742.7614295,25742.7614295,25742.7614295,25742.7614295,25742.7614295,25742.7614295,25742.7614295,25742.7614295,25742.7614295,25742.7614295,25742.7614295,25742.7614295,25742.7614295,25742.7614295,25742.7614295,25742.7614295,25742.7614295,25742.7614295,25742.7614295,25742.7614295,25742.7614295,25742.7614295,25742.7614295,25742.7614295,25742.7614295,25742.7614295,25742.7614295,25742.7614295,25742.7614295,25742.7614295,25742.7614295,25742.7614295,25742.7614295,25742.7614295,25742.7614295,25742.7614295,25742.7614295,25742.7614295,25742.7614295,25742.7614295,25742.7614295,25742.7614295,25742.7614295,25742.7614295,25742.7614295,25742.7614295,25742.7614295,25742.7614295,25742.7614295,25742.7614295,25742.7614295,25742.7614295,25742.7614295,25742.7614295,25742.7614295,25742.7614295,25742.7614295,25742.7614295,25742.7614295,25742.7614295,25742.7614295,25742.7614295,25742.7614295,25742.7614295,25742.7614295,25742.7614295,25742.7614295,25742.7614295,25742.7614295,25742.7614295,25742.7614295,25742.7614295,25742.7614295,25742.7614295,25742.7614295,25742.7614295,25742.7614295,25742.7614295,25742.7614295,25742.7614295,25742.7614295,25742.7614295,25742.7614295,25742.7614295,25742.7614295,25742.7614295,25742.7614295,25742.7614295,25742.7614295,25742.7614295,25742.7614295,25742.7614295,25742.7614295,25742.7614295,25742.7614295,25742.7614295,25742.7614295,25742.7614295,25742.7614295,25742.7614295,25742.7614295,25742.7614295,25742.7614295,25742.7614295,25742.7614295,25742.7614295,25742.7614295,25742.7614295,25742.7614295,25742.7614295,25742.7614295,25742.7614295,25742.7614295,25742.7614295,25742.7614295,25742.7614295,25742.7614295,25742.7614295,25742.7614295,25742.7614295,25742.7614295,25742.7614295,25742.7614295,25742.7614295,25742.7614295,25742.7614295,25742.7614295,25742.7614295,25742.7614295,25742.7614295,25742.7614295,25742.7614295,25742.7614295,25742.7614295,25742.7614295,25742.7614295,25742.7614295,25742.7614295,25742.7614295,25742.7614295,25742.7614295,25742.7614295,25742.7614295,25742.7614295,25742.7614295,25742.7614295,25742.7614295,25742.7614295,25742.7614295,25742.7614295,25742.7614295,25742.7614295,25742.7614295,25742.7614295,25742.7614295,25742.7614295,25742.7614295,25742.7614295,25742.7614295,25742.7614295,25742.7614295,25742.7614295,25742.7614295,25742.7614295,25742.7614295,25742.7614295,25742.7614295,25742.7614295,25742.7614295,25742.7614295,25742.7614295,25742.7614295,25742.7614295,25742.7614295,25742.7614295,25742.7614295,25742.7614295,25742.7614295,25742.7614295,25742.7614295,25742.7614295,25742.7614295,25742.7614295,25742.7614295,25742.7614295,25742.7614295,25742.7614295,25742.7614295,25742.7614295,25742.7614295,25742.7614295,25742.7614295,25742.7614295,25742.7614295,25742.7614295,25742.7614295,25742.7614295,25742.7614295,25742.7614295,25742.7614295,25742.7614295,25742.7614295,25742.7614295,25742.7614295,25742.7614295,25742.7614295,25742.7614295,25742.7614295,25742.7614295,25742.7614295,25742.7614295,25742.7614295,25742.7614295,25742.7614295,25742.7614295,25742.7614295,25742.7614295,25742.7614295,25742.7614295,25742.7614295,25742.7614295,25742.7614295,25742.7614295,25742.7614295,25742.7614295,25742.7614295,25742.7614295,25742.7614295,25742.7614295,25742.7614295,25742.7614295,25742.7614295,25742.7614295,25742.7614295,25742.7614295,25742.7614295,25742.7614295,25742.7614295,25742.7614295,25742.7614295,25742.7614295,25742.7614295,25742.7614295,25742.7614295,25742.7614295,25742.7614295,25742.7614295,25742.7614295,25742.7614295,25742.7614295,25742.7614295,25742.7614295,25742.7614295,25742.7614295,25742.7614295,25742.7614295,25742.7614295,25742.7614295,25742.7614295,25742.7614295,25742.7614295,25742.7614295,25742.7614295,25742.7614295,25742.7614295,25742.7614295,25742.7614295,25742.7614295,25742.7614295,25742.7614295,25742.7614295,25742.7614295,25742.7614295,25742.7614295,25742.7614295,25742.7614295,25742.7614295,25742.7614295,25742.7614295,25742.7614295,25742.7614295,25742.7614295,25742.7614295,25742.7614295,25742.7614295,25742.7614295,25742.7614295,25742.7614295,25742.7614295,25742.7614295,25742.7614295,25742.7614295,25742.7614295,25742.7614295,25742.7614295,25742.7614295,25742.7614295,25742.7614295,25742.7614295,25742.7614295,25742.7614295,25742.7614295,25742.7614295,25742.7614295,25742.7614295,25742.7614295,25742.7614295,25742.7614295,25742.7614295,25742.7614295,25742.7614295,25742.7614295,25742.7614295,25742.7614295,25742.7614295,25742.7614295,25742.7614295,25742.7614295,25742.7614295,25742.7614295,25742.7614295,25742.7614295,25742.7614295,25742.7614295,25742.7614295,25742.7614295,25742.7614295,25742.7614295,25742.7614295,25742.7614295,25742.7614295,25742.7614295,25742.7614295,25742.7614295,25742.7614295,25742.7614295,25742.7614295,25742.7614295,25742.7614295,25742.7614295,25742.7614295,25742.7614295,25742.7614295,25742.7614295,25742.7614295,25742.7614295,25742.7614295,25742.7614295,25742.7614295,25742.7614295,25742.7614295,25742.7614295,25742.7614295,25742.7614295,25742.7614295,25742.7614295,25742.7614295,25742.7614295,25742.7614295,25742.7614295,25742.7614295,25742.7614295,25742.7614295,25742.7614295,25742.7614295,25742.7614295,25742.7614295,25742.7614295,25742.7614295,25742.7614295,25742.7614295,25742.7614295,25742.7614295,25742.7614295,25742.7614295,25742.7614295,25742.7614295,25742.7614295,25742.7614295,25742.7614295,25742.7614295,25742.7614295,25742.7614295,25742.7614295,25742.7614295,25742.7614295,25742.7614295,25742.7614295,25742.7614295,25742.7614295,25742.7614295,25742.7614295,25742.7614295,25742.7614295,25742.7614295,25742.7614295,25742.7614295,25742.7614295,25742.7614295,25742.7614295,25742.7614295,25742.7614295,25742.7614295,25742.7614295,25742.7614295,25742.7614295,25742.7614295,25742.7614295,25742.7614295,25742.7614295,25742.7614295,25742.7614295,25742.7614295,25742.7614295,25742.7614295,25742.7614295,25742.7614295,25742.7614295,25742.7614295,25742.7614295,25742.7614295,25742.7614295,25742.7614295,25742.7614295,25742.7614295,25742.7614295,25742.7614295,25742.7614295,25742.7614295,25742.7614295,25742.7614295,25742.7614295,25742.7614295,25742.7614295,25742.7614295,25742.7614295,25742.7614295,25742.7614295,25742.7614295,25742.7614295,25742.7614295,25742.7614295,25742.7614295,25742.7614295,25742.7614295,25742.7614295,25742.7614295,25742.7614295,25742.7614295,25742.7614295,25742.7614295,25742.7614295,25742.7614295,25742.7614295,25742.7614295,25742.7614295,25742.7614295,25742.7614295,25742.7614295,25742.7614295,25742.7614295,25742.7614295,25742.7614295,25742.7614295,25742.7614295,25742.7614295,25742.7614295,25742.7614295,25742.7614295,25742.7614295,25742.7614295,25742.7614295,25742.7614295,25742.7614295,25742.7614295,25742.7614295,25742.7614295,25742.7614295,25742.7614295,25742.7614295,25742.7614295,25742.7614295,25742.7614295,25742.7614295,25742.7614295,25742.7614295,25742.7614295,25742.7614295,25742.7614295,25742.7614295,25742.7614295,25742.7614295,25742.7614295,25742.7614295,25742.7614295,25742.7614295,25742.7614295,25742.7614295,25742.7614295,25742.7614295,25742.7614295,25742.7614295,25742.7614295,25742.7614295,25742.7614295,25742.7614295,25742.7614295,25742.7614295,25742.7614295,25742.7614295,25742.7614295,25742.7614295,25742.7614295,25742.7614295,25742.7614295,25742.7614295,25742.7614295,25742.7614295,25742.7614295,25742.7614295,25742.7614295,25742.7614295,25742.7614295,25742.7614295,25742.7614295,25742.7614295,25742.7614295,25742.7614295,25742.7614295,25742.7614295,25742.7614295,25742.7614295,25742.7614295,25742.7614295,25742.7614295,25742.7614295,25742.7614295,25742.7614295,25742.7614295,25742.7614295,25742.7614295,25742.7614295,25742.7614295,25742.7614295,25742.7614295,25742.7614295,25742.7614295,25742.7614295,25742.7614295,25742.7614295,25742.7614295,25742.7614295,25742.7614295,25742.7614295,25742.7614295,25742.7614295,25742.7614295,25742.7614295,25742.7614295,25742.7614295,25742.7614295,25742.7614295,25742.7614295,25742.7614295,25742.7614295,25742.7614295,25742.7614295,25742.7614295,25742.7614295,25742.7614295,25742.7614295,25742.7614295,25742.7614295,25742.7614295,25742.7614295,25742.7614295,25742.7614295,25742.7614295,25742.7614295,25742.7614295,25742.7614295,25742.7614295,25742.7614295,25742.7614295,25742.7614295,25742.7614295,25742.7614295,25742.7614295,25742.7614295,25742.7614295,25742.7614295,25742.7614295,25742.7614295,25742.7614295,25742.7614295,25742.7614295,25742.7614295,25742.7614295,25742.7614295,25742.7614295,25742.7614295,25742.7614295,25742.7614295,25742.7614295,25742.7614295,25742.7614295,25742.7614295,25742.7614295,25742.7614295,25742.7614295,25742.7614295,25742.7614295,25742.7614295,25742.7614295,25742.7614295,25742.7614295,25742.7614295,25742.7614295,25742.7614295,25742.7614295,25742.7614295,25742.7614295,25742.7614295,25742.7614295,25742.7614295,25742.7614295,25742.7614295,25742.7614295,25742.7614295,25742.7614295,25742.7614295,25742.7614295,25742.7614295,25742.7614295,25742.7614295,25742.7614295,25742.7614295,25742.7614295,25742.7614295,25742.7614295,25742.7614295,25742.7614295,25742.7614295,25742.7614295,25742.7614295,25742.7614295,25742.7614295,25742.7614295,25742.7614295,25742.7614295,25742.7614295,25742.7614295,25742.7614295,25742.7614295,25742.7614295,25742.7614295,25742.7614295,25742.7614295,25742.7614295,25742.7614295,25742.7614295,25742.7614295,25742.7614295,25742.7614295,25742.7614295,25742.7614295,25742.7614295,25742.7614295,25742.7614295,25742.7614295,25742.7614295,25742.7614295,25742.7614295,25742.7614295,25742.7614295,25742.7614295,25742.7614295,25742.7614295,25742.7614295,25742.7614295,25742.7614295,25742.7614295,25742.7614295,25742.7614295,25742.7614295,25742.7614295,25742.7614295,25742.7614295,25742.7614295,25742.7614295,25742.7614295,25742.7614295,25742.7614295,25742.7614295,25742.7614295,25742.7614295,25742.7614295,25742.7614295,25742.7614295,25742.7614295,25742.7614295,25742.7614295,25742.7614295,25742.7614295,25742.7614295,25742.7614295,25742.7614295,25742.7614295,25742.7614295,25742.7614295,25742.7614295,25742.7614295,25742.7614295,25742.7614295,25742.7614295,25742.7614295,25742.7614295,25742.7614295,25742.7614295,25742.7614295,25742.7614295,25742.7614295,25742.7614295,25742.7614295,25742.7614295,25742.7614295,25742.7614295,25742.7614295,25742.7614295,25742.7614295,25742.7614295,25742.7614295,25742.7614295,25742.7614295,25742.7614295,25742.7614295,25742.7614295,25742.7614295,25742.7614295,25742.7614295,25742.7614295,25742.7614295,25742.7614295,25742.7614295,25742.7614295,25742.7614295,25742.7614295,25742.7614295,25742.7614295,25742.7614295,25742.7614295,25742.7614295,25742.7614295,25742.7614295,25742.7614295,25742.7614295,25742.7614295,25742.7614295,25742.7614295,25742.7614295,25742.7614295,25742.7614295,25742.7614295,25742.7614295,25742.7614295,25742.7614295,25742.7614295,25742.7614295,25742.7614295,25742.7614295,25742.7614295,25742.7614295,25742.7614295,25742.7614295,25742.7614295,25742.7614295,25742.7614295,25742.7614295,25742.7614295,25742.7614295,25742.7614295,25742.7614295,25742.7614295,25742.7614295,25742.7614295,25742.7614295,25742.7614295,25742.7614295,25742.7614295,25742.7614295,25742.7614295,25742.7614295,25742.7614295,25742.7614295,25742.7614295,25742.7614295,25742.7614295,25742.7614295,25742.7614295,25742.7614295,25742.7614295,25742.7614295,25742.7614295,25742.7614295,25742.7614295,25742.7614295,25742.7614295,25742.7614295,25742.7614295,25742.7614295,25742.7614295,25742.7614295,25742.7614295,25742.7614295,25742.7614295,25742.7614295,25742.7614295,25742.7614295,25742.7614295,25742.7614295,25742.7614295,25742.7614295,25742.7614295,25742.7614295,25742.7614295,25742.7614295,25742.7614295,25742.7614295,25742.7614295,25742.7614295,25742.7614295,25742.7614295,25742.7614295,25742.7614295,25742.7614295,25742.7614295,25742.7614295,25742.7614295,25742.7614295,25742.7614295,25742.7614295,25742.7614295,25742.7614295,25742.7614295,25742.7614295,25742.7614295,25742.7614295,25742.7614295,25742.7614295,25742.7614295,25742.7614295,25742.7614295,25742.7614295,25742.7614295,25742.7614295,25742.7614295,25742.7614295,25742.7614295,25742.7614295,25742.7614295,25742.7614295,25742.7614295,25742.7614295,25742.7614295,25742.7614295,25742.7614295,25742.7614295,25742.7614295,25742.7614295,25742.7614295,25742.7614295,25742.7614295,25742.7614295,25742.7614295,25742.7614295,25742.7614295,25742.7614295,25742.7614295,25742.7614295,25742.7614295,25742.7614295,25742.7614295,25742.7614295,25742.7614295,25742.7614295,25742.7614295,25742.7614295,25742.7614295,25742.7614295,25742.7614295,25742.7614295,25742.7614295,25742.7614295,25742.7614295,25742.7614295,25742.7614295,25742.7614295,25742.7614295,25742.7614295,25742.7614295,25742.7614295,25742.7614295,25742.7614295,25742.7614295,25742.7614295,25742.7614295,25742.7614295,25742.7614295,25742.7614295,25742.7614295,25742.7614295,25742.7614295,25742.7614295,25742.7614295,25742.7614295,25742.7614295,25742.7614295,25742.7614295,25742.7614295,25742.7614295,25742.7614295,25742.7614295,25742.7614295,25742.7614295,25742.7614295,25742.7614295,25742.7614295,25742.7614295,25742.7614295,25742.7614295,25742.7614295,25742.7614295,25742.7614295,25742.7614295,25742.7614295,25742.7614295,25742.7614295,25742.7614295,25742.7614295,25742.7614295,25742.7614295,25742.7614295,25742.7614295,25742.7614295,25742.7614295,25742.7614295,25742.7614295,25742.7614295,25742.7614295,25742.7614295,25742.7614295,25742.7614295,25742.7614295,25742.7614295,25742.7614295,25742.7614295,25742.7614295,25742.7614295,25742.7614295,25742.7614295,25742.7614295,25742.7614295,25742.7614295,25742.7614295,25742.7614295,25742.7614295,25742.7614295,25742.7614295,25742.7614295,25742.7614295,25742.7614295,25742.7614295,25742.7614295,25742.7614295,25742.7614295,25742.7614295,25742.7614295,25742.7614295,25742.7614295,25742.7614295,25742.7614295,25742.7614295,25742.7614295,25742.7614295,25742.7614295,25742.7614295,25742.7614295,25742.7614295,25742.7614295,25742.7614295,25742.7614295,25742.7614295,25742.7614295,25742.7614295,25742.7614295,25742.7614295,25742.7614295,25742.7614295,25742.7614295,25742.7614295,25742.7614295,25742.7614295,25742.7614295,25742.7614295,25742.7614295,25742.7614295,25742.7614295,25742.7614295,25742.7614295,25742.7614295,25742.7614295,25742.7614295,25742.7614295,25742.7614295,25742.7614295,25742.7614295,25742.7614295,25742.7614295,25742.7614295,25742.7614295,25742.7614295,25742.7614295,25742.7614295,25742.7614295,25742.7614295,25742.7614295,25742.7614295,25742.7614295,25742.7614295,25742.7614295,25742.7614295,25742.7614295,25742.7614295,25742.7614295,25742.7614295,25742.7614295,25742.7614295,25742.7614295,25742.7614295,25742.7614295,25742.7614295,25742.7614295,25742.7614295,25742.7614295,25742.7614295,25742.7614295,25742.7614295,25742.7614295,25742.7614295,25742.7614295,25742.7614295,25742.7614295,25742.7614295,25742.7614295,25742.7614295,25742.7614295,25742.7614295,25742.7614295,25742.7614295,25742.7614295,25742.7614295,25742.7614295,25742.7614295,25742.7614295,25742.7614295,25742.7614295,25742.7614295,25742.7614295,25742.7614295,25742.7614295,25742.7614295,25742.7614295,25742.7614295,25742.7614295,25742.7614295,25742.7614295,25742.7614295,25742.7614295,25742.7614295,25742.7614295,25742.7614295,25742.7614295,25742.7614295,25742.7614295,25742.7614295,25742.7614295,25742.7614295,25742.7614295,25742.7614295,25742.7614295,25742.7614295,25742.7614295,25742.7614295,25742.7614295,25742.7614295,25742.7614295,25742.7614295,25742.7614295,25742.7614295,25742.7614295,25742.7614295,25742.7614295,25742.7614295,25742.7614295,25742.7614295,25742.7614295,25742.7614295,25742.7614295,25742.7614295,25742.7614295,25742.7614295,25742.7614295,25742.7614295,25742.7614295,25742.7614295,25742.7614295,25742.7614295,25742.7614295,25742.7614295,25742.7614295,25742.7614295,25742.7614295,25742.7614295,25742.7614295,25742.7614295,25742.7614295,25742.7614295,25742.7614295,25742.7614295,25742.7614295,25742.7614295,25742.7614295,25742.7614295,25742.7614295,25742.7614295,25742.7614295,25742.7614295,25742.7614295,25742.7614295,25742.7614295,25742.7614295,25742.7614295,25742.7614295,25742.7614295,25742.7614295,25742.7614295,25742.7614295,25742.7614295,25742.7614295,25742.7614295,25742.7614295,25742.7614295,25742.7614295,25742.7614295,25742.7614295,25742.7614295,25742.7614295,25742.7614295,25742.7614295,25742.7614295,25742.7614295,25742.7614295,25742.7614295,25742.7614295,25742.7614295,25742.7614295,25742.7614295,25742.7614295,25742.7614295,25742.7614295,25742.7614295,25742.7614295,25742.7614295,25742.7614295,25742.7614295,25742.7614295,25742.7614295,25742.7614295,25742.7614295,25742.7614295,25742.7614295,25742.7614295,25742.7614295,25742.7614295,25742.7614295,25742.7614295,25742.7614295,25742.7614295,25742.7614295,25742.7614295,25742.7614295,25742.7614295,25742.7614295,25742.7614295,25742.7614295,25742.7614295,25742.7614295,25742.7614295,25742.7614295,25742.7614295,25742.7614295,25742.7614295,25742.7614295,25742.7614295,25742.7614295,25742.7614295,25742.7614295,25742.7614295,25742.7614295,25742.7614295,25742.7614295,25742.7614295,25742.7614295,25742.7614295,25742.7614295,25742.7614295,25742.7614295,25742.7614295,25742.7614295,25742.7614295,25742.7614295,25742.7614295,25742.7614295,25742.7614295,25742.7614295,25742.7614295,25742.7614295,25742.7614295,25742.7614295,25742.7614295,25742.7614295,25742.7614295,25742.7614295,25742.7614295,25742.7614295,25742.7614295,25742.7614295,25742.7614295,25742.7614295,25742.7614295,25742.7614295,25742.7614295,25742.7614295,25742.7614295,25742.7614295,25742.7614295,25742.7614295,25742.7614295,25742.7614295,25742.7614295,25742.7614295,25742.7614295,25742.7614295,25742.7614295,25742.7614295,25742.7614295,25742.7614295,25742.7614295,25742.7614295,25742.7614295,25742.7614295,25742.7614295,25742.7614295,25742.7614295,25742.7614295,25742.7614295,25742.7614295,25742.7614295,25742.7614295,25742.7614295,25742.7614295,25742.7614295,25742.7614295,25742.7614295,25742.7614295,25742.7614295,25742.7614295,25742.7614295,25742.7614295,25742.7614295,25742.7614295,25742.7614295,25742.7614295,25742.7614295,25742.7614295,25742.7614295,25742.7614295,25742.7614295,25742.7614295,25742.7614295,25742.7614295,25742.7614295,25742.7614295,25742.7614295,25742.7614295,25742.7614295,25742.7614295,25742.7614295,25742.7614295,25742.7614295,25742.7614295,25742.7614295,25742.7614295,25742.7614295,25742.7614295,25742.7614295,25742.7614295,25742.7614295,25742.7614295,25742.7614295,25742.7614295,25742.7614295,25742.7614295,25742.7614295,25742.7614295,25742.7614295,25742.7614295,25742.7614295,25742.7614295,25742.7614295,25742.7614295,25742.7614295,25742.7614295,25742.7614295,25742.7614295,25742.7614295,25742.7614295,25742.7614295,25742.7614295,25742.7614295,25742.7614295,25742.7614295,25742.7614295,25742.7614295,25742.7614295,25742.7614295,25742.7614295,25742.7614295,25742.7614295,25742.7614295,25742.7614295,25742.7614295,25742.7614295,25742.7614295,25742.7614295,25742.7614295,25742.7614295,25742.7614295,25742.7614295,25742.7614295,25742.7614295,25742.7614295,25742.7614295,25742.7614295,25742.7614295,25742.7614295,25742.7614295,25742.7614295,25742.7614295,25742.7614295,25742.7614295,25742.7614295,25742.7614295,25742.7614295,25742.7614295,25742.7614295,25742.7614295,25742.7614295,25742.7614295,25742.7614295,25742.7614295,25742.7614295,25742.7614295,25742.7614295,25742.7614295,25742.7614295,25742.7614295,25742.7614295,25742.7614295,25742.7614295,25742.7614295,25742.7614295,25742.7614295,25742.7614295,25742.7614295,25742.7614295,25742.7614295,25742.7614295,25742.7614295,25742.7614295,25742.7614295,25742.7614295,25742.7614295,25742.7614295,25742.7614295,25742.7614295,25742.7614295,25742.7614295,25742.7614295,25742.7614295,25742.7614295,25742.7614295,25742.7614295,25742.7614295,25742.7614295,25742.7614295,25742.7614295,25742.7614295,25742.7614295,25742.7614295,25742.7614295,25742.7614295,25742.7614295,25742.7614295,25742.7614295,25742.7614295,25742.7614295,25742.7614295,25742.7614295,25742.7614295,25742.7614295,25742.7614295,25742.7614295,25742.7614295,25742.7614295,25742.7614295,25742.7614295,25742.7614295,25742.7614295,25742.7614295,25742.7614295,25742.7614295,25742.7614295,25742.7614295,25742.7614295,25742.7614295,25742.7614295,25742.7614295,25742.7614295,25742.7614295,25742.7614295,25742.7614295,25742.7614295,25742.7614295,25742.7614295,25742.7614295,25742.7614295,25742.7614295,25742.7614295,25742.7614295,25742.7614295,25742.7614295,25742.7614295,25742.7614295,25742.7614295,25742.7614295,25742.7614295,25742.7614295,25742.7614295,25742.7614295,25742.7614295,25742.7614295,25742.7614295,25742.7614295,25742.7614295,25742.7614295,25742.7614295,25742.7614295,25742.7614295,25742.7614295,25742.7614295,25742.7614295,25742.7614295,25742.7614295,25742.7614295,25742.7614295,25742.7614295,25742.7614295,25742.7614295,25742.7614295,25742.7614295,25742.7614295,25742.7614295,25742.7614295,25742.7614295,25742.7614295,25742.7614295,25742.7614295,25742.7614295,25742.7614295,25742.7614295,25742.7614295,25742.7614295,25742.7614295,25742.7614295,25742.7614295,25742.7614295,25742.7614295,25742.7614295,25742.7614295,25742.7614295,25742.7614295,25742.7614295,25742.7614295,25742.7614295,25742.7614295,25742.7614295,25742.7614295,25742.7614295,25742.7614295,25742.7614295,25742.7614295,25742.7614295,25742.7614295,25742.7614295,25742.7614295,25742.7614295,25742.7614295,25742.7614295,25742.7614295,25742.7614295,25742.7614295,25742.7614295,25742.7614295,25742.7614295,25742.7614295,25742.7614295,25742.7614295,25742.7614295,25742.7614295,25742.7614295,25742.7614295,25742.7614295,25742.7614295,25742.7614295,25742.7614295,25742.7614295,25742.7614295,25742.7614295,25742.7614295,25742.7614295,25742.7614295,25742.7614295,25742.7614295,25742.7614295,25742.7614295,25742.7614295,25742.7614295,25742.7614295,25742.7614295,25742.7614295,25742.7614295,25742.7614295,25742.7614295,25742.7614295,25742.7614295,25742.7614295,25742.7614295,25742.7614295,25742.7614295,25742.7614295,25742.7614295,25742.7614295,25742.7614295,25742.7614295,25742.7614295,25742.7614295,25742.7614295,25742.7614295,25742.7614295,25742.7614295,25742.7614295,25742.7614295,25742.7614295,25742.7614295,25742.7614295,25742.7614295,25742.7614295,25742.7614295,25742.7614295,25742.7614295,25742.7614295,25742.7614295,25742.7614295,25742.7614295,25742.7614295,25742.7614295,25742.7614295,25742.7614295,25742.7614295,25742.7614295,25742.7614295,25742.7614295,25742.7614295,25742.7614295,25742.7614295,25742.7614295,25742.7614295,25742.7614295,25742.7614295,25742.7614295,25742.7614295,25742.7614295,25742.7614295,25742.7614295,25742.7614295,25742.7614295,25742.7614295,25742.7614295,25742.7614295,25742.7614295,25742.7614295,25742.7614295,25742.7614295,25742.7614295,25742.7614295,25742.7614295,25742.7614295,25742.7614295,25742.7614295,25742.7614295,25742.7614295,25742.7614295,25742.7614295,25742.7614295,25742.7614295,25742.7614295,25742.7614295,25742.7614295,25742.7614295,25742.7614295,25742.7614295,25742.7614295,25742.7614295,25742.7614295,25742.7614295,25742.7614295,25742.7614295,25742.7614295,25742.7614295,25742.7614295,25742.7614295,25742.7614295,25742.7614295,25742.7614295,25742.7614295,25742.7614295,25742.7614295,25742.7614295,25742.7614295,25742.7614295,25742.7614295,25742.7614295,25742.7614295,25742.7614295,25742.7614295,25742.7614295,25742.7614295,25742.7614295,25742.7614295,25742.7614295,25742.7614295,25742.7614295,25742.7614295,25742.7614295,25742.7614295,25742.7614295,25742.7614295,25742.7614295,25742.7614295,25742.7614295,25742.7614295,25742.7614295,25742.7614295,25742.7614295,25742.7614295,25742.7614295,25742.7614295,25742.7614295,25742.7614295,25742.7614295,25742.7614295,25742.7614295,25742.7614295,25742.7614295,25742.7614295,25742.7614295,25742.7614295,25742.7614295,25742.7614295,25742.7614295,25742.7614295,25742.7614295,25742.7614295,25742.7614295,25742.7614295,25742.7614295,25742.7614295,25742.7614295,25742.7614295,25742.7614295,25742.7614295,25742.7614295,25742.7614295,25742.7614295,25742.7614295,25742.7614295,25742.7614295,25742.7614295,25742.7614295,25742.7614295,25742.7614295,25742.7614295,25742.7614295,25742.7614295,25742.7614295,25742.7614295,25742.7614295,25742.7614295,25742.7614295,25742.7614295,25742.7614295,25742.7614295,25742.7614295,25742.7614295,25742.7614295,25742.7614295,25742.7614295,25742.7614295,25742.7614295,25742.7614295,25742.7614295,25742.7614295,25742.7614295,25742.7614295,25742.7614295,25742.7614295,25742.7614295,25742.7614295,25742.7614295,25742.7614295,25742.7614295,25742.7614295,25742.7614295,25742.7614295,25742.7614295,25742.7614295,25742.7614295,25742.7614295,25742.7614295,25742.7614295,25742.7614295,25742.7614295,25742.7614295,25742.7614295,25742.7614295,25742.7614295,25742.7614295,25742.7614295,25742.7614295,25742.7614295,25742.7614295,25742.7614295,25742.7614295,25742.7614295,25742.7614295,25742.7614295,25742.7614295,25742.7614295,25742.7614295,25742.7614295,25742.7614295,25742.7614295,25742.7614295,25742.7614295,25742.7614295,25742.7614295,25742.7614295,25742.7614295,25742.7614295,25742.7614295,25742.7614295,25742.7614295,25742.7614295,25742.7614295,25742.7614295,25742.7614295,25742.7614295,25742.7614295,25742.7614295,25742.7614295,25742.7614295,25742.7614295,25742.7614295,25742.7614295,25742.7614295,25742.7614295,25742.7614295,25742.7614295,25742.7614295,25742.7614295,25742.7614295,25742.7614295,25742.7614295,25742.7614295,25742.7614295,25742.7614295,25742.7614295,25742.7614295,25742.7614295,25742.7614295,25742.7614295,25742.7614295,25742.7614295,25742.7614295,25742.7614295,25742.7614295,25742.7614295,25742.7614295,25742.7614295,25742.7614295,25742.7614295,25742.7614295,25742.7614295,25742.7614295,25742.7614295,25742.7614295,25742.7614295,25742.7614295,25742.7614295,25742.7614295,25742.7614295,25742.7614295,25742.7614295,25742.7614295,25742.7614295,25742.7614295,25742.7614295,25742.7614295,25742.7614295,25742.7614295,25742.7614295,25742.7614295,25742.7614295,25742.7614295,25742.7614295,25742.7614295,25742.7614295,25742.7614295,25742.7614295,25742.7614295,25742.7614295,25742.7614295,25742.7614295,25742.7614295,25742.7614295,25742.7614295,25742.7614295,25742.7614295,25742.7614295,25742.7614295,25742.7614295,25742.7614295,25742.7614295,25742.7614295,25742.7614295,25742.7614295,25742.7614295,25742.7614295,25742.7614295,25742.7614295,25742.7614295,25742.7614295,25742.7614295,25742.7614295,25742.7614295,25742.7614295,25742.7614295,25742.7614295,25742.7614295,25742.7614295,25742.7614295,25742.7614295,25742.7614295,25742.7614295,25742.7614295,25742.7614295,25742.7614295,25742.7614295,25742.7614295,25742.7614295,25742.7614295,25742.7614295,25742.7614295,25742.7614295,25742.7614295,25742.7614295,25742.7614295,25742.7614295,25742.7614295,25742.7614295,25742.7614295,25742.7614295,25742.7614295,25742.7614295,25742.7614295,25742.7614295,25742.7614295,25742.7614295,25742.7614295,25742.7614295,25742.7614295,25742.7614295,25742.7614295,25742.7614295,25742.7614295,25742.7614295,25742.7614295,25742.7614295,25742.7614295,25742.7614295,25742.7614295,25742.7614295,25742.7614295,25742.7614295,25742.7614295,25742.7614295,25742.7614295,25742.7614295,25742.7614295,25742.7614295,25742.7614295,25742.7614295,25742.7614295,25742.7614295,25742.7614295,25742.7614295,25742.7614295,25742.7614295,25742.7614295,25742.7614295,25742.7614295,25742.7614295,25742.7614295,25742.7614295,25742.7614295,25742.7614295,25742.7614295,25742.7614295,25742.7614295,25742.7614295,25742.7614295,25742.7614295,25742.7614295,25742.7614295,25742.7614295,25742.7614295,25742.7614295,25742.7614295,25742.7614295,25742.7614295,25742.7614295,25742.7614295,25742.7614295,25742.7614295,25742.7614295,25742.7614295,25742.7614295,25742.7614295,25742.7614295,25742.7614295,25742.7614295,25742.7614295,25742.7614295,25742.7614295,25742.7614295,25742.7614295,25742.7614295,25742.7614295,25742.7614295,25742.7614295,25742.7614295,25742.7614295,25742.7614295,25742.7614295,25742.7614295,25742.7614295,25742.7614295,25742.7614295,25742.7614295,25742.7614295,25742.7614295,25742.7614295,25742.7614295,25742.7614295,25742.7614295,25742.7614295,25742.7614295,25742.7614295,25742.7614295,25742.7614295,25742.7614295,25742.7614295,25742.7614295,25742.7614295,25742.7614295,25742.7614295,25742.7614295,25742.7614295,25742.7614295,25742.7614295,25742.7614295,25742.7614295,25742.7614295,25742.7614295,25742.7614295,25742.7614295,25742.7614295,25742.7614295,25742.7614295,25742.7614295,25742.7614295,25742.7614295,25742.7614295,25742.7614295,25742.7614295,25742.7614295,25742.7614295,25742.7614295,25742.7614295,25742.7614295,25742.7614295,25742.7614295,25742.7614295,25742.7614295,25742.7614295,25742.7614295,25742.7614295,25742.7614295,25742.7614295,25742.7614295,25742.7614295,25742.7614295,25742.7614295,25742.7614295,25742.7614295,25742.7614295,25742.7614295,25742.7614295,25742.7614295,25742.7614295,25742.7614295,25742.7614295,25742.7614295,25742.7614295,25742.7614295,25742.7614295,25742.7614295,25742.7614295,25742.7614295,25742.7614295,25742.7614295,25742.7614295,25742.7614295,25742.7614295,25742.7614295,25742.7614295,25742.7614295,25742.7614295,25742.7614295,25742.7614295,25742.7614295,25742.7614295,25742.7614295,25742.7614295,25742.7614295,25742.7614295,25742.7614295,25742.7614295,25742.7614295,25742.7614295,25742.7614295,25742.7614295,25742.7614295,25742.7614295,25742.7614295,25742.7614295,25742.7614295,25742.7614295,25742.7614295,25742.7614295,25742.7614295,25742.7614295,25742.7614295,25742.7614295,25742.7614295,25742.7614295,25742.7614295,25742.7614295,25742.7614295,25742.7614295,25742.7614295,25742.7614295,25742.7614295,25742.7614295,25742.7614295,25742.7614295,25742.7614295,25742.7614295,25742.7614295,25742.7614295,25742.7614295,25742.7614295,25742.7614295,25742.7614295,25742.7614295,25742.7614295,25742.7614295,25742.7614295,25742.7614295,25742.7614295,25742.7614295,25742.7614295,25742.7614295,25742.7614295,25742.7614295,25742.7614295,25742.7614295,25742.7614295,25742.7614295,25742.7614295,25742.7614295,25742.7614295,25742.7614295,25742.7614295,25742.7614295,25742.7614295,25742.7614295,25742.7614295,25742.7614295,25742.7614295,25742.7614295,25742.7614295,25742.7614295,25742.7614295,25742.7614295,25742.7614295,25742.7614295,25742.7614295,25742.7614295,25742.7614295,25742.7614295,25742.7614295,25742.7614295,25742.7614295,25742.7614295,25742.7614295,25742.7614295,25742.7614295,25742.7614295,25742.7614295,25742.7614295,25742.7614295,25742.7614295,25742.7614295,25742.7614295,25742.7614295,25742.7614295,25742.7614295,25742.7614295,25742.7614295,25742.7614295,25742.7614295,25742.7614295,25742.7614295,25742.7614295,25742.7614295,25742.7614295,25742.7614295,25742.7614295,25742.7614295,25742.7614295,25742.7614295,25742.7614295,25742.7614295,25742.7614295,25742.7614295,25742.7614295,25742.7614295,25742.7614295,25742.7614295,25742.7614295,25742.7614295,25742.7614295,25742.7614295,25742.7614295,25742.7614295,25742.7614295,25742.7614295,25742.7614295,25742.7614295,25742.7614295,25742.7614295,25742.7614295,25742.7614295,25742.7614295,25742.7614295,25742.7614295,25742.7614295,25742.7614295,25742.7614295,25742.7614295,25742.7614295,25742.7614295,25742.7614295,25742.7614295,25742.7614295,25742.7614295,25742.7614295,25742.7614295,25742.7614295,25742.7614295,25742.7614295,25742.7614295,25742.7614295,25742.7614295,25742.7614295,25742.7614295,25742.7614295,25742.7614295,25742.7614295,25742.7614295,25742.7614295,25742.7614295,25742.7614295,25742.7614295,25742.7614295,25742.7614295,25742.7614295,25742.7614295,25742.7614295,25742.7614295,25742.7614295,25742.7614295,25742.7614295,25742.7614295,25742.7614295,25742.7614295,25742.7614295,25742.7614295,25742.7614295,25742.7614295,25742.7614295,25742.7614295,25742.7614295,25742.7614295,25742.7614295,25742.7614295,25742.7614295,25742.7614295,25742.7614295,25742.7614295,25742.7614295,25742.7614295,25742.7614295,25742.7614295,25742.7614295,25742.7614295,25742.7614295,25742.7614295,25742.7614295,25742.7614295,25742.7614295,25742.7614295,25742.7614295,25742.7614295,25742.7614295,25742.7614295,25742.7614295,25742.7614295,25742.7614295,25742.7614295,25742.7614295,25742.7614295,25742.7614295,25742.7614295,25742.7614295,25742.7614295,25742.7614295,25742.7614295,25742.7614295,25742.7614295,25742.7614295,25742.7614295,25742.7614295,25742.7614295,25742.7614295,25742.7614295,25742.7614295,25742.7614295,25742.7614295,25742.7614295,25742.7614295,25742.7614295,25742.7614295,25742.7614295,25742.7614295,25742.7614295,25742.7614295,25742.7614295,25742.7614295,25742.7614295,25742.7614295,25742.7614295,25742.7614295,25742.7614295,25742.7614295,25742.7614295,25742.7614295,25742.7614295,25742.7614295,25742.7614295,25742.7614295,25742.7614295,25742.7614295,25742.7614295,25742.7614295,25742.7614295,25742.7614295,25742.7614295,25742.7614295,25742.7614295,25742.7614295,25742.7614295,25742.7614295,25742.7614295,25742.7614295,25742.7614295,25742.7614295,25742.7614295,25742.7614295,25742.7614295,25742.7614295,25742.7614295,25742.7614295,25742.7614295,25742.7614295,25742.7614295,25742.7614295,25742.7614295,25742.7614295,25742.7614295,25742.7614295,25742.7614295,25742.7614295,25742.7614295,25742.7614295,25742.7614295,25742.7614295,25742.7614295,25742.7614295,25742.7614295,25742.7614295,25742.7614295,25742.7614295,25742.7614295,25742.7614295,25742.7614295,25742.7614295,25742.7614295,25742.7614295,25742.7614295,25742.7614295,25742.7614295,25742.7614295,25742.7614295,25742.7614295,25742.7614295,25742.7614295,25742.7614295,25742.7614295,25742.7614295,25742.7614295,25742.7614295,25742.7614295,25742.7614295,25742.7614295,25742.7614295,25742.7614295,25742.7614295,25742.7614295,25742.7614295,25742.7614295,25742.7614295,25742.7614295,25742.7614295,25742.7614295,25742.7614295,25742.7614295,25742.7614295,25742.7614295,25742.7614295,25742.7614295,25742.7614295,25742.7614295,25742.7614295,25742.7614295,25742.7614295,25742.7614295,25742.7614295,25742.7614295,25742.7614295,25742.7614295,25742.7614295,25742.7614295,25742.7614295,25742.7614295,25742.7614295,25742.7614295,25742.7614295,25742.7614295,25742.7614295,25742.7614295,25742.7614295,25742.7614295,25742.7614295,25742.7614295,25742.7614295,25742.7614295,25742.7614295,25742.7614295,25742.7614295,25742.7614295,25742.7614295,25742.7614295,25742.7614295,25742.7614295,25742.7614295,25742.7614295,25742.7614295,25742.7614295,25742.7614295,25742.7614295,25742.7614295,25742.7614295,25742.7614295,25742.7614295,25742.7614295,25742.7614295,25742.7614295,25742.7614295,25742.7614295,25742.7614295,25742.7614295,25742.7614295,25742.7614295,25742.7614295,25742.7614295,25742.7614295,25742.7614295,25742.7614295,25742.7614295,25742.7614295,25742.7614295,25742.7614295,25742.7614295,25742.7614295,25742.7614295,25742.7614295,25742.7614295,25742.7614295,25742.7614295,25742.7614295,25742.7614295,25742.7614295,25742.7614295,25742.7614295,25742.7614295,25742.7614295,25742.7614295,25742.7614295,25742.7614295,25742.7614295,25742.7614295,25742.7614295,25742.7614295,25742.7614295,25742.7614295,25742.7614295,25742.7614295,25742.7614295,25742.7614295,25742.7614295,25742.7614295,25742.7614295,25742.7614295,25742.7614295,25742.7614295,25742.7614295,25742.7614295,25742.7614295,25742.7614295,25742.7614295,25742.7614295,25742.7614295,25742.7614295,25742.7614295,25742.7614295,25742.7614295,25742.7614295,25742.7614295,25742.7614295,25742.7614295,25742.7614295,25742.7614295,25742.7614295,25742.7614295,25742.7614295,25742.7614295,25742.7614295,25742.7614295,25742.7614295,25742.7614295,25742.7614295,25742.7614295,25742.7614295,25742.7614295,25742.7614295,25742.7614295,25742.7614295,25742.7614295,25742.7614295,25742.7614295,25742.7614295,25742.7614295,25742.7614295,25742.7614295,25742.7614295,25742.7614295,25742.7614295,25742.7614295,25742.7614295,25742.7614295,25742.7614295,25742.7614295,25742.7614295,25742.7614295,25742.7614295,25742.7614295,25742.7614295,25742.7614295,25742.7614295,25742.7614295,25742.7614295,25742.7614295,25742.7614295,25742.7614295,25742.7614295,25742.7614295,25742.7614295,25742.7614295,25742.7614295,25742.7614295,25742.7614295,25742.7614295,25742.7614295,25742.7614295,25742.7614295,25742.7614295,25742.7614295,25742.7614295,25742.7614295,25742.7614295,25742.7614295,25742.7614295,25742.7614295,25742.7614295,25742.7614295,25742.7614295,25742.7614295,25742.7614295,25742.7614295,25742.7614295,25742.7614295,25742.7614295,25742.7614295,25742.7614295,25742.7614295,25742.7614295,25742.7614295,25742.7614295,25742.7614295,25742.7614295,25742.7614295,25742.7614295,25742.7614295,25742.7614295,25742.7614295,25742.7614295,25742.7614295,25742.7614295,25742.7614295,25742.7614295,25742.7614295,25742.7614295,25742.7614295,25742.7614295,25742.7614295,25742.7614295,25742.7614295,25742.7614295,25742.7614295,25742.7614295,25742.7614295,25742.7614295,25742.7614295,25742.7614295,25742.7614295,25742.7614295,25742.7614295,25742.7614295,25742.7614295,25742.7614295,25742.7614295,25742.7614295,25742.7614295,25742.7614295,25742.7614295,25742.7614295,25742.7614295,25742.7614295,25742.7614295,25742.7614295,25742.7614295,25742.7614295,25742.7614295,25742.7614295,25742.7614295,25742.7614295,25742.7614295,25742.7614295,25742.7614295,25742.7614295,25742.7614295,25742.7614295,25742.7614295,25742.7614295,25742.7614295,25742.7614295,25742.7614295,25742.7614295,25742.7614295,25742.7614295,25742.7614295,25742.7614295,25742.7614295,25742.7614295,25742.7614295,25742.7614295,25742.7614295,25742.7614295,25742.7614295,25742.7614295,25742.7614295,25742.7614295,25742.7614295,25742.7614295,25742.7614295,25742.7614295,25742.7614295,25742.7614295,25742.7614295,25742.7614295,25742.7614295,25742.7614295,25742.7614295,25742.7614295,25742.7614295,25742.7614295,25742.7614295,25742.7614295,25742.7614295,25742.7614295,25742.7614295,25742.7614295,25742.7614295,25742.7614295,25742.7614295,25742.7614295,25742.7614295,25742.7614295,25742.7614295,25742.7614295,25742.7614295,25742.7614295,25742.7614295,25742.7614295,25742.7614295,25742.7614295,25742.7614295,25742.7614295,25742.7614295,25742.7614295,25742.7614295,25742.7614295,25742.7614295,25742.7614295,25742.7614295,25742.7614295,25742.7614295,25742.7614295,25742.7614295,25742.7614295,25742.7614295,25742.7614295,25742.7614295,25742.7614295,25742.7614295,25742.7614295,25742.7614295,25742.7614295,25742.7614295,25742.7614295,25742.7614295,25742.7614295,25742.7614295,25742.7614295,25742.7614295,25742.7614295,25742.7614295,25742.7614295,25742.7614295,25742.7614295,25742.7614295,25742.7614295,25742.7614295,25742.7614295,25742.7614295,25742.7614295,25742.7614295,25742.7614295,25742.7614295,25742.7614295,25742.7614295,25742.7614295,25742.7614295,25742.7614295,25742.7614295,25742.7614295,25742.7614295,25742.7614295,25742.7614295,25742.7614295,25742.7614295,25742.7614295,25742.7614295,25742.7614295,25742.7614295,25742.7614295,25742.7614295,25742.7614295,25742.7614295,25742.7614295,25742.7614295,25742.7614295,25742.7614295,25742.7614295,25742.7614295,25742.7614295,25742.7614295,25742.7614295,25742.7614295,25742.7614295,25742.7614295,25742.7614295,25742.7614295,25742.7614295,25742.7614295,25742.7614295,25742.7614295,25742.7614295,25742.7614295,25742.7614295,25742.7614295,25742.7614295,25742.7614295,25742.7614295,25742.7614295,25742.7614295,25742.7614295,25742.7614295,25742.7614295,25742.7614295,25742.7614295,25742.7614295,25742.7614295,25742.7614295,25742.7614295,25742.7614295,25742.7614295,25742.7614295,25742.7614295,25742.7614295,25742.7614295,25742.7614295,25742.7614295,25742.7614295,25742.7614295,25742.7614295,25742.7614295,25742.7614295,25742.7614295,25742.7614295,25742.7614295,25742.7614295,25742.7614295,25742.7614295,25742.7614295,25742.7614295,25742.7614295,25742.7614295,25742.7614295,25742.7614295,25742.7614295,25742.7614295,25742.7614295,25742.7614295,25742.7614295,25742.7614295,25742.7614295,25742.7614295,25742.7614295,25742.7614295,25742.7614295,25742.7614295,25742.7614295,25742.7614295,25742.7614295,25742.7614295,25742.7614295,25742.7614295,25742.7614295,25742.7614295,25742.7614295,25742.7614295,25742.7614295,25742.7614295,25742.7614295,25742.7614295,25742.7614295,25742.7614295,25742.7614295,25742.7614295,25742.7614295,25742.7614295,25742.7614295,25742.7614295,25742.7614295,25742.7614295,25742.7614295,25742.7614295,25742.7614295,25742.7614295,25742.7614295,25742.7614295,25742.7614295,25742.7614295,25742.7614295,25742.7614295,25742.7614295,25742.7614295,25742.7614295,25742.7614295,25742.7614295,25742.7614295,25742.7614295,25742.7614295,25742.7614295,25742.7614295,25742.7614295,25742.7614295,25742.7614295,25742.7614295,25742.7614295,25742.7614295,25742.7614295,25742.7614295,25742.7614295,25742.7614295,25742.7614295,25742.7614295,25742.7614295,25742.7614295,25742.7614295,25742.7614295,25742.7614295,25742.7614295,25742.7614295,25742.7614295,25742.7614295,25742.7614295,25742.7614295,25742.7614295,25742.7614295,25742.7614295,25742.7614295,25742.7614295,25742.7614295,25742.7614295,25742.7614295,25742.7614295,25742.7614295,25742.7614295,25742.7614295,25742.7614295,25742.7614295,25742.7614295,25742.7614295,25742.7614295,25742.7614295,25742.7614295,25742.7614295,25742.7614295,25742.7614295,25742.7614295,25742.7614295,25742.7614295,25742.7614295,25742.7614295,25742.7614295,25742.7614295,25742.7614295,25742.7614295,25742.7614295,25742.7614295,25742.7614295,25742.7614295,25742.7614295,25742.7614295,25742.7614295,25742.7614295,25742.7614295,25742.7614295,25742.7614295,25742.7614295,25742.7614295,25742.7614295,25742.7614295,25742.7614295,25742.7614295,25742.7614295,25742.7614295,25742.7614295,25742.7614295,25742.7614295,25742.7614295,25742.7614295,25742.7614295,25742.7614295,25742.7614295,25742.7614295,25742.7614295,25742.7614295,25742.7614295,25742.7614295,25742.7614295,25742.7614295,25742.7614295,25742.7614295,25742.7614295,25742.7614295,25742.7614295,25742.7614295,25742.7614295,25742.7614295,25742.7614295,25742.7614295,25742.7614295,25742.7614295,25742.7614295,25742.7614295,25742.7614295,25742.7614295,25742.7614295,25742.7614295,25742.7614295,25742.7614295,25742.7614295,25742.7614295,25742.7614295,25742.7614295,25742.7614295,25742.7614295,25742.7614295,25742.7614295,25742.7614295,25742.7614295,25742.7614295,25742.7614295,25742.7614295,25742.7614295,25742.7614295,25742.7614295,25742.7614295,25742.7614295,25742.7614295,25742.7614295,25742.7614295,25742.7614295,25742.7614295,25742.7614295,25742.7614295,25742.7614295,25742.7614295,25742.7614295,25742.7614295,25742.7614295,25742.7614295,25742.7614295,25742.7614295,25742.7614295,25742.7614295,25742.7614295,25742.7614295,25742.7614295,25742.7614295,25742.7614295,25742.7614295,25742.7614295,25742.7614295,25742.7614295,25742.7614295,25742.7614295,25742.7614295,25742.7614295,25742.7614295,25742.7614295,25742.7614295,25742.7614295,25742.7614295,25742.7614295,25742.7614295,25742.7614295,25742.7614295,25742.7614295,25742.7614295,25742.7614295,25742.7614295,25742.7614295,25742.7614295,25742.7614295,25742.7614295,25742.7614295,25742.7614295,25742.7614295,25742.7614295,25742.7614295,25742.7614295,25742.7614295,25742.7614295,25742.7614295,25742.7614295,25742.7614295,25742.7614295,25742.7614295,25742.7614295,25742.7614295,25742.7614295,25742.7614295,25742.7614295,25742.7614295,25742.7614295,25742.7614295,25742.7614295,25742.7614295,25742.7614295,25742.7614295,25742.7614295,25742.7614295,25742.7614295,25742.7614295,25742.7614295,25742.7614295,25742.7614295,25742.7614295,25742.7614295,25742.7614295,25742.7614295,25742.7614295,25742.7614295,25742.7614295,25742.7614295,25742.7614295,25742.7614295,25742.7614295,25742.7614295,25742.7614295,25742.7614295,25742.7614295,25742.7614295,25742.7614295,25742.7614295,25742.7614295,25742.7614295,25742.7614295,25742.7614295,25742.7614295,25742.7614295,25742.7614295,25742.7614295,25742.7614295,25742.7614295,25742.7614295,25742.7614295,25742.7614295,25742.7614295,25742.7614295,25742.7614295,25742.7614295,25742.7614295,25742.7614295,25742.7614295,25742.7614295,25742.7614295,25742.7614295,25742.7614295,25742.7614295,25742.7614295,25742.7614295,25742.7614295,25742.7614295,25742.7614295,25742.7614295,25742.7614295,25742.7614295,25742.7614295,25742.7614295,25742.7614295,25742.7614295,25742.7614295,25742.7614295,25742.7614295,25742.7614295,25742.7614295,25742.7614295,25742.7614295,25742.7614295,25742.7614295,25742.7614295,25742.7614295,25742.7614295,25742.7614295,25742.7614295,25742.7614295,25742.7614295,25742.7614295,25742.7614295,25742.7614295,25742.7614295,25742.7614295,25742.7614295,25742.7614295,25742.7614295,25742.7614295,25742.7614295,25742.7614295,25742.7614295,25742.7614295,25742.7614295,25742.7614295,25742.7614295,25742.7614295,25742.7614295,25742.7614295,25742.7614295,25742.7614295,25742.7614295,25742.7614295,25742.7614295,25742.7614295,25742.7614295,25742.7614295,25742.7614295,25742.7614295,25742.7614295,25742.7614295,25742.7614295,25742.7614295,25742.7614295,25742.7614295,25742.7614295,25742.7614295,25742.7614295,25742.7614295,25742.7614295,25742.7614295,25742.7614295,25742.7614295,25742.7614295,25742.7614295,25742.7614295,25742.7614295,25742.7614295,25742.7614295,25742.7614295,25742.7614295,25742.7614295,25742.7614295,25742.7614295,25742.7614295,25742.7614295,25742.7614295,25742.7614295,25742.7614295,25742.7614295,25742.7614295,25742.7614295,25742.7614295,25742.7614295,25742.7614295,25742.7614295,25742.7614295,25742.7614295,25742.7614295,25742.7614295,25742.7614295,25742.7614295,25742.7614295,25742.7614295,25742.7614295,25742.7614295,25742.7614295,25742.7614295,25742.7614295,25742.7614295,25742.7614295,25742.7614295,25742.7614295,25742.7614295,25742.7614295,25742.7614295,25742.7614295,25742.7614295,25742.7614295,25742.7614295,25742.7614295,25742.7614295,25742.7614295,25742.7614295,25742.7614295,25742.7614295,25742.7614295,25742.7614295,25742.7614295,25742.7614295,25742.7614295,25742.7614295,25742.7614295,25742.7614295,25742.7614295,25742.7614295,25742.7614295,25742.7614295,25742.7614295,25742.7614295,25742.7614295,25742.7614295,25742.7614295,25742.7614295,25742.7614295,25742.7614295,25742.7614295,25742.7614295,25742.7614295,25742.7614295,25742.7614295,25742.7614295,25742.7614295,25742.7614295,25742.7614295,25742.7614295,25742.7614295,25742.7614295,25742.7614295,25742.7614295,25742.7614295,25742.7614295,25742.7614295,25742.7614295,25742.7614295,25742.7614295,25742.7614295,25742.7614295,25742.7614295,25742.7614295,25742.7614295,25742.7614295,25742.7614295,25742.7614295,25742.7614295,25742.7614295,25742.7614295,25742.7614295,25742.7614295,25742.7614295,25742.7614295,25742.7614295,25742.7614295,25742.7614295,25742.7614295,25742.7614295,25742.7614295,25742.7614295,25742.7614295,25742.7614295,25742.7614295,25742.7614295,25742.7614295,25742.7614295,25742.7614295,25742.7614295,25742.7614295,25742.7614295,25742.7614295,25742.7614295,25742.7614295,25742.7614295,25742.7614295,25742.7614295,25742.7614295,25742.7614295,25742.7614295,25742.7614295,25742.7614295,25742.7614295,25742.7614295,25742.7614295,25742.7614295,25742.7614295,25742.7614295,25742.7614295,25742.7614295,25742.7614295,25742.7614295,25742.7614295,25742.7614295,25742.7614295,25742.7614295,25742.7614295,25742.7614295,25742.7614295,25742.7614295,25742.7614295,25742.7614295,25742.7614295,25742.7614295,25742.7614295,25742.7614295,25742.7614295,25742.7614295,25742.7614295,25742.7614295,25742.7614295,25742.7614295,25742.7614295,25742.7614295,25742.7614295,25742.7614295,25742.7614295,25742.7614295,25742.7614295,25742.7614295,25742.7614295,25742.7614295,25742.7614295,25742.7614295,25742.7614295,25742.7614295,25742.7614295,25742.7614295,25742.7614295,25742.7614295,25742.7614295,25742.7614295,25742.7614295,25742.7614295,25742.7614295,25742.7614295,25742.7614295,25742.7614295,25742.7614295,25742.7614295,25742.7614295,25742.7614295,25742.7614295,25742.7614295,25742.7614295,25742.7614295,25742.7614295,25742.7614295,25742.7614295,25742.7614295,25742.7614295,25742.7614295,25742.7614295,25742.7614295,25742.7614295,25742.7614295,25742.7614295,25742.7614295,25742.7614295,25742.7614295,25742.7614295,25742.7614295,25742.7614295,25742.7614295,25742.7614295,25742.7614295,25742.7614295,25742.7614295,25742.7614295,25742.7614295,25742.7614295,25742.7614295,25742.7614295,25742.7614295,25742.7614295,25742.7614295,25742.7614295,25742.7614295,25742.7614295,25742.7614295,25742.7614295,25742.7614295,25742.7614295,25742.7614295,25742.7614295,25742.7614295,25742.7614295,25742.7614295,25742.7614295,25742.7614295,25742.7614295,25742.7614295,25742.7614295,25742.7614295,25742.7614295,25742.7614295,25742.7614295,25742.7614295,25742.7614295,25742.7614295,25742.7614295,25742.7614295,25742.7614295,25742.7614295,25742.7614295,25742.7614295,25742.7614295,25742.7614295,25742.7614295,25742.7614295,25742.7614295,25742.7614295,25742.7614295,25742.7614295,25742.7614295,25742.7614295,25742.7614295,25742.7614295,25742.7614295,25742.7614295,25742.7614295,25742.7614295,25742.7614295,25742.7614295,25742.7614295,25742.7614295,25742.7614295,25742.7614295,25742.7614295,25742.7614295,25742.7614295,25742.7614295,25742.7614295,25742.7614295,25742.7614295,25742.7614295,25742.7614295,25742.7614295,25742.7614295,25742.7614295,25742.7614295,25742.7614295,25742.7614295,25742.7614295,25742.7614295,25742.7614295,25742.7614295,25742.7614295,25742.7614295,25742.7614295,25742.7614295,25742.7614295,25742.7614295,25742.7614295,25742.7614295,25742.7614295,25742.7614295,25742.7614295,25742.7614295,25742.7614295,25742.7614295,25742.7614295,25742.7614295,25742.7614295,25742.7614295,25742.7614295,25742.7614295,25742.7614295,25742.7614295,25742.7614295,25742.7614295,25742.7614295,25742.7614295,25742.7614295,25742.7614295,25742.7614295,25742.7614295,25742.7614295,25742.7614295,25742.7614295,25742.7614295,25742.7614295,25742.7614295,25742.7614295,25742.7614295,25742.7614295,25742.7614295,25742.7614295,25742.7614295,25742.7614295,25742.7614295,25742.7614295,25742.7614295,25742.7614295,25742.7614295,25742.7614295,25742.7614295,25742.7614295,25742.7614295,25742.7614295,25742.7614295,25742.7614295,25742.7614295,25742.7614295,25742.7614295,25742.7614295,25742.7614295,25742.7614295,25742.7614295,25742.7614295,25742.7614295,25742.7614295,25742.7614295,25742.7614295,25742.7614295,25742.7614295,25742.7614295,25742.7614295,25742.7614295,25742.7614295,25742.7614295,25742.7614295,25742.7614295,25742.7614295,25742.7614295,25742.7614295,25742.7614295,25742.7614295,25742.7614295,25742.7614295,25742.7614295,25742.7614295,25742.7614295,25742.7614295,25742.7614295,25742.7614295,25742.7614295,25742.7614295,25742.7614295,25742.7614295,25742.7614295,25742.7614295,25742.7614295,25742.7614295,25742.7614295,25742.7614295,25742.7614295,25742.7614295,25742.7614295,25742.7614295,25742.7614295,25742.7614295,25742.7614295,25742.7614295,25742.7614295,25742.7614295,25742.7614295,25742.7614295,25742.7614295,25742.7614295,25742.7614295,25742.7614295,25742.7614295,25742.7614295,25742.7614295,25742.7614295,25742.7614295,25742.7614295,25742.7614295,25742.7614295,25742.7614295,25742.7614295,25742.7614295,25742.7614295,25742.7614295,25742.7614295,25742.7614295,25742.7614295,25742.7614295,25742.7614295,25742.7614295,25742.7614295,25742.7614295,25742.7614295,25742.7614295,25742.7614295,25742.7614295,25742.7614295,25742.7614295,25742.7614295,25742.7614295,25742.7614295,25742.7614295,25742.7614295,25742.7614295,25742.7614295,25742.7614295,25742.7614295,25742.7614295,25742.7614295,25742.7614295,25742.7614295,25742.7614295,25742.7614295,25742.7614295,25742.7614295,25742.7614295,25742.7614295,25742.7614295,25742.7614295,25742.7614295,25742.7614295,25742.7614295,25742.7614295,25742.7614295,25742.7614295,25742.7614295,25742.7614295,25742.7614295,25742.7614295,25742.7614295,25742.7614295,25742.7614295,25742.7614295,25742.7614295,25742.7614295,25742.7614295,25742.7614295,25742.7614295,25742.7614295,25742.7614295,25742.7614295,25742.7614295,25742.7614295,25742.7614295,25742.7614295,25742.7614295,25742.7614295,25742.7614295,25742.7614295,25742.7614295,25742.7614295,25742.7614295,25742.7614295,25742.7614295,25742.7614295,25742.7614295,25742.7614295,25742.7614295,25742.7614295,25742.7614295,25742.7614295,25742.7614295,25742.7614295,25742.7614295,25742.7614295,25742.7614295,25742.7614295,25742.7614295,25742.7614295,25742.7614295,25742.7614295,25742.7614295,25742.7614295,25742.7614295,25742.7614295,25742.7614295,25742.7614295,25742.7614295,25742.7614295,25742.7614295,25742.7614295,25742.7614295,25742.7614295,25742.7614295,25742.7614295,25742.7614295,25742.7614295,25742.7614295,25742.7614295,25742.7614295,25742.7614295,25742.7614295,25742.7614295,25742.7614295,25742.7614295,25742.7614295,25742.7614295,25742.7614295,25742.7614295,25742.7614295,25742.7614295,25742.7614295,25742.7614295,25742.7614295,25742.7614295,25742.7614295,25742.7614295,25742.7614295,25742.7614295,25742.7614295,25742.7614295,25742.7614295,25742.7614295,25742.7614295,25742.7614295,25742.7614295,25742.7614295,25742.7614295,25742.7614295,25742.7614295,25742.7614295,25742.7614295,25742.7614295,25742.7614295,25742.7614295,25742.7614295,25742.7614295,25742.7614295,25742.7614295,25742.7614295,25742.7614295,25742.7614295,25742.7614295,25742.7614295,25742.7614295,25742.7614295,25742.7614295,25742.7614295,25742.7614295,25742.7614295,25742.7614295,25742.7614295,25742.7614295,25742.7614295,25742.7614295,25742.7614295,25742.7614295,25742.7614295,25742.7614295,25742.7614295,25742.7614295,25742.7614295,25742.7614295,25742.7614295,25742.7614295,25742.7614295,25742.7614295,25742.7614295,25742.7614295,25742.7614295,25742.7614295,25742.7614295,25742.7614295,25742.7614295,25742.7614295,25742.7614295,25742.7614295,25742.7614295,25742.7614295,25742.7614295,25742.7614295,25742.7614295,25742.7614295,25742.7614295,25742.7614295,25742.7614295,25742.7614295,25742.7614295,25742.7614295,25742.7614295,25742.7614295,25742.7614295,25742.7614295,25742.7614295,25742.7614295,25742.7614295,25742.7614295,25742.7614295,25742.7614295,25742.7614295,25742.7614295,25742.7614295,25742.7614295,25742.7614295,25742.7614295,25742.7614295,25742.7614295,25742.7614295,25742.7614295,25742.7614295,25742.7614295,25742.7614295,25742.7614295,25742.7614295,25742.7614295,25742.7614295,25742.7614295,25742.7614295,25742.7614295,25742.7614295,25742.7614295,25742.7614295,25742.7614295,25742.7614295,25742.7614295,25742.7614295,25742.7614295,25742.7614295,25742.7614295,25742.7614295,25742.7614295,25742.7614295,25742.7614295,25742.7614295,25742.7614295,25742.7614295,25742.7614295,25742.7614295,25742.7614295,25742.7614295,25742.7614295,25742.7614295,25742.7614295,25742.7614295,25742.7614295,25742.7614295,25742.7614295,25742.7614295,25742.7614295,25742.7614295,25742.7614295,25742.7614295,25742.7614295,25742.7614295,25742.7614295,25742.7614295,25742.7614295,25742.7614295,25742.7614295,25742.7614295,25742.7614295,25742.7614295,25742.7614295,25742.7614295,25742.7614295,25742.7614295,25742.7614295,25742.7614295,25742.7614295,25742.7614295,25742.7614295,25742.7614295,25742.7614295,25742.7614295,25742.7614295,25742.7614295,25742.7614295,25742.7614295,25742.7614295,25742.7614295,25742.7614295,25742.7614295,25742.7614295,25742.7614295,25742.7614295,25742.7614295,25742.7614295,25742.7614295,25742.7614295,25742.7614295,25742.7614295,25742.7614295,25742.7614295,25742.7614295,25742.7614295,25742.7614295,25742.7614295,25742.7614295,25742.7614295,25742.7614295,25742.7614295,25742.7614295,25742.7614295,25742.7614295,25742.7614295,25742.7614295,25742.7614295,25742.7614295,25742.7614295,25742.7614295,25742.7614295,25742.7614295,25742.7614295,25742.7614295,25742.7614295,25742.7614295,25742.7614295,25742.7614295,25742.7614295,25742.7614295,25742.7614295,25742.7614295,25742.7614295,25742.7614295,25742.7614295,25742.7614295,25742.7614295,25742.7614295,25742.7614295,25742.7614295,25742.7614295,25742.7614295,25742.7614295,25742.7614295,25742.7614295,25742.7614295,25742.7614295,25742.7614295,25742.7614295,25742.7614295,25742.7614295,25742.7614295,25742.7614295,25742.7614295,25742.7614295,25742.7614295,25742.7614295,25742.7614295,25742.7614295,25742.7614295,25742.7614295,25742.7614295,25742.7614295,25742.7614295,25742.7614295,25742.7614295,25742.7614295,25742.7614295,25742.7614295,25742.7614295,25742.7614295,25742.7614295,25742.7614295,25742.7614295,25742.7614295,25742.7614295,25742.7614295,25742.7614295,25742.7614295,25742.7614295,25742.7614295,25742.7614295,25742.7614295,25742.7614295,25742.7614295,25742.7614295,25742.7614295,25742.7614295,25742.7614295,25742.7614295,25742.7614295,25742.7614295,25742.7614295,25742.7614295,25742.7614295,25742.7614295,25742.7614295,25742.7614295,25742.7614295,25742.7614295,25742.7614295,25742.7614295,25742.7614295,25742.7614295,25742.7614295,25742.7614295,25742.7614295,25742.7614295,25742.7614295,25742.7614295,25742.7614295,25742.7614295,25742.7614295,25742.7614295,25742.7614295,25742.7614295,25742.7614295,25742.7614295,25742.7614295,25742.7614295,25742.7614295,25742.7614295,25742.7614295,25742.7614295,25742.7614295,25742.7614295,25742.7614295,25742.7614295,25742.7614295,25742.7614295,25742.7614295,25742.7614295,25742.7614295,25742.7614295,25742.7614295,25742.7614295,25742.7614295,25742.7614295,25742.7614295,25742.7614295,25742.7614295,25742.7614295,25742.7614295,25742.7614295,25742.7614295,25742.7614295,25742.7614295,25742.7614295,25742.7614295,25742.7614295,25742.7614295,25742.7614295,25742.7614295,25742.7614295,25742.7614295,25742.7614295,25742.7614295,25742.7614295,25742.7614295,25742.7614295,25742.7614295,25742.7614295,25742.7614295,25742.7614295,25742.7614295,25742.7614295,25742.7614295,25742.7614295,25742.7614295,25742.7614295,25742.7614295,25742.7614295,25742.7614295,25742.7614295,25742.7614295,25742.7614295,25742.7614295,25742.7614295,25742.7614295,25742.7614295,25742.7614295,25742.7614295,25742.7614295,25742.7614295,25742.7614295,25742.7614295,25742.7614295,25742.7614295,25742.7614295,25742.7614295,25742.7614295,25742.7614295,25742.7614295,25742.7614295,25742.7614295,25742.7614295,25742.7614295,25742.7614295,25742.7614295,25742.7614295,25742.7614295,25742.7614295,25742.7614295,25742.7614295,25742.7614295,25742.7614295,25742.7614295,25742.7614295,25742.7614295,25742.7614295,25742.7614295,25742.7614295,25742.7614295,25742.7614295,25742.7614295,25742.7614295,25742.7614295,25742.7614295,25742.7614295,25742.7614295,25742.7614295,25742.7614295,25742.7614295,25742.7614295,25742.7614295,25742.7614295,25742.7614295,25742.7614295,25742.7614295,25742.7614295,25742.7614295,25742.7614295,25742.7614295,25742.7614295,25742.7614295,25742.7614295,25742.7614295,25742.7614295,25742.7614295,25742.7614295,25742.7614295,25742.7614295,25742.7614295,25742.7614295,25742.7614295,25742.7614295,25742.7614295,25742.7614295,25742.7614295,25742.7614295,25742.7614295,25742.7614295,25742.7614295,25742.7614295,25742.7614295,25742.7614295,25742.7614295,25742.7614295,25742.7614295,25742.7614295,25742.7614295,25742.7614295,25742.7614295,25742.7614295,25742.7614295,25742.7614295,25742.7614295,25742.7614295,25742.7614295,25742.7614295,25742.7614295,25742.7614295,25742.7614295,25742.7614295,25742.7614295,25742.7614295,25742.7614295,25742.7614295,25742.7614295,25742.7614295,25742.7614295,25742.7614295,25742.7614295,25742.7614295,25742.7614295,25742.7614295,25742.7614295,25742.7614295,25742.7614295,25742.7614295,25742.7614295,25742.7614295,25742.7614295,25742.7614295,25742.7614295,25742.7614295,25742.7614295,25742.7614295,25742.7614295,25742.7614295,25742.7614295,25742.7614295,25742.7614295,25742.7614295,25742.7614295,25742.7614295,25742.7614295,25742.7614295,25742.7614295,25742.7614295,25742.7614295,25742.7614295,25742.7614295,25742.7614295,25742.7614295,25742.7614295,25742.7614295,25742.7614295,25742.7614295,25742.7614295,25742.7614295,25742.7614295,25742.7614295,25742.7614295,25742.7614295,25742.7614295,25742.7614295,25742.7614295,25742.7614295,25742.7614295,25742.7614295,25742.7614295,25742.7614295,25742.7614295,25742.7614295,25742.7614295,25742.7614295,25742.7614295,25742.7614295,25742.7614295,25742.7614295,25742.7614295,25742.7614295,25742.7614295,25742.7614295,25742.7614295,25742.7614295,25742.7614295,25742.7614295,25742.7614295,25742.7614295,25742.7614295,25742.7614295,25742.7614295,25742.7614295,25742.7614295,25742.7614295,25742.7614295,25742.7614295,25742.7614295,25742.7614295,25742.7614295,25742.7614295,25742.7614295,25742.7614295,25742.7614295,25742.7614295,25742.7614295,25742.7614295,25742.7614295,25742.7614295,25742.7614295,25742.7614295,25742.7614295,25742.7614295,25742.7614295,25742.7614295,25742.7614295,25742.7614295,25742.7614295,25742.7614295,25742.7614295,25742.7614295,25742.7614295,25742.7614295,25742.7614295,25742.7614295,25742.7614295,25742.7614295,25742.7614295,25742.7614295,25742.7614295,25742.7614295,25742.7614295,25742.7614295,25742.7614295,25742.7614295,25742.7614295,25742.7614295,25742.7614295,25742.7614295,25742.7614295,25742.7614295,25742.7614295,25742.7614295,25742.7614295,25742.7614295,25742.7614295,25742.7614295,25742.7614295,25742.7614295,25742.7614295,25742.7614295,25742.7614295,25742.7614295,25742.7614295,25742.7614295,25742.7614295,25742.7614295,25742.7614295,25742.7614295,25742.7614295,25742.7614295,25742.7614295,25742.7614295,25742.7614295,25742.7614295,25742.7614295,25742.7614295,25742.7614295,25742.7614295,25742.7614295,25742.7614295,25742.7614295,25742.7614295,25742.7614295,25742.7614295,25742.7614295,25742.7614295,25742.7614295,25742.7614295,25742.7614295,25742.7614295,25742.7614295,25742.7614295,25742.7614295,25742.7614295,25742.7614295,25742.7614295,25742.7614295,25742.7614295,25742.7614295,25742.7614295,25742.7614295,25742.7614295,25742.7614295,25742.7614295,25742.7614295,25742.7614295,25742.7614295,25742.7614295,25742.7614295,25742.7614295,25742.7614295,25742.7614295,25742.7614295,25742.7614295,25742.7614295,25742.7614295,25742.7614295,25742.7614295,25742.7614295,25742.7614295,25742.7614295,25742.7614295,25742.7614295,25742.7614295,25742.7614295,25742.7614295,25742.7614295,25742.7614295,25742.7614295,25742.7614295,25742.7614295,25742.7614295,25742.7614295,25742.7614295,25742.7614295,25742.7614295,25742.7614295,25742.7614295,25742.7614295,25742.7614295,25742.7614295,25742.7614295,25742.7614295,25742.7614295,25742.7614295,25742.7614295,25742.7614295,25742.7614295,25742.7614295,25742.7614295,25742.7614295,25742.7614295,25742.7614295,25742.7614295,25742.7614295,25742.7614295,25742.7614295,25742.7614295,25742.7614295,25742.7614295,25742.7614295,25742.7614295,25742.7614295,25742.7614295,25742.7614295,25742.7614295,25742.7614295,25742.7614295,25742.7614295,25742.7614295,25742.7614295,25742.7614295,25742.7614295,25742.7614295,25742.7614295,25742.7614295,25742.7614295,25742.7614295,25742.7614295,25742.7614295,25742.7614295,25742.7614295,25742.7614295,25742.7614295,25742.7614295,25742.7614295,25742.7614295,25742.7614295,25742.7614295,25742.7614295,25742.7614295,25742.7614295,25742.7614295,25742.7614295,25742.7614295,25742.7614295,25742.7614295,25742.7614295,25742.7614295,25742.7614295,25742.7614295,25742.7614295,25742.7614295,25742.7614295,25742.7614295,25742.7614295,25742.7614295,25742.7614295,25742.7614295,25742.7614295,25742.7614295,25742.7614295,25742.7614295,25742.7614295,25742.7614295,25742.7614295,25742.7614295,25742.7614295,25742.7614295,25742.7614295,25742.7614295,25742.7614295,25742.7614295,25742.7614295,25742.7614295,25742.7614295,25742.7614295,25742.7614295,25742.7614295,25742.7614295,25742.7614295,25742.7614295,25742.7614295,25742.7614295,25742.7614295,25742.7614295,25742.7614295,25742.7614295,25742.7614295,25742.7614295,25742.7614295,25742.7614295,25742.7614295,25742.7614295,25742.7614295,25742.7614295,25742.7614295,25742.7614295,25742.7614295,25742.7614295,25742.7614295,25742.7614295,25742.7614295,25742.7614295,25742.7614295,25742.7614295,25742.7614295,25742.7614295,25742.7614295,25742.7614295,25742.7614295,25742.7614295,25742.7614295,25742.7614295,25742.7614295,25742.7614295,25742.7614295,25742.7614295,25742.7614295,25742.7614295,25742.7614295,25742.7614295,25742.7614295,25742.7614295,25742.7614295,25742.7614295,25742.7614295,25742.7614295,25742.7614295,25742.7614295,25742.7614295,25742.7614295,25742.7614295,25742.7614295,25742.7614295,25742.7614295,25742.7614295,25742.7614295,25742.7614295,25742.7614295,25742.7614295,25742.7614295,25742.7614295,25742.7614295,25742.7614295,25742.7614295,25742.7614295,25742.7614295,25742.7614295,25742.7614295,25742.7614295,25742.7614295,25742.7614295,25742.7614295,25742.7614295,25742.7614295,25742.7614295,25742.7614295,25742.7614295,25742.7614295,25742.7614295,25742.7614295,25742.7614295,25742.7614295,25742.7614295,25742.7614295,25742.7614295,25742.7614295,25742.7614295,25742.7614295,25742.7614295,25742.7614295,25742.7614295,25742.7614295,25742.7614295,25742.7614295,25742.7614295,25742.7614295,25742.7614295,25742.7614295,25742.7614295,25742.7614295,25742.7614295,25742.7614295,25742.7614295,25742.7614295,25742.7614295,25742.7614295,25742.7614295,25742.7614295,25742.7614295,25742.7614295,25742.7614295,25742.7614295,25742.7614295,25742.7614295,25742.7614295,25742.7614295,25742.7614295,25742.7614295,25742.7614295,25742.7614295,25742.7614295,25742.7614295,25742.7614295,25742.7614295,25742.7614295,25742.7614295,25742.7614295,25742.7614295,25742.7614295,25742.7614295,25742.7614295,25742.7614295,25742.7614295,25742.7614295,25742.7614295,25742.7614295,25742.7614295,25742.7614295,25742.7614295,25742.7614295,25742.7614295,25742.7614295,25742.7614295,25742.7614295,25742.7614295,25742.7614295,25742.7614295,25742.7614295,25742.7614295,25742.7614295,25742.7614295,25742.7614295,25742.7614295,25742.7614295,25742.7614295,25742.7614295,25742.7614295,25742.7614295,25742.7614295,25742.7614295,25742.7614295,25742.7614295,25742.7614295,25742.7614295,25742.7614295,25742.7614295,25742.7614295,25742.7614295,25742.7614295,25742.7614295,25742.7614295,25742.7614295,25742.7614295,25742.7614295,25742.7614295,25742.7614295,25742.7614295,25742.7614295,25742.7614295,25742.7614295,25742.7614295,25742.7614295,25742.7614295,25742.7614295,25742.7614295,25742.7614295,25742.7614295,25742.7614295,25742.7614295,25742.7614295,25742.7614295,25742.7614295,25742.7614295,25742.7614295,25742.7614295,25742.7614295,25742.7614295,25742.7614295,25742.7614295,25742.7614295,25742.7614295,25742.7614295,25742.7614295,25742.7614295,25742.7614295,25742.7614295,25742.7614295,25742.7614295,25742.7614295,25742.7614295,25742.7614295,25742.7614295,25742.7614295,25742.7614295,25742.7614295,25742.7614295,25742.7614295,25742.7614295,25742.7614295,25742.7614295,25742.7614295,25742.7614295,25742.7614295,25742.7614295,25742.7614295,25742.7614295,25742.7614295,25742.7614295,25742.7614295,25742.7614295,25742.7614295,25742.7614295,25742.7614295,25742.7614295,25742.7614295,25742.7614295,25742.7614295,25742.7614295,25742.7614295,25742.7614295,25742.7614295,25742.7614295,25742.7614295,25742.7614295,25742.7614295,25742.7614295,25742.7614295,25742.7614295,25742.7614295,25742.7614295,25742.7614295,25742.7614295,25742.7614295,25742.7614295,25742.7614295,25742.7614295,25742.7614295,25742.7614295,25742.7614295,25742.7614295,25742.7614295,25742.7614295,25742.7614295,25742.7614295,25742.7614295,25742.7614295,25742.7614295,25742.7614295,25742.7614295,25742.7614295,25742.7614295,25742.7614295,25742.7614295,25742.7614295,25742.7614295,25742.7614295,25742.7614295,25742.7614295,25742.7614295,25742.7614295,25742.7614295,25742.7614295,25742.7614295,25742.7614295,25742.7614295,25742.7614295,25742.7614295,25742.7614295,25742.7614295,25742.7614295,25742.7614295,25742.7614295,25742.7614295,25742.7614295,25742.7614295,25742.7614295,25742.7614295,25742.7614295,25742.7614295,25742.7614295,25742.7614295,25742.7614295,25742.7614295,25742.7614295,25742.7614295,25742.7614295,25742.7614295,25742.7614295,25742.7614295,25742.7614295,25742.7614295,25742.7614295,25742.7614295,25742.7614295,25742.7614295,25742.7614295,25742.7614295,25742.7614295,25742.7614295,25742.7614295,25742.7614295,25742.7614295,25742.7614295,25742.7614295,25742.7614295,25742.7614295,25742.7614295,25742.7614295,25742.7614295,25742.7614295,25742.7614295,25742.7614295,25742.7614295,25742.7614295,25742.7614295,25742.7614295,25742.7614295,25742.7614295,25742.7614295,25742.7614295,25742.7614295,25742.7614295,25742.7614295,25742.7614295,25742.7614295,25742.7614295,25742.7614295,25742.7614295,25742.7614295,25742.7614295,25742.7614295,25742.7614295,25742.7614295,25742.7614295,25742.7614295,25742.7614295,25742.7614295,25742.7614295,25742.7614295,25742.7614295,25742.7614295,25742.7614295,25742.7614295,25742.7614295,25742.7614295,25742.7614295,25742.7614295,25742.7614295,25742.7614295,25742.7614295,25742.7614295,25742.7614295,25742.7614295,25742.7614295,25742.7614295,25742.7614295,25742.7614295,25742.7614295,25742.7614295,25742.7614295,25742.7614295,25742.7614295,25742.7614295,25742.7614295,25742.7614295,25742.7614295,25742.7614295,25742.7614295,25742.7614295,25742.7614295,25742.7614295,25742.7614295,25742.7614295,25742.7614295,25742.7614295,25742.7614295,25742.7614295,25742.7614295,25742.7614295,25742.7614295,25742.7614295,25742.7614295,25742.7614295,25742.7614295,25742.7614295,25742.7614295,25742.7614295,25742.7614295,25742.7614295,25742.7614295,25742.7614295,25742.7614295,25742.7614295,25742.7614295,25742.7614295,25742.7614295,25742.7614295,25742.7614295,25742.7614295,25742.7614295,25742.7614295,25742.7614295,25742.7614295,25742.7614295,25742.7614295,25742.7614295,25742.7614295,25742.7614295,25742.7614295,25742.7614295,25742.7614295,25742.7614295,25742.7614295,25742.7614295,25742.7614295,25742.7614295,25742.7614295,25742.7614295,25742.7614295,25742.7614295,25742.7614295,25742.7614295,25742.7614295,25742.7614295,25742.7614295,25742.7614295,25742.7614295,25742.7614295,25742.7614295,25742.7614295,25742.7614295,25742.7614295,25742.7614295,25742.7614295,25742.7614295,25742.7614295,25742.7614295,25742.7614295,25742.7614295,25742.7614295,25742.7614295,25742.7614295,25742.7614295,25742.7614295,25742.7614295,25742.7614295,25742.7614295,25742.7614295,25742.7614295,25742.7614295,25742.7614295,25742.7614295,25742.7614295,25742.7614295,25742.7614295,25742.7614295,25742.7614295,25742.7614295,25742.7614295,25742.7614295,25742.7614295,25742.7614295,25742.7614295,25742.7614295,25742.7614295,25742.7614295,25742.7614295,25742.7614295,25742.7614295,25742.7614295,25742.7614295,25742.7614295,25742.7614295,25742.7614295,25742.7614295,25742.7614295,25742.7614295,25742.7614295,25742.7614295,25742.7614295,25742.7614295,25742.7614295,25742.7614295,25742.7614295,25742.7614295,25742.7614295,25742.7614295,25742.7614295,25742.7614295,25742.7614295,25742.7614295,25742.7614295,25742.7614295,25742.7614295,25742.7614295,25742.7614295,25742.7614295,25742.7614295,25742.7614295,25742.7614295,25742.7614295,25742.7614295,25742.7614295,25742.7614295,25742.7614295,25742.7614295,25742.7614295,25742.7614295,25742.7614295,25742.7614295,25742.7614295,25742.7614295,25742.7614295,25742.7614295,25742.7614295,25742.7614295,25742.7614295,25742.7614295,25742.7614295,25742.7614295,25742.7614295,25742.7614295,25742.7614295,25742.7614295,25742.7614295,25742.7614295,25742.7614295,25742.7614295,25742.7614295,25742.7614295,25742.7614295,25742.7614295,25742.7614295,25742.7614295,25742.7614295,25742.7614295,25742.7614295,25742.7614295,25742.7614295,25742.7614295,25742.7614295,25742.7614295,25742.7614295,25742.7614295,25742.7614295,25742.7614295,25742.7614295,25742.7614295,25742.7614295,25742.7614295,25742.7614295,25742.7614295,25742.7614295,25742.7614295,25742.7614295,25742.7614295,25742.7614295,25742.7614295,25742.7614295,25742.7614295,25742.7614295,25742.7614295,25742.7614295,25742.7614295,25742.7614295,25742.7614295,25742.7614295,25742.7614295,25742.7614295,25742.7614295,25742.7614295,25742.7614295,25742.7614295,25742.7614295,25742.7614295,25742.7614295,25742.7614295,25742.7614295,25742.7614295,25742.7614295,25742.7614295,25742.7614295,25742.7614295,25742.7614295,25742.7614295,25742.7614295,25742.7614295,25742.7614295,25742.7614295,25742.7614295,25742.7614295,25742.7614295,25742.7614295,25742.7614295,25742.7614295,25742.7614295,25742.7614295,25742.7614295,25742.7614295,25742.7614295,25742.7614295,25742.7614295,25742.7614295,25742.7614295,25742.7614295,25742.7614295,25742.7614295,25742.7614295,25742.7614295,25742.7614295,25742.7614295,25742.7614295,25742.7614295,25742.7614295,25742.7614295,25742.7614295,25742.7614295,25742.7614295,25742.7614295,25742.7614295,25742.7614295,25742.7614295,25742.7614295,25742.7614295,25742.7614295,25742.7614295,25742.7614295,25742.7614295,25742.7614295,25742.7614295,25742.7614295,25742.7614295,25742.7614295,25742.7614295,25742.7614295,25742.7614295,25742.7614295,25742.7614295,25742.7614295,25742.7614295,25742.7614295,25742.7614295,25742.7614295,25742.7614295,25742.7614295,25742.7614295,25742.7614295,25742.7614295,25742.7614295,25742.7614295,25742.7614295,25742.7614295,25742.7614295,25742.7614295,25742.7614295,25742.7614295,25742.7614295,25742.7614295,25742.7614295,25742.7614295,25742.7614295,25742.7614295,25742.7614295,25742.7614295,25742.7614295,25742.7614295,25742.7614295,25742.7614295,25742.7614295,25742.7614295,25742.7614295,25742.7614295,25742.7614295,25742.7614295,25742.7614295,25742.7614295,25742.7614295,25742.7614295,25742.7614295,25742.7614295,25742.7614295,25742.7614295,25742.7614295,25742.7614295,25742.7614295,25742.7614295,25742.7614295,25742.7614295,25742.7614295,25742.7614295,25742.7614295,25742.7614295,25742.7614295,25742.7614295,25742.7614295,25742.7614295,25742.7614295,25742.7614295,25742.7614295,25742.7614295,25742.7614295,25742.7614295,25742.7614295,25742.7614295,25742.7614295,25742.7614295,25742.7614295,25742.7614295,25742.7614295,25742.7614295,25742.7614295,25742.7614295,25742.7614295,25742.7614295,25742.7614295,25742.7614295,25742.7614295,25742.7614295,25742.7614295,25742.7614295,25742.7614295,25742.7614295,25742.7614295,25742.7614295,25742.7614295,25742.7614295,25742.7614295,25742.7614295,25742.7614295,25742.7614295,25742.7614295,25742.7614295,25742.7614295,25742.7614295,25742.7614295,25742.7614295,25742.7614295,25742.7614295,25742.7614295,25742.7614295,25742.7614295,25742.7614295,25742.7614295,25742.7614295,25742.7614295,25742.7614295,25742.7614295,25742.7614295,25742.7614295,25742.7614295,25742.7614295,25742.7614295,25742.7614295,25742.7614295,25742.7614295,25742.7614295,25742.7614295,25742.7614295,25742.7614295,25742.7614295,25742.7614295,25742.7614295,25742.7614295,25742.7614295,25742.7614295,25742.7614295,25742.7614295,25742.7614295,25742.7614295,25742.7614295,25742.7614295,25742.7614295,25742.7614295,25742.7614295,25742.7614295,25742.7614295,25742.7614295,25742.7614295,25742.7614295,25742.7614295,25742.7614295,25742.7614295,25742.7614295,25742.7614295,25742.7614295,25742.7614295,25742.7614295,25742.7614295,25742.7614295,25742.7614295,25742.7614295,25742.7614295,25742.7614295,25742.7614295,25742.7614295,25742.7614295,25742.7614295,25742.7614295,25742.7614295,25742.7614295,25742.7614295,25742.7614295,25742.7614295,25742.7614295,25742.7614295,25742.7614295,25742.7614295,25742.7614295,25742.7614295,25742.7614295,25742.7614295,25742.7614295,25742.7614295,25742.7614295,25742.7614295,25742.7614295,25742.7614295,25742.7614295,25742.7614295,25742.7614295,25742.7614295,25742.7614295,25742.7614295,25742.7614295,25742.7614295,25742.7614295,25742.7614295,25742.7614295,25742.7614295,25742.7614295,25742.7614295,25742.7614295,25742.7614295,25742.7614295,25742.7614295,25742.7614295,25742.7614295,25742.7614295,25742.7614295,25742.7614295,25742.7614295,25742.7614295,25742.7614295,25742.7614295,25742.7614295,25742.7614295,25742.7614295,25742.7614295,25742.7614295,25742.7614295,25742.7614295,25742.7614295,25742.7614295,25742.7614295,25742.7614295,25742.7614295,25742.7614295,25742.7614295,25742.7614295,25742.7614295,25742.7614295,25742.7614295,25742.7614295,25742.7614295,25742.7614295,25742.7614295,25742.7614295,25742.7614295,25742.7614295,25742.7614295,25742.7614295,25742.7614295,25742.7614295,25742.7614295,25742.7614295,25742.7614295,25742.7614295,25742.7614295,25742.7614295,25742.7614295,25742.7614295,25742.7614295,25742.7614295,25742.7614295,25742.7614295,25742.7614295,25742.7614295,25742.7614295,25742.7614295,25742.7614295,25742.7614295,25742.7614295,25742.7614295,25742.7614295,25742.7614295,25742.7614295,25742.7614295,25742.7614295,25742.7614295,25742.7614295,25742.7614295,25742.7614295,25742.7614295,25742.7614295,25742.7614295,25742.7614295,25742.7614295,25742.7614295,25742.7614295,25742.7614295,25742.7614295,25742.7614295,25742.7614295,25742.7614295,25742.7614295,25742.7614295,25742.7614295,25742.7614295,25742.7614295,25742.7614295,25742.7614295,25742.7614295,25742.7614295,25742.7614295,25742.7614295,25742.7614295,25742.7614295,25742.7614295,25742.7614295,25742.7614295,25742.7614295,25742.7614295,25742.7614295,25742.7614295,25742.7614295,25742.7614295,25742.7614295,25742.7614295,25742.7614295,25742.7614295,25742.7614295,25742.7614295,25742.7614295,25742.7614295,25742.7614295,25742.7614295,25742.7614295,25742.7614295,25742.7614295,25742.7614295,25742.7614295,25742.7614295,25742.7614295,25742.7614295,25742.7614295,25742.7614295,25742.7614295,25742.7614295,25742.7614295,25742.7614295,25742.7614295,25742.7614295,25742.7614295,25742.7614295,25742.7614295,25742.7614295,25742.7614295,25742.7614295,25742.7614295,25742.7614295,25742.7614295,25742.7614295,25742.7614295,25742.7614295,25742.7614295,25742.7614295,25742.7614295,25742.7614295,25742.7614295,25742.7614295,25742.7614295,25742.7614295,25742.7614295,25742.7614295,25742.7614295,25742.7614295,25742.7614295,25742.7614295,25742.7614295,25742.7614295,25742.7614295,25742.7614295,25742.7614295,25742.7614295,25742.7614295,25742.7614295,25742.7614295,25742.7614295,25742.7614295,25742.7614295,25742.7614295,25742.7614295,25742.7614295,25742.7614295,25742.7614295,25742.7614295,25742.7614295,25742.7614295,25742.7614295,25742.7614295,25742.7614295,25742.7614295,25742.7614295,25742.7614295,25742.7614295,25742.7614295,25742.7614295,25742.7614295,25742.7614295,25742.7614295,25742.7614295,25742.7614295,25742.7614295,25742.7614295,25742.7614295,25742.7614295,25742.7614295,25742.7614295,25742.7614295,25742.7614295,25742.7614295,25742.7614295,25742.7614295,25742.7614295,25742.7614295,25742.7614295,25742.7614295,25742.7614295,25742.7614295,25742.7614295,25742.7614295,25742.7614295,25742.7614295,25742.7614295,25742.7614295,25742.7614295,25742.7614295,25742.7614295,25742.7614295,25742.7614295,25742.7614295,25742.7614295,25742.7614295,25742.7614295,25742.7614295,25742.7614295,25742.7614295,25742.7614295,25742.7614295,25742.7614295,25742.7614295,25742.7614295,25742.7614295,25742.7614295,25742.7614295,25742.7614295,25742.7614295,25742.7614295,25742.7614295,25742.7614295,25742.7614295,25742.7614295,25742.7614295,25742.7614295,25742.7614295,25742.7614295,25742.7614295,25742.7614295,25742.7614295,25742.7614295,25742.7614295,25742.7614295,25742.7614295,25742.7614295,25742.7614295,25742.7614295,25742.7614295,25742.7614295,25742.7614295,25742.7614295,25742.7614295,25742.7614295,25742.7614295,25742.7614295,25742.7614295,25742.7614295,25742.7614295,25742.7614295,25742.7614295,25742.7614295,25742.7614295,25742.7614295,25742.7614295,25742.7614295,25742.7614295,25742.7614295,25742.7614295,25742.7614295,25742.7614295,25742.7614295,25742.7614295,25742.7614295,25742.7614295,25742.7614295,25742.7614295,25742.7614295,25742.7614295,25742.7614295,25742.7614295,25742.7614295,25742.7614295,25742.7614295,25742.7614295,25742.7614295,25742.7614295,25742.7614295,25742.7614295,25742.7614295,25742.7614295,25742.7614295,25742.7614295,25742.7614295,25742.7614295,25742.7614295,25742.7614295,25742.7614295,25742.7614295,25742.7614295,25742.7614295,25742.7614295,25742.7614295,25742.7614295,25742.7614295,25742.7614295,25742.7614295,25742.7614295,25742.7614295,25742.7614295,25742.7614295,25742.7614295,25742.7614295,25742.7614295,25742.7614295,25742.7614295,25742.7614295,25742.7614295,25742.7614295,25742.7614295,25742.7614295,25742.7614295,25742.7614295,25742.7614295,25742.7614295,25742.7614295,25742.7614295,25742.7614295,25742.7614295,25742.7614295,25742.7614295,25742.7614295,25742.7614295,25742.7614295,25742.7614295,25742.7614295,25742.7614295,25742.7614295,25742.7614295,25742.7614295,25742.7614295,25742.7614295,25742.7614295,25742.7614295,25742.7614295,25742.7614295,25742.7614295,25742.7614295,25742.7614295,25742.7614295,25742.7614295,25742.7614295,25742.7614295,25742.7614295,25742.7614295,25742.7614295,25742.7614295,25742.7614295,25742.7614295,25742.7614295,25742.7614295,25742.7614295,25742.7614295,25742.7614295,25742.7614295,25742.7614295,25742.7614295,25742.7614295,25742.7614295,25742.7614295,25742.7614295,25742.7614295,25742.7614295,25742.7614295,25742.7614295,25742.7614295,25742.7614295,25742.7614295,25742.7614295,25742.7614295,25742.7614295,25742.7614295,25742.7614295,25742.7614295,25742.7614295,25742.7614295,25742.7614295,25742.7614295,25742.7614295,25742.7614295,25742.7614295,25742.7614295,25742.7614295,25742.7614295,25742.7614295,25742.7614295,25742.7614295,25742.7614295,25742.7614295,25742.7614295,25742.7614295,25742.7614295,25742.7614295,25742.7614295,25742.7614295,25742.7614295,25742.7614295,25742.7614295,25742.7614295,25742.7614295,25742.7614295,25742.7614295,25742.7614295,25742.7614295,25742.7614295,25742.7614295,25742.7614295,25742.7614295,25742.7614295,25742.7614295,25742.7614295,25742.7614295,25742.7614295,25742.7614295,25742.7614295,25742.7614295,25742.7614295,25742.7614295,25742.7614295,25742.7614295,25742.7614295,25742.7614295,25742.7614295,25742.7614295,25742.7614295,25742.7614295,25742.7614295,25742.7614295,25742.7614295,25742.7614295,25742.7614295,25742.7614295,25742.7614295,25742.7614295,25742.7614295,25742.7614295,25742.7614295,25742.7614295,25742.7614295,25742.7614295,25742.7614295,25742.7614295,25742.7614295,25742.7614295,25742.7614295,25742.7614295,25742.7614295,25742.7614295,25742.7614295,25742.7614295,25742.7614295,25742.7614295,25742.7614295,25742.7614295,25742.7614295,25742.7614295,25742.7614295,25742.7614295,25742.7614295,25742.7614295,25742.7614295,25742.7614295,25742.7614295,25742.7614295,25742.7614295,25742.7614295,25742.7614295,25742.7614295,25742.7614295,25742.7614295,25742.7614295,25742.7614295,25742.7614295,25742.7614295,25742.7614295,25742.7614295,25742.7614295,25742.7614295,25742.7614295,25742.7614295,25742.7614295,25742.7614295,25742.7614295,25742.7614295,25742.7614295,25742.7614295,25742.7614295,25742.7614295,25742.7614295,25742.7614295,25742.7614295,25742.7614295,25742.7614295,25742.7614295,25742.7614295,25742.7614295,25742.7614295,25742.7614295,25742.7614295,25742.7614295,25742.7614295,25742.7614295,25742.7614295,25742.7614295,25742.7614295,25742.7614295,25742.7614295,25742.7614295,25742.7614295,25742.7614295,25742.7614295,25742.7614295,25742.7614295,25742.7614295,25742.7614295,25742.7614295,25742.7614295,25742.7614295,25742.7614295,25742.7614295,25742.7614295,25742.7614295,25742.7614295,25742.7614295,25742.7614295,25742.7614295,25742.7614295,25742.7614295,25742.7614295,25742.7614295,25742.7614295,25742.7614295,25742.7614295,25742.7614295,25742.7614295,25742.7614295,25742.7614295,25742.7614295,25742.7614295,25742.7614295,25742.7614295,25742.7614295,25742.7614295,25742.7614295,25742.7614295,25742.7614295,25742.7614295,25742.7614295,25742.7614295,25742.7614295,25742.7614295,25742.7614295,25742.7614295,25742.7614295,25742.7614295,25742.7614295,25742.7614295,25742.7614295,25742.7614295,25742.7614295,25742.7614295,25742.7614295,25742.7614295,25742.7614295,25742.7614295,25742.7614295,25742.7614295,25742.7614295,25742.7614295,25742.7614295,25742.7614295,25742.7614295,25742.7614295,25742.7614295,25742.7614295,25742.7614295,25742.7614295,25742.7614295,25742.7614295,25742.7614295,25742.7614295,25742.7614295,25742.7614295,25742.7614295,25742.7614295,25742.7614295,25742.7614295,25742.7614295,25742.7614295,25742.7614295,25742.7614295,25742.7614295,25742.7614295,25742.7614295,25742.7614295,25742.7614295,25742.7614295,25742.7614295,25742.7614295,25742.7614295,25742.7614295,25742.7614295,25742.7614295,25742.7614295,25742.7614295,25742.7614295,25742.7614295,25742.7614295,25742.7614295,25742.7614295,25742.7614295,25742.7614295,25742.7614295,25742.7614295,25742.7614295,25742.7614295,25742.7614295,25742.7614295,25742.7614295,25742.7614295,25742.7614295,25742.7614295,25742.7614295,25742.7614295,25742.7614295,25742.7614295,25742.7614295,25742.7614295,25742.7614295,25742.7614295,25742.7614295,25742.7614295,25742.7614295,25742.7614295,25742.7614295,25742.7614295,25742.7614295,25742.7614295,25742.7614295,25742.7614295,25742.7614295,25742.7614295,25742.7614295,25742.7614295,25742.7614295,25742.7614295,25742.7614295,25742.7614295,25742.7614295,25742.7614295,25742.7614295,25742.7614295,25742.7614295,25742.7614295,25742.7614295,25742.7614295,25742.7614295,25742.7614295,25742.7614295,25742.7614295,25742.7614295,25742.7614295,25742.7614295,25742.7614295,25742.7614295,25742.7614295,25742.7614295,25742.7614295,25742.7614295,25742.7614295,25742.7614295,25742.7614295,25742.7614295,25742.7614295,25742.7614295,25742.7614295,25742.7614295,25742.7614295,25742.7614295,25742.7614295,25742.7614295,25742.7614295,25742.7614295,25742.7614295,25742.7614295,25742.7614295,25742.7614295,25742.7614295,25742.7614295,25742.7614295,25742.7614295,25742.7614295,25742.7614295,25742.7614295,25742.7614295,25742.7614295,25742.7614295,25742.7614295,25742.7614295,25742.7614295,25742.7614295,25742.7614295,25742.7614295,25742.7614295,25742.7614295,25742.7614295,25742.7614295,25742.7614295,25742.7614295,25742.7614295,25742.7614295,25742.7614295,25742.7614295,25742.7614295,25742.7614295,25742.7614295,25742.7614295,25742.7614295,25742.7614295,25742.7614295,25742.7614295,25742.7614295,25742.7614295,25742.7614295,25742.7614295,25742.7614295,25742.7614295,25742.7614295,25742.7614295,25742.7614295,25742.7614295,25742.7614295,25742.7614295,25742.7614295,25742.7614295,25742.7614295,25742.7614295,25742.7614295,25742.7614295,25742.7614295,25742.7614295,25742.7614295,25742.7614295,25742.7614295,25742.7614295,25742.7614295,25742.7614295,25742.7614295,25742.7614295,25742.7614295,25742.7614295,25742.7614295,25742.7614295,25742.7614295,25742.7614295,25742.7614295,25742.7614295,25742.7614295,25742.7614295,25742.7614295,25742.7614295,25742.7614295,25742.7614295,25742.7614295,25742.7614295,25742.7614295,25742.7614295,25742.7614295,25742.7614295,25742.7614295,25742.7614295,25742.7614295,25742.7614295,25742.7614295,25742.7614295,25742.7614295,25742.7614295,25742.7614295,25742.7614295,25742.7614295,25742.7614295,25742.7614295,25742.7614295,25742.7614295,25742.7614295,25742.7614295,25742.7614295,25742.7614295,25742.7614295,25742.7614295,25742.7614295,25742.7614295,25742.7614295,25742.7614295,25742.7614295,25742.7614295,25742.7614295,25742.7614295,25742.7614295,25742.7614295,25742.7614295,25742.7614295,25742.7614295,25742.7614295,25742.7614295,25742.7614295,25742.7614295,25742.7614295,25742.7614295,25742.7614295,25742.7614295,25742.7614295,25742.7614295,25742.7614295,25742.7614295,25742.7614295,25742.7614295,25742.7614295,25742.7614295,25742.7614295,25742.7614295,25742.7614295,25742.7614295,25742.7614295,25742.7614295,25742.7614295,25742.7614295,25742.7614295,25742.7614295,25742.7614295,25742.7614295,25742.7614295,25742.7614295,25742.7614295,25742.7614295,25742.7614295,25742.7614295,25742.7614295,25742.7614295,25742.7614295,25742.7614295,25742.7614295,25742.7614295,25742.7614295,25742.7614295,25742.7614295,25742.7614295,25742.7614295,25742.7614295,25742.7614295,25742.7614295,25742.7614295,25742.7614295,25742.7614295,25742.7614295,25742.7614295,25742.7614295,25742.7614295,25742.7614295,25742.7614295,25742.7614295,25742.7614295,25742.7614295,25742.7614295,25742.7614295,25742.7614295,25742.7614295,25742.7614295,25742.7614295,25742.7614295,25742.7614295,25742.7614295,25742.7614295,25742.7614295,25742.7614295,25742.7614295,25742.7614295,25742.7614295,25742.7614295,25742.7614295,25742.7614295,25742.7614295,25742.7614295,25742.7614295,25742.7614295,25742.7614295,25742.7614295,25742.7614295,25742.7614295,25742.7614295,25742.7614295,25742.7614295,25742.7614295,25742.7614295,25742.7614295,25742.7614295,25742.7614295,25742.7614295,25742.7614295,25742.7614295,25742.7614295,25742.7614295,25742.7614295,25742.7614295,25742.7614295,25742.7614295,25742.7614295,25742.7614295,25742.7614295,25742.7614295,25742.7614295,25742.7614295,25742.7614295,25742.7614295,25742.7614295,25742.7614295,25742.7614295,25742.7614295,25742.7614295,25742.7614295,25742.7614295,25742.7614295,25742.7614295,25742.7614295,25742.7614295,25742.7614295,25742.7614295,25742.7614295,25742.7614295,25742.7614295,25742.7614295,25742.7614295,25742.7614295,25742.7614295,25742.7614295,25742.7614295,25742.7614295,25742.7614295,25742.7614295,25742.7614295,25742.7614295,25742.7614295,25742.7614295,25742.7614295,25742.7614295,25742.7614295,25742.7614295,25742.7614295,25742.7614295,25742.7614295,25742.7614295,25742.7614295,25742.7614295,25742.7614295,25742.7614295,25742.7614295,25742.7614295,25742.7614295,25742.7614295,25742.7614295,25742.7614295,25742.7614295,25742.7614295,25742.7614295,25742.7614295,25742.7614295,25742.7614295,25742.7614295,25742.7614295,25742.7614295,25742.7614295,25742.7614295,25742.7614295,25742.7614295,25742.7614295,25742.7614295,25742.7614295,25742.7614295,25742.7614295,25742.7614295,25742.7614295,25742.7614295,25742.7614295,25742.7614295,25742.7614295,25742.7614295,25742.7614295,25742.7614295,25742.7614295,25742.7614295,25742.7614295,25742.7614295,25742.7614295,25742.7614295,25742.7614295,25742.7614295,25742.7614295,25742.7614295,25742.7614295,25742.7614295,25742.7614295,25742.7614295,25742.7614295,25742.7614295,25742.7614295,25742.7614295,25742.7614295,25742.7614295,25742.7614295,25742.7614295,25742.7614295,25742.7614295,25742.7614295,25742.7614295,25742.7614295,25742.7614295,25742.7614295,25742.7614295,25742.7614295,25742.7614295,25742.7614295,25742.7614295,25742.7614295,25742.7614295,25742.7614295,25742.7614295,25742.7614295,25742.7614295,25742.7614295,25742.7614295,25742.7614295,25742.7614295,25742.7614295,25742.7614295,25742.7614295,25742.7614295,25742.7614295,25742.7614295,25742.7614295,25742.7614295,25742.7614295,25742.7614295,25742.7614295,25742.7614295,25742.7614295,25742.7614295,25742.7614295,25742.7614295,25742.7614295,25742.7614295,25742.7614295,25742.7614295,25742.7614295,25742.7614295,25742.7614295,25742.7614295,25742.7614295,25742.7614295,25742.7614295,25742.7614295,25742.7614295,25742.7614295,25742.7614295,25742.7614295,25742.7614295,25742.7614295,25742.7614295,25742.7614295,25742.7614295,25742.7614295,25742.7614295,25742.7614295,25742.7614295,25742.7614295,25742.7614295,25742.7614295,25742.7614295,25742.7614295,25742.7614295,25742.7614295,25742.7614295,25742.7614295,25742.7614295,25742.7614295,25742.7614295,25742.7614295,25742.7614295,25742.7614295,25742.7614295,25742.7614295,25742.7614295,25742.7614295,25742.7614295,25742.7614295,25742.7614295,25742.7614295,25742.7614295,25742.7614295,25742.7614295,25742.7614295,25742.7614295,25742.7614295,25742.7614295,25742.7614295,25742.7614295,25742.7614295,25742.7614295,25742.7614295,25742.7614295,25742.7614295,25742.7614295,25742.7614295,25742.7614295,25742.7614295,25742.7614295,25742.7614295,25742.7614295,25742.7614295,25742.7614295,25742.7614295,25742.7614295,25742.7614295,25742.7614295,25742.7614295,25742.7614295,25742.7614295,25742.7614295,25742.7614295,25742.7614295,25742.7614295,25742.7614295,25742.7614295,25742.7614295,25742.7614295,25742.7614295,25742.7614295,25742.7614295,25742.7614295,25742.7614295,25742.7614295,25742.7614295,25742.7614295,25742.7614295,25742.7614295,25742.7614295,25742.7614295,25742.7614295,25742.7614295,25742.7614295,25742.7614295,25742.7614295,25742.7614295,25742.7614295,25742.7614295,25742.7614295,25742.7614295,25742.7614295,25742.7614295,25742.7614295,25742.7614295,25742.7614295,25742.7614295,25742.7614295,25742.7614295,25742.7614295,25742.7614295,25742.7614295,25742.7614295,25742.7614295,25742.7614295,25742.7614295,25742.7614295,25742.7614295,25742.7614295,25742.7614295,25742.7614295,25742.7614295,25742.7614295,25742.7614295,25742.7614295,25742.7614295,25742.7614295,25742.7614295,25742.7614295,25742.7614295,25742.7614295,25742.7614295,25742.7614295,25742.7614295,25742.7614295,25742.7614295,25742.7614295,25742.7614295,25742.7614295,25742.7614295,25742.7614295,25742.7614295,25742.7614295,25742.7614295,25742.7614295,25742.7614295,25742.7614295,25742.7614295,25742.7614295,25742.7614295,25742.7614295,25742.7614295,25742.7614295,25742.7614295,25742.7614295,25742.7614295,25742.7614295,25742.7614295,25742.7614295,25742.7614295,25742.7614295,25742.7614295,25742.7614295,25742.7614295,25742.7614295,25742.7614295,25742.7614295,25742.7614295,25742.7614295,25742.7614295,25742.7614295,25742.7614295,25742.7614295,25742.7614295,25742.7614295,25742.7614295,25742.7614295,25742.7614295,25742.7614295,25742.7614295,25742.7614295,25742.7614295,25742.7614295,25742.7614295,25742.7614295,25742.7614295,25742.7614295,25742.7614295,25742.7614295,25742.7614295,25742.7614295,25742.7614295,25742.7614295,25742.7614295,25742.7614295,25742.7614295,25742.7614295,25742.7614295,25742.7614295,25742.7614295,25742.7614295,25742.7614295,25742.7614295,25742.7614295,25742.7614295,25742.7614295,25742.7614295,25742.7614295,25742.7614295,25742.7614295,25742.7614295,25742.7614295,25742.7614295,25742.7614295,25742.7614295,25742.7614295,25742.7614295,25742.7614295,25742.7614295,25742.7614295,25742.7614295,25742.7614295,25742.7614295,25742.7614295,25742.7614295,25742.7614295,25742.7614295,25742.7614295,25742.7614295,25742.7614295,25742.7614295,25742.7614295,25742.7614295,25742.7614295,25742.7614295,25742.7614295,25742.7614295,25742.7614295,25742.7614295,25742.7614295,25742.7614295,25742.7614295,25742.7614295,25742.7614295,25742.7614295,25742.7614295,25742.7614295,25742.7614295,25742.7614295,25742.7614295,25742.7614295,25742.7614295,25742.7614295,25742.7614295,25742.7614295,25742.7614295,25742.7614295,25742.7614295,25742.7614295,25742.7614295,25742.7614295,25742.7614295,25742.7614295,25742.7614295,25742.7614295,25742.7614295,25742.7614295,25742.7614295,25742.7614295,25742.7614295,25742.7614295,25742.7614295,25742.7614295,25742.7614295,25742.7614295,25742.7614295,25742.7614295,25742.7614295,25742.7614295,25742.7614295,25742.7614295,25742.7614295,25742.7614295,25742.7614295,25742.7614295,25742.7614295,25742.7614295,25742.7614295,25742.7614295,25742.7614295,25742.7614295,25742.7614295,25742.7614295,25742.7614295,25742.7614295,25742.7614295,25742.7614295,25742.7614295,25742.7614295,25742.7614295,25742.7614295,25742.7614295,25742.7614295,25742.7614295,25742.7614295,25742.7614295,25742.7614295,25742.7614295,25742.7614295,25742.7614295,25742.7614295,25742.7614295,25742.7614295,25742.7614295,25742.7614295,25742.7614295,25742.7614295,25742.7614295,25742.7614295,25742.7614295,25742.7614295,25742.7614295,25742.7614295,25742.7614295,25742.7614295,25742.7614295,25742.7614295,25742.7614295,25742.7614295,25742.7614295,25742.7614295,25742.7614295,25742.7614295,25742.7614295,25742.7614295,25742.7614295,25742.7614295,25742.7614295,25742.7614295,25742.7614295,25742.7614295,25742.7614295,25742.7614295,25742.7614295,25742.7614295,25742.7614295,25742.7614295,25742.7614295,25742.7614295,25742.7614295,25742.7614295,25742.7614295,25742.7614295,25742.7614295,25742.7614295,25742.7614295,25742.7614295,25742.7614295,25742.7614295,25742.7614295,25742.7614295,25742.7614295,25742.7614295,25742.7614295,25742.7614295,25742.7614295,25742.7614295,25742.7614295,25742.7614295,25742.7614295,25742.7614295,25742.7614295,25742.7614295,25742.7614295,25742.7614295,25742.7614295,25742.7614295,25742.7614295,25742.7614295,25742.7614295,25742.7614295,25742.7614295,25742.7614295,25742.7614295,25742.7614295,25742.7614295,25742.7614295,25742.7614295,25742.7614295,25742.7614295,25742.7614295,25742.7614295,25742.7614295,25742.7614295,25742.7614295,25742.7614295,25742.7614295,25742.7614295,25742.7614295,25742.7614295,25742.7614295,25742.7614295,25742.7614295,25742.7614295,25742.7614295,25742.7614295,25742.7614295,25742.7614295,25742.7614295,25742.7614295,25742.7614295,25742.7614295,25742.7614295,25742.7614295,25742.7614295,25742.7614295,25742.7614295,25742.7614295,25742.7614295,25742.7614295,25742.7614295,25742.7614295,25742.7614295,25742.7614295,25742.7614295,25742.7614295,25742.7614295,25742.7614295,25742.7614295,25742.7614295,25742.7614295,25742.7614295,25742.7614295,25742.7614295,25742.7614295,25742.7614295,25742.7614295,25742.7614295,25742.7614295,25742.7614295,25742.7614295,25742.7614295,25742.7614295,25742.7614295,25742.7614295,25742.7614295,25742.7614295,25742.7614295,25742.7614295,25742.7614295,25742.7614295,25742.7614295,25742.7614295,25742.7614295,25742.7614295,25742.7614295,25742.7614295,25742.7614295,25742.7614295,25742.7614295,25742.7614295,25742.7614295,25742.7614295,25742.7614295,25742.7614295,25742.7614295,25742.7614295,25742.7614295,25742.7614295,25742.7614295,25742.7614295,25742.7614295,25742.7614295,25742.7614295,25742.7614295,25742.7614295,25742.7614295,25742.7614295,25742.7614295,25742.7614295,25742.7614295,25742.7614295,25742.7614295,25742.7614295,25742.7614295,25742.7614295,25742.7614295,25742.7614295,25742.7614295,25742.7614295,25742.7614295,25742.7614295,25742.7614295,25742.7614295,25742.7614295,25742.7614295,25742.7614295,25742.7614295,25742.7614295,25742.7614295,25742.7614295,25742.7614295,25742.7614295,25742.7614295,25742.7614295,25742.7614295,25742.7614295,25742.7614295,25742.7614295,25742.7614295,25742.7614295,25742.7614295,25742.7614295,25742.7614295,25742.7614295,25742.7614295,25742.7614295,25742.7614295,25742.7614295,25742.7614295,25742.7614295,25742.7614295,25742.7614295,25742.7614295,25742.7614295,25742.7614295,25742.7614295,25742.7614295,25742.7614295,25742.7614295,25742.7614295,25742.7614295,25742.7614295,25742.7614295,25742.7614295,25742.7614295,25742.7614295,25742.7614295,25742.7614295,25742.7614295,25742.7614295,25742.7614295,25742.7614295,25742.7614295,25742.7614295,25742.7614295,25742.7614295,25742.7614295,25742.7614295,25742.7614295,25742.7614295,25742.7614295,25742.7614295,25742.7614295,25742.7614295,25742.7614295,25742.7614295,25742.7614295,25742.7614295,25742.7614295,25742.7614295,25742.7614295,25742.7614295,25742.7614295,25742.7614295,25742.7614295,25742.7614295,25742.7614295,25742.7614295,25742.7614295,25742.7614295,25742.7614295,25742.7614295,25742.7614295,25742.7614295,25742.7614295,25742.7614295,25742.7614295,25742.7614295,25742.7614295,25742.7614295,25742.7614295,25742.7614295,25742.7614295,25742.7614295,25742.7614295,25742.7614295,25742.7614295,25742.7614295,25742.7614295,25742.7614295,25742.7614295,25742.7614295,25742.7614295,25742.7614295,25742.7614295,25742.7614295,25742.7614295,25742.7614295,25742.7614295,25742.7614295,25742.7614295,25742.7614295,25742.7614295,25742.7614295,25742.7614295,25742.7614295,25742.7614295,25742.7614295,25742.7614295,25742.7614295,25742.7614295,25742.7614295,25742.7614295,25742.7614295,25742.7614295,25742.7614295,25742.7614295,25742.7614295,25742.7614295,25742.7614295,25742.7614295,25742.7614295,25742.7614295,25742.7614295,25742.7614295,25742.7614295,25742.7614295,25742.7614295,25742.7614295,25742.7614295,25742.7614295,25742.7614295,25742.7614295,25742.7614295,25742.7614295,25742.7614295,25742.7614295,25742.7614295,25742.7614295,25742.7614295,25742.7614295,25742.7614295,25742.7614295,25742.7614295,25742.7614295,25742.7614295,25742.7614295,25742.7614295,25742.7614295,25742.7614295,25742.7614295,25742.7614295,25742.7614295,25742.7614295,25742.7614295,25742.7614295,25742.7614295,25742.7614295,25742.7614295,25742.7614295,25742.7614295,25742.7614295,25742.7614295,25742.7614295,25742.7614295,25742.7614295,25742.7614295,25742.7614295,25742.7614295,25742.7614295,25742.7614295,25742.7614295,25742.7614295,25742.7614295,25742.7614295,25742.7614295,25742.7614295,25742.7614295,25742.7614295,25742.7614295,25742.7614295,25742.7614295,25742.7614295,25742.7614295,25742.7614295,25742.7614295,25742.7614295,25742.7614295,25742.7614295,25742.7614295,25742.7614295,25742.7614295,25742.7614295,25742.7614295,25742.7614295,25742.7614295,25742.7614295,25742.7614295,25742.7614295,25742.7614295,25742.7614295,25742.7614295,25742.7614295,25742.7614295,25742.7614295,25742.7614295,25742.7614295,25742.7614295,25742.7614295,25742.7614295,25742.7614295,25742.7614295,25742.7614295,25742.7614295,25742.7614295,25742.7614295,25742.7614295,25742.7614295,25742.7614295,25742.7614295,25742.7614295,25742.7614295,25742.7614295,25742.7614295,25742.7614295,25742.7614295,25742.7614295,25742.7614295,25742.7614295,25742.7614295,25742.7614295,25742.7614295,25742.7614295,25742.7614295,25742.7614295,25742.7614295,25742.7614295,25742.7614295,25742.7614295,25742.7614295,25742.7614295,25742.7614295,25742.7614295,25742.7614295,25742.7614295,25742.7614295,25742.7614295,25742.7614295,25742.7614295,25742.7614295,25742.7614295,25742.7614295,25742.7614295,25742.7614295,25742.7614295,25742.7614295,25742.7614295,25742.7614295,25742.7614295,25742.7614295,25742.7614295,25742.7614295,25742.7614295,25742.7614295,25742.7614295,25742.7614295,25742.7614295,25742.7614295,25742.7614295,25742.7614295,25742.7614295,25742.7614295,25742.7614295,25742.7614295,25742.7614295,25742.7614295,25742.7614295,25742.7614295,25742.7614295,25742.7614295,25742.7614295,25742.7614295,25742.7614295,25742.7614295,25742.7614295,25742.7614295,25742.7614295,25742.7614295,25742.7614295,25742.7614295,25742.7614295,25742.7614295,25742.7614295,25742.7614295,25742.7614295,25742.7614295,25742.7614295,25742.7614295,25742.7614295,25742.7614295,25742.7614295,25742.7614295,25742.7614295,25742.7614295,25742.7614295,25742.7614295,25742.7614295,25742.7614295,25742.7614295,25742.7614295,25742.7614295,25742.7614295,25742.7614295,25742.7614295,25742.7614295,25742.7614295,25742.7614295,25742.7614295,25742.7614295,25742.7614295,25742.7614295,25742.7614295,25742.7614295,25742.7614295,25742.7614295,25742.7614295,25742.7614295,25742.7614295,25742.7614295,25742.7614295,25742.7614295,25742.7614295,25742.7614295,25742.7614295,25742.7614295,25742.7614295,25742.7614295,25742.7614295,25742.7614295,25742.7614295,25742.7614295,25742.7614295,25742.7614295,25742.7614295,25742.7614295,25742.7614295,25742.7614295,25742.7614295,25742.7614295,25742.7614295,25742.7614295,25742.7614295,25742.7614295,25742.7614295,25742.7614295,25742.7614295,25742.7614295,25742.7614295,25742.7614295,25742.7614295,25742.7614295,25742.7614295,25742.7614295,25742.7614295,25742.7614295,25742.7614295,25742.7614295,25742.7614295,25742.7614295,25742.7614295,25742.7614295,25742.7614295,25742.7614295,25742.7614295,25742.7614295,25742.7614295,25742.7614295,25742.7614295,25742.7614295,25742.7614295,25742.7614295,25742.7614295,25742.7614295,25742.7614295,25742.7614295,25742.7614295,25742.7614295,25742.7614295,25742.7614295,25742.7614295,25742.7614295,25742.7614295,25742.7614295,25742.7614295,25742.7614295,25742.7614295,25742.7614295,25742.7614295,25742.7614295,25742.7614295,25742.7614295,25742.7614295,25742.7614295,25742.7614295,25742.7614295,25742.7614295,25742.7614295,25742.7614295,25742.7614295,25742.7614295,25742.7614295,25742.7614295,25742.7614295,25742.7614295,25742.7614295,25742.7614295,25742.7614295,25742.7614295,25742.7614295,25742.7614295,25742.7614295,25742.7614295,25742.7614295,25742.7614295,25742.7614295,25742.7614295,25742.7614295,25742.7614295,25742.7614295,25742.7614295,25742.7614295,25742.7614295,25742.7614295,25742.7614295,25742.7614295,25742.7614295,25742.7614295,25742.7614295,25742.7614295,25742.7614295,25742.7614295,25742.7614295,25742.7614295,25742.7614295,25742.7614295,25742.7614295,25742.7614295,25742.7614295,25742.7614295,25742.7614295,25742.7614295,25742.7614295,25742.7614295,25742.7614295,25742.7614295,25742.7614295,25742.7614295,25742.7614295,25742.7614295,25742.7614295,25742.7614295,25742.7614295,25742.7614295,25742.7614295,25742.7614295,25742.7614295,25742.7614295,25742.7614295,25742.7614295,25742.7614295,25742.7614295,25742.7614295,25742.7614295,25742.7614295,25742.7614295,25742.7614295,25742.7614295,25742.7614295,25742.7614295,25742.7614295,25742.7614295,25742.7614295,25742.7614295,25742.7614295,25742.7614295,25742.7614295,25742.7614295,25742.7614295,25742.7614295,25742.7614295,25742.7614295,25742.7614295,25742.7614295,25742.7614295,25742.7614295,25742.7614295,25742.7614295,25742.7614295,25742.7614295,25742.7614295,25742.7614295,25742.7614295,25742.7614295,25742.7614295,25742.7614295,25742.7614295,25742.7614295,25742.7614295,25742.7614295,25742.7614295,25742.7614295,25742.7614295,25742.7614295,25742.7614295,25742.7614295,25742.7614295,25742.7614295,25742.7614295,25742.7614295,25742.7614295,25742.7614295,25742.7614295,25742.7614295,25742.7614295,25742.7614295,25742.7614295,25742.7614295,25742.7614295,25742.7614295,25742.7614295,25742.7614295,25742.7614295,25742.7614295,25742.7614295,25742.7614295,25742.7614295,25742.7614295,25742.7614295,25742.7614295,25742.7614295,25742.7614295,25742.7614295,25742.7614295,25742.7614295,25742.7614295,25742.7614295,25742.7614295,25742.7614295,25742.7614295,25742.7614295,25742.7614295,25742.7614295,25742.7614295,25742.7614295,25742.7614295,25742.7614295,25742.7614295,25742.7614295,25742.7614295,25742.7614295,25742.7614295,25742.7614295,25742.7614295,25742.7614295,25742.7614295,25742.7614295,25742.7614295,25742.7614295,25742.7614295,25742.7614295,25742.7614295,25742.7614295,25742.7614295,25742.7614295,25742.7614295,25742.7614295,25742.7614295,25742.7614295,25742.7614295,25742.7614295,25742.7614295,25742.7614295,25742.7614295,25742.7614295,25742.7614295,25742.7614295,25742.7614295,25742.7614295,25742.7614295,25742.7614295,25742.7614295,25742.7614295,25742.7614295,25742.7614295,25742.7614295,25742.7614295,25742.7614295,25742.7614295,25742.7614295,25742.7614295,25742.7614295,25742.7614295,25742.7614295,25742.7614295,25742.7614295,25742.7614295,25742.7614295,25742.7614295,25742.7614295,25742.7614295,25742.7614295,25742.7614295,25742.7614295,25742.7614295,25742.7614295,25742.7614295,25742.7614295,25742.7614295,25742.7614295,25742.7614295,25742.7614295,25742.7614295,25742.7614295,25742.7614295,25742.7614295,25742.7614295,25742.7614295,25742.7614295,25742.7614295,25742.7614295,25742.7614295,25742.7614295,25742.7614295,25742.7614295,25742.7614295,25742.7614295,25742.7614295,25742.7614295,25742.7614295,25742.7614295,25742.7614295,25742.7614295,25742.7614295,25742.7614295,25742.7614295,25742.7614295,25742.7614295,25742.7614295,25742.7614295,25742.7614295,25742.7614295,25742.7614295,25742.7614295,25742.7614295,25742.7614295,25742.7614295,25742.7614295,25742.7614295,25742.7614295,25742.7614295,25742.7614295,25742.7614295,25742.7614295,25742.7614295,25742.7614295,25742.7614295,25742.7614295,25742.7614295,25742.7614295,25742.7614295,25742.7614295,25742.7614295,25742.7614295,25742.7614295,25742.7614295,25742.7614295,25742.7614295,25742.7614295,25742.7614295,25742.7614295,25742.7614295,25742.7614295,25742.7614295,25742.7614295,25742.7614295,25742.7614295,25742.7614295,25742.7614295,25742.7614295,25742.7614295,25742.7614295,25742.7614295,25742.7614295,25742.7614295,25742.7614295,25742.7614295,25742.7614295,25742.7614295,25742.7614295,25742.7614295,25742.7614295,25742.7614295,25742.7614295,25742.7614295,25742.7614295,25742.7614295,25742.7614295,25742.7614295,25742.7614295,25742.7614295,25742.7614295,25742.7614295,25742.7614295,25742.7614295,25742.7614295,25742.7614295,25742.7614295,25742.7614295,25742.7614295,25742.7614295,25742.7614295,25742.7614295,25742.7614295,25742.7614295,25742.7614295,25742.7614295,25742.7614295,25742.7614295,25742.7614295,25742.7614295,25742.7614295,25742.7614295,25742.7614295,25742.7614295,25742.7614295,25742.7614295,25742.7614295,25742.7614295,25742.7614295,25742.7614295,25742.7614295,25742.7614295,25742.7614295,25742.7614295,25742.7614295,25742.7614295,25742.7614295,25742.7614295,25742.7614295,25742.7614295,25742.7614295,25742.7614295,25742.7614295,25742.7614295,25742.7614295,25742.7614295,25742.7614295,25742.7614295,25742.7614295,25742.7614295,25742.7614295,25742.7614295,25742.7614295,25742.7614295,25742.7614295,25742.7614295,25742.7614295,25742.7614295,25742.7614295,25742.7614295,25742.7614295,25742.7614295,25742.7614295,25742.7614295,25742.7614295,25742.7614295,25742.7614295,25742.7614295,25742.7614295,25742.7614295,25742.7614295,25742.7614295,25742.7614295,25742.7614295,25742.7614295,25742.7614295,25742.7614295,25742.7614295,25742.7614295,25742.7614295,25742.7614295,25742.7614295,25742.7614295,25742.7614295,25742.7614295,25742.7614295,25742.7614295,25742.7614295,25742.7614295,25742.7614295,25742.7614295,25742.7614295,25742.7614295,25742.7614295,25742.7614295,25742.7614295,25742.7614295,25742.7614295,25742.7614295,25742.7614295,25742.7614295,25742.7614295,25742.7614295,25742.7614295,25742.7614295,25742.7614295,25742.7614295,25742.7614295,25742.7614295,25742.7614295,25742.7614295,25742.7614295,25742.7614295,25742.7614295,25742.7614295,25742.7614295,25742.7614295,25742.7614295,25742.7614295,25742.7614295,25742.7614295,25742.7614295,25742.7614295,25742.7614295,25742.7614295,25742.7614295,25742.7614295,25742.7614295,25742.7614295,25742.7614295,25742.7614295,25742.7614295,25742.7614295,25742.7614295,25742.7614295,25742.7614295,25742.7614295,25742.7614295,25742.7614295,25742.7614295,25742.7614295,25742.7614295,25742.7614295,25742.7614295,25742.7614295,25742.7614295,25742.7614295,25742.7614295,25742.7614295,25742.7614295,25742.7614295,25742.7614295,25742.7614295,25742.7614295,25742.7614295,25742.7614295,25742.7614295,25742.7614295,25742.7614295,25742.7614295,25742.7614295,25742.7614295,25742.7614295,25742.7614295,25742.7614295,25742.7614295,25742.7614295,25742.7614295,25742.7614295,25742.7614295,25742.7614295,25742.7614295,25742.7614295,25742.7614295,25742.7614295,25742.7614295,25742.7614295,25742.7614295,25742.7614295,25742.7614295,25742.7614295,25742.7614295,25742.7614295,25742.7614295,25742.7614295,25742.7614295,25742.7614295,25742.7614295,25742.7614295,25742.7614295,25742.7614295,25742.7614295,25742.7614295,25742.7614295,25742.7614295,25742.7614295,25742.7614295,25742.7614295,25742.7614295,25742.7614295,25742.7614295,25742.7614295,25742.7614295,25742.7614295,25742.7614295,25742.7614295,25742.7614295,25742.7614295,25742.7614295,25742.7614295,25742.7614295,25742.7614295,25742.7614295,25742.7614295,25742.7614295,25742.7614295,25742.7614295,25742.7614295,25742.7614295,25742.7614295,25742.7614295,25742.7614295,25742.7614295,25742.7614295,25742.7614295,25742.7614295,25742.7614295,25742.7614295,25742.7614295,25742.7614295,25742.7614295,25742.7614295,25742.7614295,25742.7614295,25742.7614295,25742.7614295,25742.7614295,25742.7614295,25742.7614295,25742.7614295,25742.7614295,25742.7614295,25742.7614295,25742.7614295,25742.7614295,25742.7614295,25742.7614295,25742.7614295,25742.7614295,25742.7614295,25742.7614295,25742.7614295,25742.7614295,25742.7614295,25742.7614295,25742.7614295,25742.7614295,25742.7614295,25742.7614295,25742.7614295,25742.7614295,25742.7614295,25742.7614295,25742.7614295,25742.7614295,25742.7614295,25742.7614295,25742.7614295,25742.7614295,25742.7614295,25742.7614295,25742.7614295,25742.7614295,25742.7614295,25742.7614295,25742.7614295,25742.7614295,25742.7614295,25742.7614295,25742.7614295,25742.7614295,25742.7614295,25742.7614295,25742.7614295,25742.7614295,25742.7614295,25742.7614295,25742.7614295,25742.7614295,25742.7614295,25742.7614295,25742.7614295,25742.7614295,25742.7614295,25742.7614295,25742.7614295,25742.7614295,25742.7614295,25742.7614295,25742.7614295,25742.7614295,25742.7614295,25742.7614295,25742.7614295,25742.7614295,25742.7614295,25742.7614295,25742.7614295,25742.7614295,25742.7614295,25742.7614295,25742.7614295,25742.7614295,25742.7614295,25742.7614295,25742.7614295,25742.7614295,25742.7614295,25742.7614295,25742.7614295,25742.7614295,25742.7614295,25742.7614295,25742.7614295,25742.7614295,25742.7614295,25742.7614295,25742.7614295,25742.7614295,25742.7614295,25742.7614295,25742.7614295,25742.7614295,25742.7614295,25742.7614295,25742.7614295,25742.7614295,25742.7614295,25742.7614295,25742.7614295,25742.7614295,25742.7614295,25742.7614295,25742.7614295,25742.7614295,25742.7614295,25742.7614295,25742.7614295,25742.7614295,25742.7614295,25742.7614295,25742.7614295,25742.7614295,25742.7614295,25742.7614295,25742.7614295,25742.7614295,25742.7614295,25742.7614295,25742.7614295,25742.7614295,25742.7614295,25742.7614295,25742.7614295,25742.7614295,25742.7614295,25742.7614295,25742.7614295,25742.7614295,25742.7614295,25742.7614295,25742.7614295,25742.7614295,25742.7614295,25742.7614295,25742.7614295,25742.7614295,25742.7614295,25742.7614295,25742.7614295,25742.7614295,25742.7614295,25742.7614295,25742.7614295,25742.7614295,25742.7614295,25742.7614295,25742.7614295,25742.7614295,25742.7614295,25742.7614295,25742.7614295,25742.7614295,25742.7614295,25742.7614295,25742.7614295,25742.7614295,25742.7614295,25742.7614295,25742.7614295,25742.7614295,25742.7614295,25742.7614295,25742.7614295,25742.7614295,25742.7614295,25742.7614295,25742.7614295,25742.7614295,25742.7614295,25742.7614295,25742.7614295,25742.7614295,25742.7614295,25742.7614295,25742.7614295,25742.7614295,25742.7614295,25742.7614295,25742.7614295,25742.7614295,25742.7614295,25742.7614295,25742.7614295,25742.7614295,25742.7614295,25742.7614295,25742.7614295,25742.7614295,25742.7614295,25742.7614295,25742.7614295,25742.7614295,25742.7614295,25742.7614295,25742.7614295,25742.7614295,25742.7614295,25742.7614295,25742.7614295,25742.7614295,25742.7614295,25742.7614295,25742.7614295,25742.7614295,25742.7614295,25742.7614295,25742.7614295,25742.7614295,25742.7614295,25742.7614295,25742.7614295,25742.7614295,25742.7614295,25742.7614295,25742.7614295,25742.7614295,25742.7614295,25742.7614295,25742.7614295,25742.7614295,25742.7614295,25742.7614295,25742.7614295,25742.7614295,25742.7614295,25742.7614295,25742.7614295,25742.7614295,25742.7614295,25742.7614295,25742.7614295,25742.7614295,25742.7614295,25742.7614295,25742.7614295,25742.7614295,25742.7614295,25742.7614295,25742.7614295,25742.7614295,25742.7614295,25742.7614295,25742.7614295,25742.7614295,25742.7614295,25742.7614295,25742.7614295,25742.7614295,25742.7614295,25742.7614295,25742.7614295,25742.7614295,25742.7614295,25742.7614295,25742.7614295,25742.7614295,25742.7614295,25742.7614295,25742.7614295,25742.7614295,25742.7614295,25742.7614295,25742.7614295,25742.7614295,25742.7614295,25742.7614295,25742.7614295,25742.7614295,25742.7614295,25742.7614295,25742.7614295,25742.7614295,25742.7614295,25742.7614295,25742.7614295,25742.7614295,25742.7614295,25742.7614295,25742.7614295,25742.7614295,25742.7614295,25742.7614295,25742.7614295,25742.7614295,25742.7614295,25742.7614295,25742.7614295,25742.7614295,25742.7614295,25742.7614295,25742.7614295,25742.7614295,25742.7614295,25742.7614295,25742.7614295,25742.7614295,25742.7614295,25742.7614295,25742.7614295,25742.7614295,25742.7614295,25742.7614295,25742.7614295,25742.7614295,25742.7614295,25742.7614295,25742.7614295,25742.7614295,25742.7614295,25742.7614295,25742.7614295,25742.7614295,25742.7614295,25742.7614295,25742.7614295,25742.7614295,25742.7614295,25742.7614295,25742.7614295,25742.7614295,25742.7614295,25742.7614295,25742.7614295,25742.7614295,25742.7614295,25742.7614295,25742.7614295,25742.7614295,25742.7614295,25742.7614295,25742.7614295,25742.7614295,25742.7614295,25742.7614295,25742.7614295,25742.7614295,25742.7614295,25742.7614295,25742.7614295,25742.7614295,25742.7614295,25742.7614295,25742.7614295,25742.7614295,25742.7614295,25742.7614295,25742.7614295,25742.7614295,25742.7614295,25742.7614295,25742.7614295,25742.7614295,25742.7614295,25742.7614295,25742.7614295,25742.7614295,25742.7614295,25742.7614295,25742.7614295,25742.7614295,25742.7614295,25742.7614295,25742.7614295,25742.7614295,25742.7614295,25742.7614295,25742.7614295,25742.7614295,25742.7614295,25742.7614295,25742.7614295,25742.7614295,25742.7614295,25742.7614295,25742.7614295,25742.7614295,25742.7614295,25742.7614295,25742.7614295,25742.7614295,25742.7614295,25742.7614295,25742.7614295,25742.7614295,25742.7614295,25742.7614295,25742.7614295,25742.7614295,25742.7614295,25742.7614295,25742.7614295,25742.7614295,25742.7614295,25742.7614295,25742.7614295,25742.7614295,25742.7614295,25742.7614295,25742.7614295,25742.7614295,25742.7614295,25742.7614295,25742.7614295,25742.7614295,25742.7614295,25742.7614295,25742.7614295,25742.7614295,25742.7614295,25742.7614295,25742.7614295,25742.7614295,25742.7614295,25742.7614295,25742.7614295,25742.7614295,25742.7614295,25742.7614295,25742.7614295,25742.7614295,25742.7614295,25742.7614295,25742.7614295,25742.7614295,25742.7614295,25742.7614295,25742.7614295,25742.7614295,25742.7614295,25742.7614295,25742.7614295,25742.7614295,25742.7614295,25742.7614295,25742.7614295,25742.7614295,25742.7614295,25742.7614295,25742.7614295,25742.7614295,25742.7614295,25742.7614295,25742.7614295,25742.7614295,25742.7614295,25742.7614295,25742.7614295,25742.7614295,25742.7614295,25742.7614295,25742.7614295,25742.7614295,25742.7614295,25742.7614295,25742.7614295,25742.7614295,25742.7614295,25742.7614295,25742.7614295,25742.7614295,25742.7614295,25742.7614295,25742.7614295,25742.7614295,25742.7614295,25742.7614295,25742.7614295,25742.7614295,25742.7614295,25742.7614295,25742.7614295,25742.7614295,25742.7614295,25742.7614295,25742.7614295,25742.7614295,25742.7614295,25742.7614295,25742.7614295,25742.7614295,25742.7614295,25742.7614295,25742.7614295,25742.7614295,25742.7614295,25742.7614295,25742.7614295,25742.7614295,25742.7614295,25742.7614295,25742.7614295,25742.7614295,25742.7614295,25742.7614295,25742.7614295,25742.7614295,25742.7614295,25742.7614295,25742.7614295,25742.7614295,25742.7614295,25742.7614295,25742.7614295,25742.7614295,25742.7614295,25742.7614295,25742.7614295,25742.7614295,25742.7614295,25742.7614295,25742.7614295,25742.7614295,25742.7614295,25742.7614295,25742.7614295,25742.7614295,25742.7614295,25742.7614295,25742.7614295,25742.7614295,25742.7614295,25742.7614295,25742.7614295,25742.7614295,25742.7614295,25742.7614295,25742.7614295,25742.7614295,25742.7614295,25742.7614295,25742.7614295,25742.7614295,25742.7614295,25742.7614295,25742.7614295,25742.7614295,25742.7614295,25742.7614295,25742.7614295,25742.7614295,25742.7614295,25742.7614295,25742.7614295,25742.7614295,25742.7614295,25742.7614295,25742.7614295,25742.7614295,25742.7614295,25742.7614295,25742.7614295,25742.7614295,25742.7614295,25742.7614295,25742.7614295,25742.7614295,25742.7614295,25742.7614295,25742.7614295,25742.7614295,25742.7614295,25742.7614295,25742.7614295,25742.7614295,25742.7614295,25742.7614295,25742.7614295,25742.7614295,25742.7614295,25742.7614295,25742.7614295,25742.7614295,25742.7614295,25742.7614295,25742.7614295,25742.7614295,25742.7614295,25742.7614295,25742.7614295,25742.7614295,25742.7614295,25742.7614295,25742.7614295,25742.7614295,25742.7614295,25742.7614295,25742.7614295,25742.7614295,25742.7614295,25742.7614295,25742.7614295,25742.7614295,25742.7614295,25742.7614295,25742.7614295,25742.7614295,25742.7614295,25742.7614295,25742.7614295,25742.7614295,25742.7614295,25742.7614295,25742.7614295,25742.7614295,25742.7614295,25742.7614295,25742.7614295,25742.7614295,25742.7614295,25742.7614295,25742.7614295,25742.7614295,25742.7614295,25742.7614295,25742.7614295,25742.7614295,25742.7614295,25742.7614295,25742.7614295,25742.7614295,25742.7614295,25742.7614295,25742.7614295,25742.7614295,25742.7614295,25742.7614295,25742.7614295,25742.7614295,25742.7614295,25742.7614295,25742.7614295,25742.7614295,25742.7614295,25742.7614295,25742.7614295,25742.7614295,25742.7614295,25742.7614295,25742.7614295,25742.7614295,25742.7614295,25742.7614295,25742.7614295,25742.7614295,25742.7614295,25742.7614295,25742.7614295,25742.7614295,25742.7614295,25742.7614295,25742.7614295,25742.7614295,25742.7614295,25742.7614295,25742.7614295,25742.7614295,25742.7614295,25742.7614295,25742.7614295,25742.7614295,25742.7614295,25742.7614295,25742.7614295,25742.7614295,25742.7614295,25742.7614295,25742.7614295,25742.7614295,25742.7614295,25742.7614295,25742.7614295,25742.7614295,25742.7614295,25742.7614295,25742.7614295,25742.7614295,25742.7614295,25742.7614295,25742.7614295,25742.7614295,25742.7614295,25742.7614295,25742.7614295,25742.7614295,25742.7614295,25742.7614295,25742.7614295,25742.7614295,25742.7614295,25742.7614295,25742.7614295,25742.7614295,25742.7614295,25742.7614295,25742.7614295,25742.7614295,25742.7614295,25742.7614295,25742.7614295,25742.7614295,25742.7614295,25742.7614295,25742.7614295,25742.7614295,25742.7614295,25742.7614295,25742.7614295,25742.7614295,25742.7614295,25742.7614295,25742.7614295,25742.7614295,25742.7614295,25742.7614295,25742.7614295,25742.7614295,25742.7614295,25742.7614295,25742.7614295,25742.7614295,25742.7614295,25742.7614295,25742.7614295,25742.7614295,25742.7614295,25742.7614295,25742.7614295,25742.7614295,25742.7614295,25742.7614295,25742.7614295,25742.7614295,25742.7614295,25742.7614295,25742.7614295,25742.7614295,25742.7614295,25742.7614295,25742.7614295,25742.7614295,25742.7614295,25742.7614295,25742.7614295,25742.7614295,25742.7614295,25742.7614295,25742.7614295,25742.7614295,25742.7614295,25742.7614295,25742.7614295,25742.7614295,25742.7614295,25742.7614295,25742.7614295,25742.7614295,25742.7614295,25742.7614295,25742.7614295,25742.7614295,25742.7614295,25742.7614295,25742.7614295,25742.7614295,25742.7614295,25742.7614295,25742.7614295,25742.7614295,25742.7614295,25742.7614295,25742.7614295,25742.7614295,25742.7614295,25742.7614295,25742.7614295,25742.7614295,25742.7614295,25742.7614295,25742.7614295,25742.7614295,25742.7614295,25742.7614295,25742.7614295,25742.7614295,25742.7614295,25742.7614295,25742.7614295,25742.7614295,25742.7614295,25742.7614295,25742.7614295,25742.7614295,25742.7614295,25742.7614295,25742.7614295,25742.7614295,25742.7614295,25742.7614295,25742.7614295,25742.7614295,25742.7614295,25742.7614295,25742.7614295,25742.7614295,25742.7614295,25742.7614295,25742.7614295,25742.7614295,25742.7614295,25742.7614295,25742.7614295,25742.7614295,25742.7614295,25742.7614295,25742.7614295,25742.7614295,25742.7614295,25742.7614295,25742.7614295,25742.7614295,25742.7614295,25742.7614295,25742.7614295,25742.7614295,25742.7614295,25742.7614295,25742.7614295,25742.7614295,25742.7614295,25742.7614295,25742.7614295,25742.7614295,25742.7614295,25742.7614295,25742.7614295,25742.7614295,25742.7614295,25742.7614295,25742.7614295,25742.7614295,25742.7614295,25742.7614295,25742.7614295,25742.7614295,25742.7614295,25742.7614295,25742.7614295,25742.7614295,25742.7614295,25742.7614295,25742.7614295,25742.7614295,25742.7614295,25742.7614295,25742.7614295,25742.7614295,25742.7614295,25742.7614295,25742.7614295,25742.7614295,25742.7614295,25742.7614295,25742.7614295,25742.7614295,25742.7614295,25742.7614295,25742.7614295,25742.7614295,25742.7614295,25742.7614295,25742.7614295,25742.7614295,25742.7614295,25742.7614295,25742.7614295,25742.7614295,25742.7614295,25742.7614295,25742.7614295,25742.7614295,25742.7614295,25742.7614295,25742.7614295,25742.7614295,25742.7614295,25742.7614295,25742.7614295,25742.7614295,25742.7614295,25742.7614295,25742.7614295,25742.7614295,25742.7614295,25742.7614295,25742.7614295,25742.7614295,25742.7614295,25742.7614295,25742.7614295,25742.7614295,25742.7614295,25742.7614295,25742.7614295,25742.7614295,25742.7614295,25742.7614295,25742.7614295,25742.7614295,25742.7614295,25742.7614295,25742.7614295,25742.7614295,25742.7614295,25742.7614295,25742.7614295,25742.7614295,25742.7614295,25742.7614295,25742.7614295,25742.7614295,25742.7614295,25742.7614295,25742.7614295,25742.7614295,25742.7614295,25742.7614295,25742.7614295,25742.7614295,25742.7614295,25742.7614295,25742.7614295,25742.7614295,25742.7614295,25742.7614295,25742.7614295,25742.7614295,25742.7614295,25742.7614295,25742.7614295,25742.7614295,25742.7614295,25742.7614295,25742.7614295,25742.7614295,25742.7614295,25742.7614295,25742.7614295,25742.7614295,25742.7614295,25742.7614295,25742.7614295,25742.7614295,25742.7614295,25742.7614295,25742.7614295,25742.7614295,25742.7614295,25742.7614295,25742.7614295,25742.7614295,25742.7614295,25742.7614295,25742.7614295,25742.7614295,25742.7614295,25742.7614295,25742.7614295,25742.7614295,25742.7614295,25742.7614295,25742.7614295,25742.7614295,25742.7614295,25742.7614295,25742.7614295,25742.7614295,25742.7614295,25742.7614295,25742.7614295,25742.7614295,25742.7614295,25742.7614295,25742.7614295,25742.7614295,25742.7614295,25742.7614295,25742.7614295,25742.7614295,25742.7614295,25742.7614295,25742.7614295,25742.7614295,25742.7614295,25742.7614295,25742.7614295,25742.7614295,25742.7614295,25742.7614295,25742.7614295,25742.7614295,25742.7614295,25742.7614295,25742.7614295,25742.7614295,25742.7614295,25742.7614295,25742.7614295,25742.7614295,25742.7614295,25742.7614295,25742.7614295,25742.7614295,25742.7614295,25742.7614295,25742.7614295,25742.7614295,25742.7614295,25742.7614295,25742.7614295,25742.7614295,25742.7614295,25742.7614295,25742.7614295,25742.7614295,25742.7614295,25742.7614295,25742.7614295,25742.7614295,25742.7614295,25742.7614295,25742.7614295,25742.7614295,25742.7614295,25742.7614295,25742.7614295,25742.7614295,25742.7614295,25742.7614295,25742.7614295,25742.7614295,25742.7614295,25742.7614295,25742.7614295,25742.7614295,25742.7614295,25742.7614295,25742.7614295,25742.7614295,25742.7614295,25742.7614295,25742.7614295,25742.7614295,25742.7614295,25742.7614295,25742.7614295,25742.7614295,25742.7614295,25742.7614295,25742.7614295,25742.7614295,25742.7614295,25742.7614295,25742.7614295,25742.7614295,25742.7614295,25742.7614295,25742.7614295,25742.7614295,25742.7614295,25742.7614295,25742.7614295,25742.7614295,25742.7614295,25742.7614295,25742.7614295,25742.7614295,25742.7614295,25742.7614295,25742.7614295,25742.7614295,25742.7614295,25742.7614295,25742.7614295,25742.7614295,25742.7614295,25742.7614295,25742.7614295,25742.7614295,25742.7614295,25742.7614295,25742.7614295,25742.7614295,25742.7614295,25742.7614295,25742.7614295,25742.7614295,25742.7614295,25742.7614295,25742.7614295,25742.7614295,25742.7614295,25742.7614295,25742.7614295,25742.7614295,25742.7614295,25742.7614295,25742.7614295,25742.7614295,25742.7614295,25742.7614295,25742.7614295,25742.7614295,25742.7614295,25742.7614295,25742.7614295,25742.7614295,25742.7614295,25742.7614295,25742.7614295,25742.7614295,25742.7614295,25742.7614295,25742.7614295,25742.7614295,25742.7614295,25742.7614295,25742.7614295,25742.7614295,25742.7614295,25742.7614295,25742.7614295,25742.7614295,25742.7614295,25742.7614295,25742.7614295,25742.7614295,25742.7614295,25742.7614295,25742.7614295,25742.7614295,25742.7614295,25742.7614295,25742.7614295,25742.7614295,25742.7614295,25742.7614295,25742.7614295,25742.7614295,25742.7614295,25742.7614295,25742.7614295,25742.7614295,25742.7614295,25742.7614295,25742.7614295,25742.7614295,25742.7614295,25742.7614295,25742.7614295,25742.7614295,25742.7614295,25742.7614295,25742.7614295,25742.7614295,25742.7614295,25742.7614295,25742.7614295,25742.7614295,25742.7614295,25742.7614295,25742.7614295,25742.7614295,25742.7614295,25742.7614295,25742.7614295,25742.7614295,25742.7614295,25742.7614295,25742.7614295,25742.7614295,25742.7614295,25742.7614295,25742.7614295,25742.7614295,25742.7614295,25742.7614295,25742.7614295,25742.7614295,25742.7614295,25742.7614295,25742.7614295,25742.7614295,25742.7614295,25742.7614295,25742.7614295,25742.7614295,25742.7614295,25742.7614295,25742.7614295,25742.7614295,25742.7614295,25742.7614295,25742.7614295,25742.7614295,25742.7614295,25742.7614295,25742.7614295,25742.7614295,25742.7614295,25742.7614295,25742.7614295,25742.7614295,25742.7614295,25742.7614295,25742.7614295,25742.7614295,25742.7614295,25742.7614295,25742.7614295,25742.7614295,25742.7614295,25742.7614295,25742.7614295,25742.7614295,25742.7614295,25742.7614295,25742.7614295,25742.7614295,25742.7614295,25742.7614295,25742.7614295,25742.7614295,25742.7614295,25742.7614295,25742.7614295,25742.7614295,25742.7614295,25742.7614295,25742.7614295,25742.7614295,25742.7614295,25742.7614295,25742.7614295,25742.7614295,25742.7614295,25742.7614295,25742.7614295,25742.7614295,25742.7614295,25742.7614295,25742.7614295,25742.7614295,25742.7614295,25742.7614295,25742.7614295,25742.7614295,25742.7614295,25742.7614295,25742.7614295,25742.7614295,25742.7614295,25742.7614295,25742.7614295,25742.7614295,25742.7614295,25742.7614295,25742.7614295,25742.7614295,25742.7614295,25742.7614295,25742.7614295,25742.7614295,25742.7614295,25742.7614295,25742.7614295,25742.7614295,25742.7614295,25742.7614295,25742.7614295,25742.7614295,25742.7614295,25742.7614295,25742.7614295,25742.7614295,25742.7614295,25742.7614295,25742.7614295,25742.7614295,25742.7614295,25742.7614295,25742.7614295,25742.7614295,25742.7614295,25742.7614295,25742.7614295,25742.7614295,25742.7614295,25742.7614295,25742.7614295,25742.7614295,25742.7614295,25742.7614295,25742.7614295,25742.7614295,25742.7614295,25742.7614295,25742.7614295,25742.7614295,25742.7614295,25742.7614295,25742.7614295,25742.7614295,25742.7614295,25742.7614295,25742.7614295,25742.7614295,25742.7614295,25742.7614295,25742.7614295,25742.7614295,25742.7614295,25742.7614295,25742.7614295,25742.7614295,25742.7614295,25742.7614295,25742.7614295,25742.7614295,25742.7614295,25742.7614295,25742.7614295,25742.7614295,25742.7614295,25742.7614295,25742.7614295,25742.7614295,25742.7614295,25742.7614295,25742.7614295,25742.7614295,25742.7614295,25742.7614295,25742.7614295,25742.7614295,25742.7614295,25742.7614295,25742.7614295,25742.7614295,25742.7614295,25742.7614295,25742.7614295,25742.7614295,25742.7614295,25742.7614295,25742.7614295,25742.7614295,25742.7614295,25742.7614295,25742.7614295,25742.7614295,25742.7614295,25742.7614295,25742.7614295,25742.7614295,25742.7614295,25742.7614295,25742.7614295,25742.7614295,25742.7614295,25742.7614295,25742.7614295,25742.7614295,25742.7614295,25742.7614295,25742.7614295,25742.7614295,25742.7614295,25742.7614295,25742.7614295,25742.7614295,25742.7614295,25742.7614295,25742.7614295,25742.7614295,25742.7614295,25742.7614295,25742.7614295,25742.7614295,25742.7614295,25742.7614295,25742.7614295,25742.7614295,25742.7614295,25742.7614295,25742.7614295,25742.7614295,25742.7614295,25742.7614295,25742.7614295,25742.7614295,25742.7614295,25742.7614295,25742.7614295,25742.7614295,25742.7614295,25742.7614295,25742.7614295,25742.7614295,25742.7614295,25742.7614295,25742.7614295,25742.7614295,25742.7614295,25742.7614295,25742.7614295,25742.7614295,25742.7614295,25742.7614295,25742.7614295,25742.7614295,25742.7614295,25742.7614295,25742.7614295,25742.7614295,25742.7614295,25742.7614295,25742.7614295,25742.7614295,25742.7614295,25742.7614295,25742.7614295,25742.7614295,25742.7614295,25742.7614295,25742.7614295,25742.7614295,25742.7614295,25742.7614295,25742.7614295,25742.7614295,25742.7614295,25742.7614295,25742.7614295,25742.7614295,25742.7614295,25742.7614295,25742.7614295,25742.7614295,25742.7614295,25742.7614295,25742.7614295,25742.7614295,25742.7614295,25742.7614295,25742.7614295,25742.7614295,25742.7614295,25742.7614295,25742.7614295,25742.7614295,25742.7614295,25742.7614295,25742.7614295,25742.7614295,25742.7614295,25742.7614295,25742.7614295,25742.7614295,25742.7614295,25742.7614295,25742.7614295,25742.7614295,25742.7614295,25742.7614295,25742.7614295,25742.7614295,25742.7614295,25742.7614295,25742.7614295,25742.7614295,25742.7614295,25742.7614295,25742.7614295,25742.7614295,25742.7614295,25742.7614295,25742.7614295,25742.7614295,25742.7614295,25742.7614295,25742.7614295,25742.7614295,25742.7614295,25742.7614295,25742.7614295,25742.7614295,25742.7614295,25742.7614295,25742.7614295,25742.7614295,25742.7614295,25742.7614295,25742.7614295,25742.7614295,25742.7614295,25742.7614295,25742.7614295,25742.7614295,25742.7614295,25742.7614295,25742.7614295,25742.7614295,25742.7614295,25742.7614295,25742.7614295,25742.7614295,25742.7614295,25742.7614295,25742.7614295,25742.7614295,25742.7614295,25742.7614295,25742.7614295,25742.7614295,25742.7614295,25742.7614295,25742.7614295,25742.7614295,25742.7614295,25742.7614295,25742.7614295,25742.7614295,25742.7614295,25742.7614295,25742.7614295,25742.7614295,25742.7614295,25742.7614295,25742.7614295,25742.7614295,25742.7614295,25742.7614295,25742.7614295,25742.7614295,25742.7614295,25742.7614295,25742.7614295,25742.7614295,25742.7614295,25742.7614295,25742.7614295,25742.7614295,25742.7614295,25742.7614295,25742.7614295,25742.7614295,25742.7614295,25742.7614295,25742.7614295,25742.7614295,25742.7614295,25742.7614295,25742.7614295,25742.7614295,25742.7614295,25742.7614295,25742.7614295,25742.7614295,25742.7614295,25742.7614295,25742.7614295,25742.7614295,25742.7614295,25742.7614295,25742.7614295,25742.7614295,25742.7614295,25742.7614295,25742.7614295,25742.7614295,25742.7614295,25742.7614295,25742.7614295,25742.7614295,25742.7614295,25742.7614295,25742.7614295,25742.7614295,25742.7614295,25742.7614295,25742.7614295,25742.7614295,25742.7614295,25742.7614295,25742.7614295,25742.7614295,25742.7614295,25742.7614295,25742.7614295,25742.7614295,25742.7614295,25742.7614295,25742.7614295,25742.7614295,25742.7614295,25742.7614295,25742.7614295,25742.7614295,25742.7614295,25742.7614295,25742.7614295,25742.7614295,25742.7614295,25742.7614295,25742.7614295,25742.7614295,25742.7614295,25742.7614295,25742.7614295,25742.7614295,25742.7614295,25742.7614295,25742.7614295,25742.7614295,25742.7614295,25742.7614295,25742.7614295,25742.7614295,25742.7614295,25742.7614295,25742.7614295,25742.7614295,25742.7614295,25742.7614295,25742.7614295,25742.7614295,25742.7614295,25742.7614295,25742.7614295,25742.7614295,25742.7614295,25742.7614295,25742.7614295,25742.7614295,25742.7614295,25742.7614295,25742.7614295,25742.7614295,25742.7614295,25742.7614295,25742.7614295,25742.7614295,25742.7614295,25742.7614295,25742.7614295,25742.7614295,25742.7614295,25742.7614295,25742.7614295,25742.7614295,25742.7614295,25742.7614295,25742.7614295,25742.7614295,25742.7614295,25742.7614295,25742.7614295,25742.7614295,25742.7614295,25742.7614295,25742.7614295,25742.7614295,25742.7614295,25742.7614295,25742.7614295,25742.7614295,25742.7614295,25742.7614295,25742.7614295,25742.7614295,25742.7614295,25742.7614295,25742.7614295,25742.7614295,25742.7614295,25742.7614295,25742.7614295,25742.7614295,25742.7614295,25742.7614295,25742.7614295,25742.7614295,25742.7614295,25742.7614295,25742.7614295,25742.7614295,25742.7614295,25742.7614295,25742.7614295,25742.7614295,25742.7614295,25742.7614295,25742.7614295,25742.7614295,25742.7614295,25742.7614295,25742.7614295,25742.7614295,25742.7614295,25742.7614295,25742.7614295,25742.7614295,25742.7614295,25742.7614295,25742.7614295,25742.7614295,25742.7614295,25742.7614295,25742.7614295,25742.7614295,25742.7614295,25742.7614295,25742.7614295,25742.7614295,25742.7614295,25742.7614295,25742.7614295,25742.7614295,25742.7614295,25742.7614295,25742.7614295,25742.7614295,25742.7614295,25742.7614295,25742.7614295,25742.7614295,25742.7614295,25742.7614295,25742.7614295,25742.7614295,25742.7614295,25742.7614295,25742.7614295,25742.7614295,25742.7614295,25742.7614295,25742.7614295,25742.7614295,25742.7614295,25742.7614295,25742.7614295,25742.7614295,25742.7614295,25742.7614295,25742.7614295,25742.7614295,25742.7614295,25742.7614295,25742.7614295,25742.7614295,25742.7614295,25742.7614295,25742.7614295,25742.7614295,25742.7614295,25742.7614295,25742.7614295,25742.7614295,25742.7614295,25742.7614295,25742.7614295,25742.7614295,25742.7614295,25742.7614295,25742.7614295,25742.7614295,25742.7614295,25742.7614295,25742.7614295,25742.7614295,25742.7614295,25742.7614295,25742.7614295,25742.7614295,25742.7614295,25742.7614295,25742.7614295,25742.7614295,25742.7614295,25742.7614295,25742.7614295,25742.7614295,25742.7614295,25742.7614295,25742.7614295,25742.7614295,25742.7614295,25742.7614295,25742.7614295,25742.7614295,25742.7614295,25742.7614295,25742.7614295,25742.7614295,25742.7614295,25742.7614295,25742.7614295,25742.7614295,25742.7614295,25742.7614295,25742.7614295,25742.7614295,25742.7614295,25742.7614295,25742.7614295,25742.7614295,25742.7614295,25742.7614295,25742.7614295,25742.7614295,25742.7614295,25742.7614295,25742.7614295,25742.7614295,25742.7614295,25742.7614295,25742.7614295,25742.7614295,25742.7614295,25742.7614295,25742.7614295,25742.7614295,25742.7614295,25742.7614295,25742.7614295,25742.7614295,25742.7614295,25742.7614295,25742.7614295,25742.7614295,25742.7614295,25742.7614295,25742.7614295,25742.7614295,25742.7614295,25742.7614295,25742.7614295,25742.7614295,25742.7614295,25742.7614295,25742.7614295,25742.7614295,25742.7614295,25742.7614295,25742.7614295,25742.7614295,25742.7614295,25742.7614295,25742.7614295,25742.7614295,25742.7614295,25742.7614295,25742.7614295,25742.7614295,25742.7614295,25742.7614295,25742.7614295,25742.7614295,25742.7614295,25742.7614295,25742.7614295,25742.7614295,25742.7614295,25742.7614295,25742.7614295,25742.7614295,25742.7614295,25742.7614295,25742.7614295,25742.7614295,25742.7614295,25742.7614295,25742.7614295,25742.7614295,25742.7614295,25742.7614295,25742.7614295,25742.7614295,25742.7614295,25742.7614295,25742.7614295,25742.7614295,25742.7614295,25742.7614295,25742.7614295,25742.7614295,25742.7614295,25742.7614295,25742.7614295,25742.7614295,25742.7614295,25742.7614295,25742.7614295,25742.7614295,25742.7614295,25742.7614295,25742.7614295,25742.7614295,25742.7614295,25742.7614295,25742.7614295,25742.7614295,25742.7614295,25742.7614295,25742.7614295,25742.7614295,25742.7614295,25742.7614295,25742.7614295,25742.7614295,25742.7614295,25742.7614295,25742.7614295,25742.7614295,25742.7614295,25742.7614295,25742.7614295,25742.7614295,25742.7614295,25742.7614295,25742.7614295,25742.7614295,25742.7614295,25742.7614295,25742.7614295,25742.7614295,25742.7614295,25742.7614295,25742.7614295,25742.7614295,25742.7614295,25742.7614295,25742.7614295,25742.7614295,25742.7614295,25742.7614295,25742.7614295,25742.7614295,25742.7614295,25742.7614295,25742.7614295,25742.7614295,25742.7614295,25742.7614295,25742.7614295,25742.7614295,25742.7614295,25742.7614295,25742.7614295,25742.7614295,25742.7614295,25742.7614295,25742.7614295,25742.7614295,25742.7614295,25742.7614295,25742.7614295,25742.7614295,25742.7614295,25742.7614295,25742.7614295,25742.7614295,25742.7614295,25742.7614295,25742.7614295,25742.7614295,25742.7614295,25742.7614295,25742.7614295,25742.7614295,25742.7614295,25742.7614295,25742.7614295,25742.7614295,25742.7614295,25742.7614295,25742.7614295,25742.7614295,25742.7614295,25742.7614295,25742.7614295,25742.7614295,25742.7614295,25742.7614295,25742.7614295,25742.7614295,25742.7614295,25742.7614295,25742.7614295,25742.7614295,25742.7614295,25742.7614295,25742.7614295,25742.7614295,25742.7614295,25742.7614295,25742.7614295,25742.7614295,25742.7614295,25742.7614295,25742.7614295,25742.7614295,25742.7614295,25742.7614295,25742.7614295,25742.7614295,25742.7614295,25742.7614295,25742.7614295,25742.7614295,25742.7614295,25742.7614295,25742.7614295,25742.7614295,25742.7614295,25742.7614295,25742.7614295,25742.7614295,25742.7614295,25742.7614295,25742.7614295,25742.7614295,25742.7614295,25742.7614295,25742.7614295,25742.7614295,25742.7614295,25742.7614295,25742.7614295,25742.7614295,25742.7614295,25742.7614295,25742.7614295,25742.7614295,25742.7614295,25742.7614295,25742.7614295,25742.7614295,25742.7614295,25742.7614295,25742.7614295,25742.7614295,25742.7614295,25742.7614295,25742.7614295,25742.7614295,25742.7614295,25742.7614295,25742.7614295,25742.7614295,25742.7614295,25742.7614295,25742.7614295,25742.7614295,25742.7614295,25742.7614295,25742.7614295,25742.7614295,25742.7614295,25742.7614295,25742.7614295,25742.7614295,25742.7614295,25742.7614295,25742.7614295,25742.7614295,25742.7614295,25742.7614295,25742.7614295,25742.7614295,25742.7614295,25742.7614295,25742.7614295,25742.7614295,25742.7614295,25742.7614295,25742.7614295,25742.7614295,25742.7614295,25742.7614295,25742.7614295,25742.7614295,25742.7614295,25742.7614295,25742.7614295,25742.7614295,25742.7614295,25742.7614295,25742.7614295,25742.7614295,25742.7614295,25742.7614295,25742.7614295,25742.7614295,25742.7614295,25742.7614295,25742.7614295,25742.7614295,25742.7614295,25742.7614295,25742.7614295,25742.7614295,25742.7614295,25742.7614295,25742.7614295,25742.7614295,25742.7614295,25742.7614295,25742.7614295,25742.7614295,25742.7614295,25742.7614295,25742.7614295,25742.7614295,25742.7614295,25742.7614295,25742.7614295,25742.7614295,25742.7614295,25742.7614295,25742.7614295,25742.7614295,25742.7614295,25742.7614295,25742.7614295,25742.7614295,25742.7614295,25742.7614295,25742.7614295,25742.7614295,25742.7614295,25742.7614295,25742.7614295,25742.7614295,25742.7614295,25742.7614295,25742.7614295,25742.7614295,25742.7614295,25742.7614295,25742.7614295,25742.7614295,25742.7614295,25742.7614295,25742.7614295,25742.7614295,25742.7614295,25742.7614295,25742.7614295,25742.7614295,25742.7614295,25742.7614295,25742.7614295,25742.7614295,25742.7614295,25742.7614295,25742.7614295,25742.7614295,25742.7614295,25742.7614295,25742.7614295,25742.7614295,25742.7614295,25742.7614295,25742.7614295,25742.7614295,25742.7614295,25742.7614295,25742.7614295,25742.7614295,25742.7614295,25742.7614295,25742.7614295,25742.7614295,25742.7614295,25742.7614295,25742.7614295,25742.7614295,25742.7614295,25742.7614295,25742.7614295,25742.7614295,25742.7614295,25742.7614295,25742.7614295,25742.7614295,25742.7614295,25742.7614295,25742.7614295,25742.7614295,25742.7614295,25742.7614295,25742.7614295,25742.7614295,25742.7614295,25742.7614295,25742.7614295,25742.7614295,25742.7614295,25742.7614295,25742.7614295,25742.7614295,25742.7614295,25742.7614295,25742.7614295,25742.7614295,25742.7614295,25742.7614295,25742.7614295,25742.7614295,25742.7614295,25742.7614295,25742.7614295,25742.7614295,25742.7614295,25742.7614295,25742.7614295,25742.7614295,25742.7614295,25742.7614295,25742.7614295,25742.7614295,25742.7614295,25742.7614295,25742.7614295,25742.7614295,25742.7614295,25742.7614295,25742.7614295,25742.7614295,25742.7614295,25742.7614295,25742.7614295,25742.7614295,25742.7614295,25742.7614295,25742.7614295,25742.7614295,25742.7614295,25742.7614295,25742.7614295,25742.7614295,25742.7614295,25742.7614295,25742.7614295,25742.7614295,25742.7614295,25742.7614295,25742.7614295,25742.7614295,25742.7614295,25742.7614295,25742.7614295,25742.7614295,25742.7614295,25742.7614295,25742.7614295,25742.7614295,25742.7614295,25742.7614295,25742.7614295,25742.7614295,25742.7614295,25742.7614295,25742.7614295,25742.7614295,25742.7614295,25742.7614295,25742.7614295,25742.7614295,25742.7614295,25742.7614295,25742.7614295,25742.7614295,25742.7614295,25742.7614295,25742.7614295,25742.7614295,25742.7614295,25742.7614295,25742.7614295,25742.7614295,25742.7614295,25742.7614295,25742.7614295,25742.7614295,25742.7614295,25742.7614295,25742.7614295,25742.7614295,25742.7614295,25742.7614295,25742.7614295,25742.7614295,25742.7614295,25742.7614295,25742.7614295,25742.7614295,25742.7614295,25742.7614295,25742.7614295,25742.7614295,25742.7614295,25742.7614295,25742.7614295,25742.7614295,25742.7614295,25742.7614295,25742.7614295,25742.7614295,25742.7614295,25742.7614295,25742.7614295,25742.7614295,25742.7614295,25742.7614295,25742.7614295,25742.7614295,25742.7614295,25742.7614295,25742.7614295,25742.7614295,25742.7614295,25742.7614295,25742.7614295,25742.7614295,25742.7614295,25742.7614295,25742.7614295,25742.7614295,25742.7614295,25742.7614295,25742.7614295,25742.7614295,25742.7614295,25742.7614295,25742.7614295,25742.7614295,25742.7614295,25742.7614295,25742.7614295,25742.7614295,25742.7614295,25742.7614295,25742.7614295,25742.7614295,25742.7614295,25742.7614295,25742.7614295,25742.7614295,25742.7614295,25742.7614295,25742.7614295,25742.7614295,25742.7614295,25742.7614295,25742.7614295,25742.7614295,25742.7614295,25742.7614295,25742.7614295,25742.7614295,25742.7614295,25742.7614295,25742.7614295,25742.7614295,25742.7614295,25742.7614295,25742.7614295,25742.7614295,25742.7614295,25742.7614295,25742.7614295,25742.7614295,25742.7614295,25742.7614295,25742.7614295,25742.7614295,25742.7614295,25742.7614295,25742.7614295,25742.7614295,25742.7614295,25742.7614295,25742.7614295,25742.7614295,25742.7614295,25742.7614295,25742.7614295,25742.7614295,25742.7614295,25742.7614295,25742.7614295,25742.7614295,25742.7614295,25742.7614295,25742.7614295,25742.7614295,25742.7614295,25742.7614295,25742.7614295,25742.7614295,25742.7614295,25742.7614295,25742.7614295,25742.7614295,25742.7614295,25742.7614295,25742.7614295,25742.7614295,25742.7614295,25742.7614295,25742.7614295,25742.7614295,25742.7614295,25742.7614295,25742.7614295,25742.7614295,25742.7614295,25742.7614295,25742.7614295,25742.7614295,25742.7614295,25742.7614295,25742.7614295,25742.7614295,25742.7614295,25742.7614295,25742.7614295,25742.7614295,25742.7614295,25742.7614295,25742.7614295,25742.7614295,25742.7614295,25742.7614295,25742.7614295,25742.7614295,25742.7614295,25742.7614295,25742.7614295,25742.7614295,25742.7614295,25742.7614295,25742.7614295,25742.7614295,25742.7614295,25742.7614295,25742.7614295,25742.7614295,25742.7614295,25742.7614295,25742.7614295,25742.7614295,25742.7614295,25742.7614295,25742.7614295,25742.7614295,25742.7614295,25742.7614295,25742.7614295,25742.7614295,25742.7614295,25742.7614295,25742.7614295,25742.7614295,25742.7614295,25742.7614295,25742.7614295,25742.7614295,25742.7614295,25742.7614295,25742.7614295,25742.7614295,25742.7614295,25742.7614295,25742.7614295,25742.7614295,25742.7614295,25742.7614295,25742.7614295,25742.7614295,25742.7614295,25742.7614295,25742.7614295,25742.7614295,25742.7614295,25742.7614295,25742.7614295,25742.7614295,25742.7614295,25742.7614295,25742.7614295,25742.7614295,25742.7614295,25742.7614295,25742.7614295,25742.7614295,25742.7614295,25742.7614295,25742.7614295,25742.7614295,25742.7614295,25742.7614295,25742.7614295,25742.7614295,25742.7614295,25742.7614295,25742.7614295,25742.7614295,25742.7614295,25742.7614295,25742.7614295,25742.7614295,25742.7614295,25742.7614295,25742.7614295,25742.7614295,25742.7614295,25742.7614295,25742.7614295,25742.7614295,25742.7614295,25742.7614295,25742.7614295,25742.7614295,25742.7614295,25742.7614295,25742.7614295,25742.7614295,25742.7614295,25742.7614295,25742.7614295,25742.7614295,25742.7614295,25742.7614295,25742.7614295,25742.7614295,25742.7614295,25742.7614295,25742.7614295,25742.7614295,25742.7614295,25742.7614295,25742.7614295,25742.7614295,25742.7614295,25742.7614295,25742.7614295,25742.7614295,25742.7614295,25742.7614295,25742.7614295,25742.7614295,25742.7614295,25742.7614295,25742.7614295,25742.7614295,25742.7614295,25742.7614295,25742.7614295,25742.7614295,25742.7614295,25742.7614295,25742.7614295,25742.7614295,25742.7614295,25742.7614295,25742.7614295,25742.7614295,25742.7614295,25742.7614295,25742.7614295,25742.7614295,25742.7614295,25742.7614295,25742.7614295,25742.7614295,25742.7614295,25742.7614295,25742.7614295,25742.7614295,25742.7614295,25742.7614295,25742.7614295,25742.7614295,25742.7614295,25742.7614295,25742.7614295,25742.7614295,25742.7614295,25742.7614295,25742.7614295,25742.7614295,25742.7614295,25742.7614295,25742.7614295,25742.7614295,25742.7614295,25742.7614295,25742.7614295,25742.7614295,25742.7614295,25742.7614295,25742.7614295,25742.7614295,25742.7614295,25742.7614295,25742.7614295,25742.7614295,25742.7614295,25742.7614295,25742.7614295,25742.7614295,25742.7614295,25742.7614295,25742.7614295,25742.7614295,25742.7614295,25742.7614295,25742.7614295,25742.7614295,25742.7614295,25742.7614295,25742.7614295,25742.7614295,25742.7614295,25742.7614295,25742.7614295,25742.7614295,25742.7614295,25742.7614295,25742.7614295,25742.7614295,25742.7614295,25742.7614295,25742.7614295,25742.7614295,25742.7614295,25742.7614295,25742.7614295,25742.7614295,25742.7614295,25742.7614295,25742.7614295,25742.7614295,25742.7614295,25742.7614295,25742.7614295,25742.7614295,25742.7614295,25742.7614295,25742.7614295,25742.7614295,25742.7614295,25742.7614295,25742.7614295,25742.7614295,25742.7614295,25742.7614295,25742.7614295,25742.7614295,25742.7614295,25742.7614295,25742.7614295,25742.7614295,25742.7614295,25742.7614295,25742.7614295,25742.7614295,25742.7614295,25742.7614295,25742.7614295,25742.7614295,25742.7614295,25742.7614295,25742.7614295,25742.7614295,25742.7614295,25742.7614295,25742.7614295,25742.7614295,25742.7614295,25742.7614295,25742.7614295,25742.7614295,25742.7614295,25742.7614295,25742.7614295,25742.7614295,25742.7614295,25742.7614295,25742.7614295,25742.7614295,25742.7614295,25742.7614295,25742.7614295,25742.7614295,25742.7614295,25742.7614295,25742.7614295,25742.7614295,25742.7614295,25742.7614295,25742.7614295,25742.7614295,25742.7614295,25742.7614295,25742.7614295,25742.7614295,25742.7614295,25742.7614295,25742.7614295,25742.7614295,25742.7614295,25742.7614295,25742.7614295,25742.7614295,25742.7614295,25742.7614295,25742.7614295,25742.7614295,25742.7614295,25742.7614295,25742.7614295,25742.7614295,25742.7614295,25742.7614295,25742.7614295,25742.7614295,25742.7614295,25742.7614295,25742.7614295,25742.7614295,25742.7614295,25742.7614295,25742.7614295,25742.7614295,25742.7614295,25742.7614295,25742.7614295,25742.7614295,25742.7614295,25742.7614295,25742.7614295,25742.7614295,25742.7614295,25742.7614295,25742.7614295,25742.7614295,25742.7614295,25742.7614295,25742.7614295,25742.7614295,25742.7614295,25742.7614295,25742.7614295,25742.7614295,25742.7614295,25742.7614295,25742.7614295,25742.7614295,25742.7614295,25742.7614295,25742.7614295,25742.7614295,25742.7614295,25742.7614295,25742.7614295,25742.7614295,25742.7614295,25742.7614295,25742.7614295,25742.7614295,25742.7614295,25742.7614295,25742.7614295,25742.7614295,25742.7614295,25742.7614295,25742.7614295,25742.7614295,25742.7614295,25742.7614295,25742.7614295,25742.7614295,25742.7614295,25742.7614295,25742.7614295,25742.7614295,25742.7614295,25742.7614295,25742.7614295,25742.7614295,25742.7614295,25742.7614295,25742.7614295,25742.7614295,25742.7614295,25742.7614295,25742.7614295,25742.7614295,25742.7614295,25742.7614295,25742.7614295,25742.7614295,25742.7614295,25742.7614295,25742.7614295,25742.7614295,25742.7614295,25742.7614295,25742.7614295,25742.7614295,25742.7614295,25742.7614295,25742.7614295,25742.7614295,25742.7614295,25742.7614295,25742.7614295,25742.7614295,25742.7614295,25742.7614295,25742.7614295,25742.7614295,25742.7614295,25742.7614295,25742.7614295,25742.7614295,25742.7614295,25742.7614295,25742.7614295,25742.7614295,25742.7614295,25742.7614295,25742.7614295,25742.7614295,25742.7614295,25742.7614295,25742.7614295,25742.7614295,25742.7614295,25742.7614295,25742.7614295,25742.7614295,25742.7614295,25742.7614295,25742.7614295,25742.7614295,25742.7614295,25742.7614295,25742.7614295,25742.7614295,25742.7614295,25742.7614295,25742.7614295,25742.7614295,25742.7614295,25742.7614295,25742.7614295,25742.7614295,25742.7614295,25742.7614295,25742.7614295,25742.7614295,25742.7614295,25742.7614295,25742.7614295,25742.7614295,25742.7614295,25742.7614295,25742.7614295,25742.7614295,25742.7614295,25742.7614295,25742.7614295,25742.7614295,25742.7614295,25742.7614295,25742.7614295,25742.7614295,25742.7614295,25742.7614295,25742.7614295,25742.7614295,25742.7614295,25742.7614295,25742.7614295,25742.7614295,25742.7614295,25742.7614295,25742.7614295,25742.7614295,25742.7614295,25742.7614295,25742.7614295,25742.7614295,25742.7614295,25742.7614295,25742.7614295,25742.7614295,25742.7614295,25742.7614295,25742.7614295,25742.7614295,25742.7614295,25742.7614295,25742.7614295,25742.7614295,25742.7614295,25742.7614295,25742.7614295,25742.7614295,25742.7614295,25742.7614295,25742.7614295,25742.7614295,25742.7614295,25742.7614295,25742.7614295,25742.7614295,25742.7614295,25742.7614295,25742.7614295,25742.7614295,25742.7614295,25742.7614295,25742.7614295,25742.7614295,25742.7614295,25742.7614295,25742.7614295,25742.7614295,25742.7614295,25742.7614295,25742.7614295,25742.7614295,25742.7614295,25742.7614295,25742.7614295,25742.7614295,25742.7614295,25742.7614295,25742.7614295,25742.7614295,25742.7614295,25742.7614295,25742.7614295,25742.7614295,25742.7614295,25742.7614295,25742.7614295,25742.7614295,25742.7614295,25742.7614295,25742.7614295,25742.7614295,25742.7614295,25742.7614295,25742.7614295,25742.7614295,25742.7614295,25742.7614295,25742.7614295,25742.7614295,25742.7614295,25742.7614295,25742.7614295,25742.7614295,25742.7614295,25742.7614295,25742.7614295,25742.7614295,25742.7614295,25742.7614295,25742.7614295,25742.7614295,25742.7614295,25742.7614295,25742.7614295,25742.7614295,25742.7614295,25742.7614295,25742.7614295,25742.7614295,25742.7614295,25742.7614295,25742.7614295,25742.7614295,25742.7614295,25742.7614295,25742.7614295,25742.7614295,25742.7614295,25742.7614295,25742.7614295,25742.7614295,25742.7614295,25742.7614295,25742.7614295,25742.7614295,25742.7614295,25742.7614295,25742.7614295,25742.7614295,25742.7614295,25742.7614295,25742.7614295,25742.7614295,25742.7614295,25742.7614295,25742.7614295,25742.7614295,25742.7614295,25742.7614295,25742.7614295,25742.7614295,25742.7614295,25742.7614295,25742.7614295,25742.7614295,25742.7614295,25742.7614295,25742.7614295,25742.7614295,25742.7614295,25742.7614295,25742.7614295,25742.7614295,25742.7614295,25742.7614295,25742.7614295,25742.7614295,25742.7614295,25742.7614295,25742.7614295,25742.7614295,25742.7614295,25742.7614295,25742.7614295,25742.7614295,25742.7614295,25742.7614295,25742.7614295,25742.7614295,25742.7614295,25742.7614295,25742.7614295,25742.7614295,25742.7614295,25742.7614295,25742.7614295,25742.7614295,25742.7614295,25742.7614295,25742.7614295,25742.7614295,25742.7614295,25742.7614295,25742.7614295,25742.7614295,25742.7614295,25742.7614295,25742.7614295,25742.7614295,25742.7614295,25742.7614295,25742.7614295,25742.7614295,25742.7614295,25742.7614295,25742.7614295,25742.7614295,25742.7614295,25742.7614295,25742.7614295,25742.7614295,25742.7614295,25742.7614295,25742.7614295,25742.7614295,25742.7614295,25742.7614295,25742.7614295,25742.7614295,25742.7614295,25742.7614295,25742.7614295,25742.7614295,25742.7614295,25742.7614295,25742.7614295,25742.7614295,25742.7614295,25742.7614295,25742.7614295,25742.7614295,25742.7614295,25742.7614295,25742.7614295,25742.7614295,25742.7614295,25742.7614295,25742.7614295,25742.7614295,25742.7614295,25742.7614295,25742.7614295,25742.7614295,25742.7614295,25742.7614295,25742.7614295,25742.7614295,25742.7614295,25742.7614295,25742.7614295,25742.7614295,25742.7614295,25742.7614295,25742.7614295,25742.7614295,25742.7614295,25742.7614295,25742.7614295,25742.7614295,25742.7614295,25742.7614295,25742.7614295,25742.7614295,25742.7614295,25742.7614295,25742.7614295,25742.7614295,25742.7614295,25742.7614295,25742.7614295,25742.7614295,25742.7614295,25742.7614295,25742.7614295,25742.7614295,25742.7614295,25742.7614295,25742.7614295,25742.7614295,25742.7614295,25742.7614295,25742.7614295,25742.7614295,25742.7614295,25742.7614295,25742.7614295,25742.7614295,25742.7614295,25742.7614295,25742.7614295,25742.7614295,25742.7614295,25742.7614295,25742.7614295,25742.7614295,25742.7614295,25742.7614295,25742.7614295,25742.7614295,25742.7614295,25742.7614295,25742.7614295,25742.7614295,25742.7614295,25742.7614295,25742.7614295,25742.7614295,25742.7614295,25742.7614295,25742.7614295,25742.7614295,25742.7614295,25742.7614295,25742.7614295,25742.7614295,25742.7614295,25742.7614295,25742.7614295,25742.7614295,25742.7614295,25742.7614295,25742.7614295,25742.7614295,25742.7614295,25742.7614295,25742.7614295,25742.7614295,25742.7614295,25742.7614295,25742.7614295,25742.7614295,25742.7614295,25742.7614295,25742.7614295,25742.7614295,25742.7614295,25742.7614295,25742.7614295,25742.7614295,25742.7614295,25742.7614295,25742.7614295,25742.7614295,25742.7614295,25742.7614295,25742.7614295,25742.7614295,25742.7614295,25742.7614295,25742.7614295,25742.7614295,25742.7614295,25742.7614295,25742.7614295,25742.7614295,25742.7614295,25742.7614295,25742.7614295,25742.7614295,25742.7614295,25742.7614295,25742.7614295,25742.7614295,25742.7614295,25742.7614295,25742.7614295,25742.7614295,25742.7614295,25742.7614295,25742.7614295,25742.7614295,25742.7614295,25742.7614295,25742.7614295,25742.7614295,25742.7614295,25742.7614295,25742.7614295,25742.7614295,25742.7614295,25742.7614295,25742.7614295,25742.7614295,25742.7614295,25742.7614295,25742.7614295,25742.7614295,25742.7614295,25742.7614295,25742.7614295,25742.7614295,25742.7614295,25742.7614295,25742.7614295,25742.7614295,25742.7614295,25742.7614295,25742.7614295,25742.7614295,25742.7614295,25742.7614295,25742.7614295,25742.7614295,25742.7614295,25742.7614295,25742.7614295,25742.7614295,25742.7614295,25742.7614295,25742.7614295,25742.7614295,25742.7614295,25742.7614295,25742.7614295,25742.7614295,25742.7614295,25742.7614295,25742.7614295,25742.7614295,25742.7614295,25742.7614295,25742.7614295,25742.7614295,25742.7614295,25742.7614295,25742.7614295,25742.7614295,25742.7614295,25742.7614295,25742.7614295,25742.7614295,25742.7614295,25742.7614295,25742.7614295,25742.7614295,25742.7614295,25742.7614295,25742.7614295,25742.7614295,25742.7614295,25742.7614295,25742.7614295,25742.7614295,25742.7614295,25742.7614295,25742.7614295,25742.7614295,25742.7614295,25742.7614295,25742.7614295,25742.7614295,25742.7614295,25742.7614295,25742.7614295,25742.7614295,25742.7614295,25742.7614295,25742.7614295,25742.7614295,25742.7614295,25742.7614295,25742.7614295,25742.7614295,25742.7614295,25742.7614295,25742.7614295,25742.7614295,25742.7614295,25742.7614295,25742.7614295,25742.7614295,25742.7614295,25742.7614295,25742.7614295,25742.7614295,25742.7614295,25742.7614295,25742.7614295,25742.7614295,25742.7614295,25742.7614295,25742.7614295,25742.7614295,25742.7614295,25742.7614295,25742.7614295,25742.7614295,25742.7614295,25742.7614295,25742.7614295,25742.7614295,25742.7614295,25742.7614295,25742.7614295,25742.7614295,25742.7614295,25742.7614295,25742.7614295,25742.7614295,25742.7614295,25742.7614295,25742.7614295,25742.7614295,25742.7614295,25742.7614295,25742.7614295,25742.7614295,25742.7614295,25742.7614295,25742.7614295,25742.7614295,25742.7614295,25742.7614295,25742.7614295,25742.7614295,25742.7614295,25742.7614295,25742.7614295,25742.7614295,25742.7614295,25742.7614295,25742.7614295,25742.7614295,25742.7614295,25742.7614295,25742.7614295,25742.7614295,25742.7614295,25742.7614295,25742.7614295,25742.7614295,25742.7614295,25742.7614295,25742.7614295,25742.7614295,25742.7614295,25742.7614295,25742.7614295,25742.7614295,25742.7614295,25742.7614295,25742.7614295,25742.7614295,25742.7614295,25742.7614295,25742.7614295,25742.7614295,25742.7614295,25742.7614295,25742.7614295,25742.7614295,25742.7614295,25742.7614295,25742.7614295,25742.7614295,25742.7614295,25742.7614295,25742.7614295,25742.7614295,25742.7614295,25742.7614295,25742.7614295,25742.7614295,25742.7614295,25742.7614295,25742.7614295,25742.7614295,25742.7614295,25742.7614295,25742.7614295,25742.7614295,25742.7614295,25742.7614295,25742.7614295,25742.7614295,25742.7614295,25742.7614295,25742.7614295,25742.7614295,25742.7614295,25742.7614295,25742.7614295,25742.7614295,25742.7614295,25742.7614295,25742.7614295,25742.7614295,25742.7614295,25742.7614295,25742.7614295,25742.7614295,25742.7614295,25742.7614295,25742.7614295,25742.7614295,25742.7614295,25742.7614295,25742.7614295,25742.7614295,25742.7614295,25742.7614295,25742.7614295,25742.7614295,25742.7614295,25742.7614295,25742.7614295,25742.7614295,25742.7614295,25742.7614295,25742.7614295,25742.7614295,25742.7614295,25742.7614295,25742.7614295,25742.7614295,25742.7614295,25742.7614295,25742.7614295,25742.7614295,25742.7614295,25742.7614295,25742.7614295,25742.7614295,25742.7614295,25742.7614295,25742.7614295,25742.7614295,25742.7614295,25742.7614295,25742.7614295,25742.7614295,25742.7614295,25742.7614295,25742.7614295,25742.7614295,25742.7614295,25742.7614295,25742.7614295,25742.7614295,25742.7614295,25742.7614295,25742.7614295,25742.7614295,25742.7614295,25742.7614295,25742.7614295,25742.7614295,25742.7614295,25742.7614295,25742.7614295,25742.7614295,25742.7614295,25742.7614295,25742.7614295,25742.7614295,25742.7614295,25742.7614295,25742.7614295,25742.7614295,25742.7614295,25742.7614295,25742.7614295,25742.7614295,25742.7614295,25742.7614295,25742.7614295,25742.7614295,25742.7614295,25742.7614295,25742.7614295,25742.7614295,25742.7614295,25742.7614295,25742.7614295,25742.7614295,25742.7614295,25742.7614295,25742.7614295,25742.7614295,25742.7614295,25742.7614295,25742.7614295,25742.7614295,25742.7614295,25742.7614295,25742.7614295,25742.7614295,25742.7614295,25742.7614295,25742.7614295,25742.7614295,25742.7614295,25742.7614295,25742.7614295,25742.7614295,25742.7614295,25742.7614295,25742.7614295,25742.7614295,25742.7614295,25742.7614295,25742.7614295,25742.7614295,25742.7614295,25742.7614295,25742.7614295,25742.7614295,25742.7614295,25742.7614295,25742.7614295,25742.7614295,25742.7614295,25742.7614295,25742.7614295,25742.7614295,25742.7614295,25742.7614295,25742.7614295,25742.7614295,25742.7614295,25742.7614295,25742.7614295,25742.7614295,25742.7614295,25742.7614295,25742.7614295,25742.7614295,25742.7614295,25742.7614295,25742.7614295,25742.7614295,25742.7614295,25742.7614295,25742.7614295,25742.7614295,25742.7614295,25742.7614295,25742.7614295,25742.7614295,25742.7614295,25742.7614295,25742.7614295,25742.7614295,25742.7614295,25742.7614295,25742.7614295,25742.7614295,25742.7614295,25742.7614295,25742.7614295,25742.7614295,25742.7614295,25742.7614295,25742.7614295,25742.7614295,25742.7614295,25742.7614295,25742.7614295,25742.7614295,25742.7614295,25742.7614295,25742.7614295,25742.7614295,25742.7614295,25742.7614295,25742.7614295,25742.7614295,25742.7614295,25742.7614295,25742.7614295,25742.7614295,25742.7614295,25742.7614295,25742.7614295,25742.7614295,25742.7614295,25742.7614295,25742.7614295,25742.7614295,25742.7614295,25742.7614295,25742.7614295,25742.7614295,25742.7614295,25742.7614295,25742.7614295,25742.7614295,25742.7614295,25742.7614295,25742.7614295,25742.7614295,25742.7614295,25742.7614295,25742.7614295,25742.7614295,25742.7614295,25742.7614295,25742.7614295,25742.7614295,25742.7614295,25742.7614295,25742.7614295,25742.7614295,25742.7614295,25742.7614295,25742.7614295,25742.7614295,25742.7614295,25742.7614295,25742.7614295,25742.7614295,25742.7614295,25742.7614295,25742.7614295,25742.7614295,25742.7614295,25742.7614295,25742.7614295,25742.7614295,25742.7614295,25742.7614295,25742.7614295,25742.7614295,25742.7614295,25742.7614295,25742.7614295,25742.7614295,25742.7614295,25742.7614295,25742.7614295,25742.7614295,25742.7614295,25742.7614295,25742.7614295,25742.7614295,25742.7614295,25742.7614295,25742.7614295,25742.7614295,25742.7614295,25742.7614295,25742.7614295,25742.7614295,25742.7614295,25742.7614295,25742.7614295,25742.7614295,25742.7614295,25742.7614295,25742.7614295,25742.7614295,25742.7614295,25742.7614295,25742.7614295,25742.7614295,25742.7614295,25742.7614295,25742.7614295,25742.7614295,25742.7614295,25742.7614295,25742.7614295,25742.7614295,25742.7614295,25742.7614295,25742.7614295,25742.7614295,25742.7614295,25742.7614295,25742.7614295,25742.7614295,25742.7614295,25742.7614295,25742.7614295,25742.7614295,25742.7614295,25742.7614295,25742.7614295,25742.7614295,25742.7614295,25742.7614295,25742.7614295,25742.7614295,25742.7614295,25742.7614295,25742.7614295,25742.7614295,25742.7614295,25742.7614295,25742.7614295,25742.7614295,25742.7614295,25742.7614295,25742.7614295,25742.7614295,25742.7614295,25742.7614295,25742.7614295,25742.7614295,25742.7614295,25742.7614295,25742.7614295,25742.7614295,25742.7614295,25742.7614295,25742.7614295,25742.7614295,25742.7614295,25742.7614295,25742.7614295,25742.7614295,25742.7614295,25742.7614295,25742.7614295,25742.7614295,25742.7614295,25742.7614295,25742.7614295,25742.7614295,25742.7614295,25742.7614295,25742.7614295,25742.7614295,25742.7614295,25742.7614295,25742.7614295,25742.7614295,25742.7614295,25742.7614295,25742.7614295,25742.7614295,25742.7614295,25742.7614295,25742.7614295,25742.7614295,25742.7614295,25742.7614295,25742.7614295,25742.7614295,25742.7614295,25742.7614295,25742.7614295,25742.7614295,25742.7614295,25742.7614295,25742.7614295,25742.7614295,25742.7614295,25742.7614295,25742.7614295,25742.7614295,25742.7614295,25742.7614295,25742.7614295,25742.7614295,25742.7614295,25742.7614295,25742.7614295,25742.7614295,25742.7614295,25742.7614295,25742.7614295,25742.7614295,25742.7614295,25742.7614295,25742.7614295,25742.7614295,25742.7614295,25742.7614295,25742.7614295,25742.7614295,25742.7614295,25742.7614295,25742.7614295,25742.7614295,25742.7614295,25742.7614295,25742.7614295,25742.7614295,25742.7614295,25742.7614295,25742.7614295,25742.7614295,25742.7614295,25742.7614295,25742.7614295,25742.7614295,25742.7614295,25742.7614295,25742.7614295,25742.7614295,25742.7614295,25742.7614295,25742.7614295,25742.7614295,25742.7614295,25742.7614295,25742.7614295,25742.7614295,25742.7614295,25742.7614295,25742.7614295,25742.7614295,25742.7614295,25742.7614295,25742.7614295,25742.7614295,25742.7614295,25742.7614295,25742.7614295,25742.7614295,25742.7614295,25742.7614295,25742.7614295,25742.7614295,25742.7614295,25742.7614295,25742.7614295,25742.7614295,25742.7614295,25742.7614295,25742.7614295,25742.7614295,25742.7614295,25742.7614295,25742.7614295,25742.7614295,25742.7614295,25742.7614295,25742.7614295,25742.7614295,25742.7614295,25742.7614295,25742.7614295,25742.7614295,25742.7614295,25742.7614295,25742.7614295,25742.7614295,25742.7614295,25742.7614295,25742.7614295,25742.7614295,25742.7614295,25742.7614295,25742.7614295,25742.7614295,25742.7614295,25742.7614295,25742.7614295,25742.7614295,25742.7614295,25742.7614295,25742.7614295,25742.7614295,25742.7614295,25742.7614295,25742.7614295,25742.7614295,25742.7614295,25742.7614295,25742.7614295,25742.7614295,25742.7614295,25742.7614295,25742.7614295,25742.7614295,25742.7614295,25742.7614295,25742.7614295,25742.7614295,25742.7614295,25742.7614295,25742.7614295,25742.7614295,25742.7614295,25742.7614295,25742.7614295,25742.7614295,25742.7614295,25742.7614295,25742.7614295,25742.7614295,25742.7614295,25742.7614295,25742.7614295,25742.7614295,25742.7614295,25742.7614295,25742.7614295,25742.7614295,25742.7614295,25742.7614295,25742.7614295,25742.7614295,25742.7614295,25742.7614295,25742.7614295,25742.7614295,25742.7614295,25742.7614295,25742.7614295,25742.7614295,25742.7614295,25742.7614295,25742.7614295,25742.7614295,25742.7614295,25742.7614295,25742.7614295,25742.7614295,25742.7614295,25742.7614295,25742.7614295,25742.7614295,25742.7614295,25742.7614295,25742.7614295,25742.7614295,25742.7614295,25742.7614295,25742.7614295,25742.7614295,25742.7614295,25742.7614295,25742.7614295,25742.7614295,25742.7614295,25742.7614295,25742.7614295,25742.7614295,25742.7614295,25742.7614295,25742.7614295,25742.7614295,25742.7614295,25742.7614295,25742.7614295,25742.7614295,25742.7614295,25742.7614295,25742.7614295,25742.7614295,25742.7614295,25742.7614295,25742.7614295,25742.7614295,25742.7614295,25742.7614295,25742.7614295,25742.7614295,25742.7614295,25742.7614295,25742.7614295,25742.7614295,25742.7614295,25742.7614295,25742.7614295,25742.7614295,25742.7614295,25742.7614295,25742.7614295,25742.7614295,25742.7614295,25742.7614295,25742.7614295,25742.7614295,25742.7614295,25742.7614295,25742.7614295,25742.7614295,25742.7614295,25742.7614295,25742.7614295,25742.7614295,25742.7614295,25742.7614295,25742.7614295,25742.7614295,25742.7614295,25742.7614295,25742.7614295,25742.7614295,25742.7614295,25742.7614295,25742.7614295,25742.7614295,25742.7614295,25742.7614295,25742.7614295,25742.7614295,25742.7614295,25742.7614295,25742.7614295,25742.7614295,25742.7614295,25742.7614295,25742.7614295,25742.7614295,25742.7614295,25742.7614295,25742.7614295,25742.7614295,25742.7614295,25742.7614295,25742.7614295,25742.7614295,25742.7614295,25742.7614295,25742.7614295,25742.7614295,25742.7614295,25742.7614295,25742.7614295,25742.7614295,25742.7614295,25742.7614295,25742.7614295,25742.7614295,25742.7614295,25742.7614295,25742.7614295,25742.7614295,25742.7614295,25742.7614295,25742.7614295,25742.7614295,25742.7614295,25742.7614295,25742.7614295,25742.7614295,25742.7614295,25742.7614295,25742.7614295,25742.7614295,25742.7614295,25742.7614295,25742.7614295,25742.7614295,25742.7614295,25742.7614295,25742.7614295,25742.7614295,25742.7614295,25742.7614295,25742.7614295,25742.7614295,25742.7614295,25742.7614295,25742.7614295,25742.7614295,25742.7614295,25742.7614295,25742.7614295,25742.7614295,25742.7614295,25742.7614295,25742.7614295,25742.7614295,25742.7614295,25742.7614295,25742.7614295,25742.7614295,25742.7614295,25742.7614295,25742.7614295,25742.7614295,25742.7614295,25742.7614295,25742.7614295,25742.7614295,25742.7614295,25742.7614295,25742.7614295,25742.7614295,25742.7614295,25742.7614295,25742.7614295,25742.7614295,25742.7614295,25742.7614295,25742.7614295,25742.7614295,25742.7614295,25742.7614295,25742.7614295,25742.7614295,25742.7614295,25742.7614295,25742.7614295,25742.7614295,25742.7614295,25742.7614295,25742.7614295,25742.7614295,25742.7614295,25742.7614295,25742.7614295,25742.7614295,25742.7614295,25742.7614295,25742.7614295,25742.7614295,25742.7614295,25742.7614295,25742.7614295,25742.7614295,25742.7614295,25742.7614295,25742.7614295,25742.7614295,25742.7614295,25742.7614295,25742.7614295,25742.7614295,25742.7614295,25742.7614295,25742.7614295,25742.7614295,25742.7614295,25742.7614295,25742.7614295,25742.7614295,25742.7614295,25742.7614295,25742.7614295,25742.7614295,25742.7614295,25742.7614295,25742.7614295,25742.7614295,25742.7614295,25742.7614295,25742.7614295,25742.7614295,25742.7614295,25742.7614295,25742.7614295,25742.7614295,25742.7614295,25742.7614295,25742.7614295,25742.7614295,25742.7614295,25742.7614295,25742.7614295,25742.7614295,25742.7614295,25742.7614295,25742.7614295,25742.7614295,25742.7614295,25742.7614295,25742.7614295,25742.7614295,25742.7614295,25742.7614295,25742.7614295,25742.7614295,25742.7614295,25742.7614295,25742.7614295,25742.7614295,25742.7614295,25742.7614295,25742.7614295,25742.7614295,25742.7614295,25742.7614295,25742.7614295,25742.7614295,25742.7614295,25742.7614295,25742.7614295,25742.7614295,25742.7614295,25742.7614295,25742.7614295,25742.7614295,25742.7614295,25742.7614295,25742.7614295,25742.7614295,25742.7614295,25742.7614295,25742.7614295,25742.7614295,25742.7614295,25742.7614295,25742.7614295,25742.7614295,25742.7614295,25742.7614295,25742.7614295,25742.7614295,25742.7614295,25742.7614295,25742.7614295,25742.7614295,25742.7614295,25742.7614295,25742.7614295,25742.7614295,25742.7614295,25742.7614295,25742.7614295,25742.7614295,25742.7614295,25742.7614295,25742.7614295,25742.7614295,25742.7614295,25742.7614295,25742.7614295,25742.7614295,25742.7614295,25742.7614295,25742.7614295,25742.7614295,25742.7614295,25742.7614295,25742.7614295,25742.7614295,25742.7614295,25742.7614295,25742.7614295,25742.7614295,25742.7614295,25742.7614295,25742.7614295,25742.7614295,25742.7614295,25742.7614295,25742.7614295,25742.7614295,25742.7614295,25742.7614295,25742.7614295,25742.7614295,25742.7614295,25742.7614295,25742.7614295,25742.7614295,25742.7614295,25742.7614295,25742.7614295,25742.7614295,25742.7614295,25742.7614295,25742.7614295,25742.7614295,25742.7614295,25742.7614295,25742.7614295,25742.7614295,25742.7614295,25742.7614295,25742.7614295,25742.7614295,25742.7614295,25742.7614295,25742.7614295,25742.7614295,25742.7614295,25742.7614295,25742.7614295,25742.7614295,25742.7614295,25742.7614295,25742.7614295,25742.7614295,25742.7614295,25742.7614295,25742.7614295,25742.7614295,25742.7614295,25742.7614295,25742.7614295,25742.7614295,25742.7614295,25742.7614295,25742.7614295,25742.7614295,25742.7614295,25742.7614295,25742.7614295,25742.7614295,25742.7614295,25742.7614295,25742.7614295,25742.7614295,25742.7614295,25742.7614295,25742.7614295,25742.7614295,25742.7614295,25742.7614295,25742.7614295,25742.7614295,25742.7614295,25742.7614295,25742.7614295,25742.7614295,25742.7614295,25742.7614295,25742.7614295,25742.7614295,25742.7614295,25742.7614295,25742.7614295,25742.7614295,25742.7614295,25742.7614295,25742.7614295,25742.7614295,25742.7614295,25742.7614295,25742.7614295,25742.7614295,25742.7614295,25742.7614295,25742.7614295,25742.7614295,25742.7614295,25742.7614295,25742.7614295,25742.7614295,25742.7614295,25742.7614295,25742.7614295,25742.7614295,25742.7614295,25742.7614295,25742.7614295,25742.7614295,25742.7614295,25742.7614295,25742.7614295,25742.7614295,25742.7614295,25742.7614295,25742.7614295,25742.7614295,25742.7614295,25742.7614295,25742.7614295,25742.7614295,25742.7614295,25742.7614295,25742.7614295,25742.7614295,25742.7614295,25742.7614295,25742.7614295,25742.7614295,25742.7614295,25742.7614295,25742.7614295,25742.7614295,25742.7614295,25742.7614295,25742.7614295,25742.7614295,25742.7614295,25742.7614295,25742.7614295,25742.7614295,25742.7614295,25742.7614295,25742.7614295,25742.7614295,25742.7614295,25742.7614295,25742.7614295,25742.7614295,25742.7614295,25742.7614295,25742.7614295,25742.7614295,25742.7614295,25742.7614295,25742.7614295,25742.7614295,25742.7614295,25742.7614295,25742.7614295,25742.7614295,25742.7614295,25742.7614295,25742.7614295,25742.7614295,25742.7614295,25742.7614295,25742.7614295,25742.7614295,25742.7614295,25742.7614295,25742.7614295,25742.7614295,25742.7614295,25742.7614295,25742.7614295,25742.7614295,25742.7614295,25742.7614295,25742.7614295,25742.7614295,25742.7614295,25742.7614295,25742.7614295,25742.7614295,25742.7614295,25742.7614295,25742.7614295,25742.7614295,25742.7614295,25742.7614295,25742.7614295,25742.7614295,25742.7614295,25742.7614295,25742.7614295,25742.7614295,25742.7614295,25742.7614295,25742.7614295,25742.7614295,25742.7614295,25742.7614295,25742.7614295,25742.7614295,25742.7614295,25742.7614295,25742.7614295,25742.7614295,25742.7614295,25742.7614295,25742.7614295,25742.7614295,25742.7614295,25742.7614295,25742.7614295,25742.7614295,25742.7614295,25742.7614295,25742.7614295,25742.7614295,25742.7614295,25742.7614295,25742.7614295,25742.7614295,25742.7614295,25742.7614295,25742.7614295,25742.7614295,25742.7614295,25742.7614295,25742.7614295,25742.7614295,25742.7614295,25742.7614295,25742.7614295,25742.7614295,25742.7614295,25742.7614295,25742.7614295,25742.7614295,25742.7614295,25742.7614295,25742.7614295,25742.7614295,25742.7614295,25742.7614295,25742.7614295,25742.7614295,25742.7614295,25742.7614295,25742.7614295,25742.7614295,25742.7614295,25742.7614295,25742.7614295,25742.7614295,25742.7614295,25742.7614295,25742.7614295,25742.7614295,25742.7614295,25742.7614295,25742.7614295,25742.7614295,25742.7614295,25742.7614295,25742.7614295,25742.7614295,25742.7614295,25742.7614295,25742.7614295,25742.7614295,25742.7614295,25742.7614295,25742.7614295,25742.7614295,25742.7614295,25742.7614295,25742.7614295,25742.7614295,25742.7614295,25742.7614295,25742.7614295,25742.7614295,25742.7614295,25742.7614295,25742.7614295,25742.7614295,25742.7614295,25742.7614295,25742.7614295,25742.7614295,25742.7614295,25742.7614295,25742.7614295,25742.7614295,25742.7614295,25742.7614295,25742.7614295,25742.7614295,25742.7614295,25742.7614295,25742.7614295,25742.7614295,25742.7614295,25742.7614295,25742.7614295,25742.7614295,25742.7614295,25742.7614295,25742.7614295,25742.7614295,25742.7614295,25742.7614295,25742.7614295,25742.7614295,25742.7614295,25742.7614295,25742.7614295,25742.7614295,25742.7614295,25742.7614295,25742.7614295,25742.7614295,25742.7614295,25742.7614295,25742.7614295,25742.7614295,25742.7614295,25742.7614295,25742.7614295,25742.7614295,25742.7614295,25742.7614295,25742.7614295,25742.7614295,25742.7614295,25742.7614295,25742.7614295,25742.7614295,25742.7614295,25742.7614295,25742.7614295,25742.7614295,25742.7614295,25742.7614295,25742.7614295,25742.7614295,25742.7614295,25742.7614295,25742.7614295,25742.7614295,25742.7614295,25742.7614295,25742.7614295,25742.7614295,25742.7614295,25742.7614295,25742.7614295,25742.7614295,25742.7614295,25742.7614295,25742.7614295,25742.7614295,25742.7614295,25742.7614295,25742.7614295,25742.7614295,25742.7614295,25742.7614295,25742.7614295,25742.7614295,25742.7614295,25742.7614295,25742.7614295,25742.7614295,25742.7614295,25742.7614295,25742.7614295,25742.7614295,25742.7614295,25742.7614295,25742.7614295,25742.7614295,25742.7614295,25742.7614295,25742.7614295,25742.7614295,25742.7614295,25742.7614295,25742.7614295,25742.7614295,25742.7614295,25742.7614295,25742.7614295,25742.7614295,25742.7614295,25742.7614295,25742.7614295,25742.7614295,25742.7614295,25742.7614295,25742.7614295,25742.7614295,25742.7614295,25742.7614295,25742.7614295,25742.7614295,25742.7614295,25742.7614295,25742.7614295,25742.7614295,25742.7614295,25742.7614295,25742.7614295,25742.7614295,25742.7614295,25742.7614295,25742.7614295,25742.7614295,25742.7614295,25742.7614295,25742.7614295,25742.7614295,25742.7614295,25742.7614295,25742.7614295,25742.7614295,25742.7614295,25742.7614295,25742.7614295,25742.7614295,25742.7614295,25742.7614295,25742.7614295,25742.7614295,25742.7614295,25742.7614295,25742.7614295,25742.7614295,25742.7614295,25742.7614295,25742.7614295,25742.7614295,25742.7614295,25742.7614295,25742.7614295,25742.7614295,25742.7614295,25742.7614295,25742.7614295,25742.7614295,25742.7614295,25742.7614295,25742.7614295,25742.7614295,25742.7614295,25742.7614295,25742.7614295,25742.7614295,25742.7614295,25742.7614295,25742.7614295,25742.7614295,25742.7614295,25742.7614295,25742.7614295,25742.7614295,25742.7614295,25742.7614295,25742.7614295,25742.7614295,25742.7614295,25742.7614295,25742.7614295,25742.7614295,25742.7614295,25742.7614295,25742.7614295,25742.7614295,25742.7614295,25742.7614295,25742.7614295,25742.7614295,25742.7614295,25742.7614295,25742.7614295,25742.7614295,25742.7614295,25742.7614295,25742.7614295,25742.7614295,25742.7614295,25742.7614295,25742.7614295,25742.7614295,25742.7614295,25742.7614295,25742.7614295,25742.7614295,25742.7614295,25742.7614295,25742.7614295,25742.7614295,25742.7614295,25742.7614295,25742.7614295,25742.7614295,25742.7614295,25742.7614295,25742.7614295,25742.7614295,25742.7614295,25742.7614295,25742.7614295,25742.7614295,25742.7614295,25742.7614295,25742.7614295,25742.7614295,25742.7614295,25742.7614295,25742.7614295,25742.7614295,25742.7614295,25742.7614295,25742.7614295,25742.7614295,25742.7614295,25742.7614295,25742.7614295,25742.7614295,25742.7614295,25742.7614295,25742.7614295,25742.7614295,25742.7614295,25742.7614295,25742.7614295,25742.7614295,25742.7614295,25742.7614295,25742.7614295,25742.7614295,25742.7614295,25742.7614295,25742.7614295,25742.7614295,25742.7614295,25742.7614295,25742.7614295,25742.7614295,25742.7614295,25742.7614295,25742.7614295,25742.7614295,25742.7614295,25742.7614295,25742.7614295,25742.7614295,25742.7614295,25742.7614295,25742.7614295,25742.7614295,25742.7614295,25742.7614295,25742.7614295,25742.7614295,25742.7614295,25742.7614295,25742.7614295,25742.7614295,25742.7614295,25742.7614295,25742.7614295,25742.7614295,25742.7614295,25742.7614295,25742.7614295,25742.7614295,25742.7614295,25742.7614295,25742.7614295,25742.7614295,25742.7614295,25742.7614295,25742.7614295,25742.7614295,25742.7614295,25742.7614295,25742.7614295,25742.7614295,25742.7614295,25742.7614295,25742.7614295,25742.7614295,25742.7614295,25742.7614295,25742.7614295,25742.7614295,25742.7614295,25742.7614295,25742.7614295,25742.7614295,25742.7614295,25742.7614295,25742.7614295,25742.7614295,25742.7614295,25742.7614295,25742.7614295,25742.7614295,25742.7614295,25742.7614295,25742.7614295,25742.7614295,25742.7614295,25742.7614295,25742.7614295,25742.7614295,25742.7614295,25742.7614295,25742.7614295,25742.7614295,25742.7614295,25742.7614295,25742.7614295,25742.7614295,25742.7614295,25742.7614295,25742.7614295,25742.7614295,25742.7614295,25742.7614295,25742.7614295,25742.7614295,25742.7614295,25742.7614295,25742.7614295,25742.7614295,25742.7614295,25742.7614295,25742.7614295,25742.7614295,25742.7614295,25742.7614295,25742.7614295,25742.7614295,25742.7614295,25742.7614295,25742.7614295,25742.7614295,25742.7614295,25742.7614295,25742.7614295,25742.7614295,25742.7614295,25742.7614295,25742.7614295,25742.7614295,25742.7614295,25742.7614295,25742.7614295,25742.7614295,25742.7614295,25742.7614295,25742.7614295,25742.7614295,25742.7614295,25742.7614295,25742.7614295,25742.7614295,25742.7614295,25742.7614295,25742.7614295,25742.7614295,25742.7614295,25742.7614295,25742.7614295,25742.7614295,25742.7614295,25742.7614295,25742.7614295,25742.7614295,25742.7614295,25742.7614295,25742.7614295,25742.7614295,25742.7614295,25742.7614295,25742.7614295,25742.7614295,25742.7614295,25742.7614295,25742.7614295,25742.7614295,25742.7614295,25742.7614295,25742.7614295,25742.7614295,25742.7614295,25742.7614295,25742.7614295,25742.7614295,25742.7614295,25742.7614295,25742.7614295,25742.7614295,25742.7614295,25742.7614295,25742.7614295,25742.7614295,25742.7614295,25742.7614295,25742.7614295,25742.7614295,25742.7614295,25742.7614295,25742.7614295,25742.7614295,25742.7614295,25742.7614295,25742.7614295,25742.7614295,25742.7614295,25742.7614295,25742.7614295,25742.7614295,25742.7614295,25742.7614295,25742.7614295,25742.7614295,25742.7614295,25742.7614295,25742.7614295,25742.7614295,25742.7614295,25742.7614295,25742.7614295,25742.7614295,25742.7614295,25742.7614295,25742.7614295,25742.7614295,25742.7614295,25742.7614295,25742.7614295,25742.7614295,25742.7614295,25742.7614295,25742.7614295,25742.7614295,25742.7614295,25742.7614295,25742.7614295,25742.7614295,25742.7614295,25742.7614295,25742.7614295,25742.7614295,25742.7614295,25742.7614295,25742.7614295,25742.7614295,25742.7614295,25742.7614295,25742.7614295,25742.7614295,25742.7614295,25742.7614295,25742.7614295,25742.7614295,25742.7614295,25742.7614295,25742.7614295,25742.7614295,25742.7614295,25742.7614295,25742.7614295,25742.7614295,25742.7614295,25742.7614295,25742.7614295,25742.7614295,25742.7614295,25742.7614295,25742.7614295,25742.7614295,25742.7614295,25742.7614295,25742.7614295,25742.7614295,25742.7614295,25742.7614295,25742.7614295,25742.7614295,25742.7614295,25742.7614295,25742.7614295,25742.7614295,25742.7614295,25742.7614295,25742.7614295,25742.7614295,25742.7614295,25742.7614295,25742.7614295,25742.7614295,25742.7614295,25742.7614295,25742.7614295,25742.7614295,25742.7614295,25742.7614295,25742.7614295,25742.7614295,25742.7614295,25742.7614295,25742.7614295,25742.7614295,25742.7614295,25742.7614295,25742.7614295,25742.7614295,25742.7614295,25742.7614295,25742.7614295,25742.7614295,25742.7614295,25742.7614295,25742.7614295,25742.7614295,25742.7614295,25742.7614295,25742.7614295,25742.7614295,25742.7614295,25742.7614295,25742.7614295,25742.7614295,25742.7614295,25742.7614295,25742.7614295,25742.7614295,25742.7614295,25742.7614295,25742.7614295,25742.7614295,25742.7614295,25742.7614295,25742.7614295,25742.7614295,25742.7614295,25742.7614295,25742.7614295,25742.7614295,25742.7614295,25742.7614295,25742.7614295,25742.7614295,25742.7614295,25742.7614295,25742.7614295,25742.7614295,25742.7614295,25742.7614295,25742.7614295,25742.7614295,25742.7614295,25742.7614295,25742.7614295,25742.7614295,25742.7614295,25742.7614295,25742.7614295,25742.7614295,25742.7614295,25742.7614295,25742.7614295,25742.7614295,25742.7614295,25742.7614295,25742.7614295,25742.7614295,25742.7614295,25742.7614295,25742.7614295,25742.7614295,25742.7614295,25742.7614295,25742.7614295,25742.7614295,25742.7614295,25742.7614295,25742.7614295,25742.7614295,25742.7614295,25742.7614295,25742.7614295,25742.7614295,25742.7614295,25742.7614295,25742.7614295,25742.7614295,25742.7614295,25742.7614295,25742.7614295,25742.7614295,25742.7614295,25742.7614295,25742.7614295,25742.7614295,25742.7614295,25742.7614295,25742.7614295,25742.7614295,25742.7614295,25742.7614295,25742.7614295,25742.7614295,25742.7614295,25742.7614295,25742.7614295,25742.7614295,25742.7614295,25742.7614295,25742.7614295,25742.7614295,25742.7614295,25742.7614295,25742.7614295,25742.7614295,25742.7614295,25742.7614295,25742.7614295,25742.7614295,25742.7614295,25742.7614295,25742.7614295,25742.7614295,25742.7614295,25742.7614295,25742.7614295,25742.7614295,25742.7614295,25742.7614295,25742.7614295,25742.7614295,25742.7614295,25742.7614295,25742.7614295,25742.7614295,25742.7614295,25742.7614295,25742.7614295,25742.7614295,25742.7614295,25742.7614295,25742.7614295,25742.7614295,25742.7614295,25742.7614295,25742.7614295,25742.7614295,25742.7614295,25742.7614295,25742.7614295,25742.7614295,25742.7614295,25742.7614295,25742.7614295,25742.7614295,25742.7614295,25742.7614295,25742.7614295,25742.7614295,25742.7614295,25742.7614295,25742.7614295,25742.7614295,25742.7614295,25742.7614295,25742.7614295,25742.7614295,25742.7614295,25742.7614295,25742.7614295,25742.7614295,25742.7614295,25742.7614295,25742.7614295,25742.7614295,25742.7614295,25742.7614295,25742.7614295,25742.7614295,25742.7614295,25742.7614295,25742.7614295,25742.7614295,25742.7614295,25742.7614295,25742.7614295,25742.7614295,25742.7614295,25742.7614295,25742.7614295,25742.7614295,25742.7614295,25742.7614295,25742.7614295,25742.7614295,25742.7614295,25742.7614295,25742.7614295,25742.7614295,25742.7614295,25742.7614295,25742.7614295,25742.7614295,25742.7614295,25742.7614295,25742.7614295,25742.7614295,25742.7614295,25742.7614295,25742.7614295,25742.7614295,25742.7614295,25742.7614295,25742.7614295,25742.7614295,25742.7614295,25742.7614295,25742.7614295,25742.7614295,25742.7614295,25742.7614295,25742.7614295,25742.7614295,25742.7614295,25742.7614295,25742.7614295,25742.7614295,25742.7614295,25742.7614295,25742.7614295,25742.7614295,25742.7614295,25742.7614295,25742.7614295,25742.7614295,25742.7614295,25742.7614295,25742.7614295,25742.7614295,25742.7614295,25742.7614295,25742.7614295,25742.7614295,25742.7614295,25742.7614295,25742.7614295,25742.7614295,25742.7614295,25742.7614295,25742.7614295,25742.7614295,25742.7614295,25742.7614295,25742.7614295,25742.7614295,25742.7614295,25742.7614295,25742.7614295,25742.7614295,25742.7614295,25742.7614295,25742.7614295,25742.7614295,25742.7614295,25742.7614295,25742.7614295,25742.7614295,25742.7614295,25742.7614295,25742.7614295,25742.7614295,25742.7614295,25742.7614295,25742.7614295,25742.7614295,25742.7614295,25742.7614295,25742.7614295,25742.7614295,25742.7614295,25742.7614295,25742.7614295,25742.7614295,25742.7614295,25742.7614295,25742.7614295,25742.7614295,25742.7614295,25742.7614295,25742.7614295,25742.7614295,25742.7614295,25742.7614295,25742.7614295,25742.7614295,25742.7614295,25742.7614295,25742.7614295,25742.7614295,25742.7614295,25742.7614295,25742.7614295,25742.7614295,25742.7614295,25742.7614295,25742.7614295,25742.7614295,25742.7614295,25742.7614295,25742.7614295,25742.7614295,25742.7614295,25742.7614295,25742.7614295,25742.7614295,25742.7614295,25742.7614295,25742.7614295,25742.7614295,25742.7614295,25742.7614295,25742.7614295,25742.7614295,25742.7614295,25742.7614295,25742.7614295,25742.7614295,25742.7614295,25742.7614295,25742.7614295,25742.7614295,25742.7614295,25742.7614295,25742.7614295,25742.7614295,25742.7614295,25742.7614295,25742.7614295,25742.7614295,25742.7614295,25742.7614295,25742.7614295,25742.7614295,25742.7614295,25742.7614295,25742.7614295,25742.7614295,25742.7614295,25742.7614295,25742.7614295,25742.7614295,25742.7614295,25742.7614295,25742.7614295,25742.7614295,25742.7614295,25742.7614295,25742.7614295,25742.7614295,25742.7614295,25742.7614295,25742.7614295,25742.7614295,25742.7614295,25742.7614295,25742.7614295,25742.7614295,25742.7614295,25742.7614295,25742.7614295,25742.7614295,25742.7614295,25742.7614295,25742.7614295,25742.7614295,25742.7614295,25742.7614295,25742.7614295,25742.7614295,25742.7614295,25742.7614295,25742.7614295,25742.7614295,25742.7614295,25742.7614295,25742.7614295,25742.7614295,25742.7614295,25742.7614295,25742.7614295,25742.7614295,25742.7614295,25742.7614295,25742.7614295,25742.7614295,25742.7614295,25742.7614295,25742.7614295,25742.7614295,25742.7614295,25742.7614295,25742.7614295,25742.7614295,25742.7614295,25742.7614295,25742.7614295,25742.7614295,25742.7614295,25742.7614295,25742.7614295,25742.7614295,25742.7614295,25742.7614295,25742.7614295,25742.7614295,25742.7614295,25742.7614295,25742.7614295,25742.7614295,25742.7614295,25742.7614295,25742.7614295,25742.7614295,25742.7614295,25742.7614295,25742.7614295,25742.7614295,25742.7614295,25742.7614295,25742.7614295,25742.7614295,25742.7614295,25742.7614295,25742.7614295,25742.7614295,25742.7614295,25742.7614295,25742.7614295,25742.7614295,25742.7614295,25742.7614295,25742.7614295,25742.7614295,25742.7614295,25742.7614295,25742.7614295,25742.7614295,25742.7614295,25742.7614295,25742.7614295,25742.7614295,25742.7614295,25742.7614295,25742.7614295,25742.7614295,25742.7614295,25742.7614295,25742.7614295,25742.7614295,25742.7614295,25742.7614295,25742.7614295,25742.7614295,25742.7614295,25742.7614295,25742.7614295,25742.7614295,25742.7614295,25742.7614295,25742.7614295,25742.7614295,25742.7614295,25742.7614295,25742.7614295,25742.7614295,25742.7614295,25742.7614295,25742.7614295,25742.7614295,25742.7614295,25742.7614295,25742.7614295,25742.7614295,25742.7614295,25742.7614295,25742.7614295,25742.7614295,25742.7614295,25742.7614295,25742.7614295,25742.7614295,25742.7614295,25742.7614295,25742.7614295,25742.7614295,25742.7614295,25742.7614295,25742.7614295,25742.7614295,25742.7614295,25742.7614295,25742.7614295,25742.7614295,25742.7614295,25742.7614295,25742.7614295,25742.7614295,25742.7614295,25742.7614295,25742.7614295,25742.7614295,25742.7614295,25742.7614295,25742.7614295,25742.7614295,25742.7614295,25742.7614295,25742.7614295,25742.7614295,25742.7614295,25742.7614295,25742.7614295,25742.7614295,25742.7614295,25742.7614295,25742.7614295,25742.7614295,25742.7614295,25742.7614295,25742.7614295,25742.7614295,25742.7614295,25742.7614295,25742.7614295,25742.7614295,25742.7614295,25742.7614295,25742.7614295,25742.7614295,25742.7614295,25742.7614295,25742.7614295,25742.7614295,25742.7614295,25742.7614295,25742.7614295,25742.7614295,25742.7614295,25742.7614295,25742.7614295,25742.7614295,25742.7614295,25742.7614295,25742.7614295,25742.7614295,25742.7614295,25742.7614295,25742.7614295,25742.7614295,25742.7614295,25742.7614295,25742.7614295,25742.7614295,25742.7614295,25742.7614295,25742.7614295,25742.7614295,25742.7614295,25742.7614295,25742.7614295,25742.7614295,25742.7614295,25742.7614295,25742.7614295,25742.7614295,25742.7614295,25742.7614295,25742.7614295,25742.7614295,25742.7614295,25742.7614295,25742.7614295,25742.7614295,25742.7614295,25742.7614295,25742.7614295,25742.7614295,25742.7614295,25742.7614295,25742.7614295,25742.7614295,25742.7614295,25742.7614295,25742.7614295,25742.7614295,25742.7614295,25742.7614295,25742.7614295,25742.7614295,25742.7614295,25742.7614295,25742.7614295,25742.7614295,25742.7614295,25742.7614295,25742.7614295,25742.7614295,25742.7614295,25742.7614295,25742.7614295,25742.7614295,25742.7614295,25742.7614295,25742.7614295,25742.7614295,25742.7614295,25742.7614295,25742.7614295,25742.7614295,25742.7614295,25742.7614295,25742.7614295,25742.7614295,25742.7614295,25742.7614295,25742.7614295,25742.7614295,25742.7614295,25742.7614295,25742.7614295,25742.7614295,25742.7614295,25742.7614295,25742.7614295,25742.7614295,25742.7614295,25742.7614295,25742.7614295,25742.7614295,25742.7614295,25742.7614295,25742.7614295,25742.7614295,25742.7614295,25742.7614295,25742.7614295,25742.7614295,25742.7614295,25742.7614295,25742.7614295,25742.7614295,25742.7614295,25742.7614295,25742.7614295,25742.7614295,25742.7614295,25742.7614295,25742.7614295,25742.7614295,25742.7614295,25742.7614295,25742.7614295,25742.7614295,25742.7614295,25742.7614295,25742.7614295,25742.7614295,25742.7614295,25742.7614295,25742.7614295,25742.7614295,25742.7614295,25742.7614295,25742.7614295,25742.7614295,25742.7614295,25742.7614295,25742.7614295,25742.7614295,25742.7614295,25742.7614295,25742.7614295,25742.7614295,25742.7614295,25742.7614295,25742.7614295,25742.7614295,25742.7614295,25742.7614295,25742.7614295,25742.7614295,25742.7614295,25742.7614295,25742.7614295,25742.7614295,25742.7614295,25742.7614295,25742.7614295,25742.7614295,25742.7614295,25742.7614295,25742.7614295,25742.7614295,25742.7614295,25742.7614295,25742.7614295,25742.7614295,25742.7614295,25742.7614295,25742.7614295,25742.7614295,25742.7614295,25742.7614295,25742.7614295,25742.7614295,25742.7614295,25742.7614295,25742.7614295,25742.7614295,25742.7614295,25742.7614295,25742.7614295,25742.7614295,25742.7614295,25742.7614295,25742.7614295,25742.7614295,25742.7614295,25742.7614295,25742.7614295,25742.7614295,25742.7614295,25742.7614295,25742.7614295,25742.7614295,25742.7614295,25742.7614295,25742.7614295,25742.7614295,25742.7614295,25742.7614295,25742.7614295,25742.7614295,25742.7614295,25742.7614295,25742.7614295,25742.7614295,25742.7614295,25742.7614295,25742.7614295,25742.7614295,25742.7614295,25742.7614295,25742.7614295,25742.7614295,25742.7614295,25742.7614295,25742.7614295,25742.7614295,25742.7614295,25742.7614295,25742.7614295,25742.7614295,25742.7614295,25742.7614295,25742.7614295,25742.7614295,25742.7614295,25742.7614295,25742.7614295,25742.7614295,25742.7614295,25742.7614295,25742.7614295,25742.7614295,25742.7614295,25742.7614295,25742.7614295,25742.7614295,25742.7614295,25742.7614295,25742.7614295,25742.7614295,25742.7614295,25742.7614295,25742.7614295,25742.7614295,25742.7614295,25742.7614295,25742.7614295,25742.7614295,25742.7614295,25742.7614295,25742.7614295,25742.7614295,25742.7614295,25742.7614295,25742.7614295,25742.7614295,25742.7614295,25742.7614295,25742.7614295,25742.7614295,25742.7614295,25742.7614295,25742.7614295,25742.7614295,25742.7614295,25742.7614295,25742.7614295,25742.7614295,25742.7614295,25742.7614295,25742.7614295,25742.7614295,25742.7614295,25742.7614295,25742.7614295,25742.7614295,25742.7614295,25742.7614295,25742.7614295,25742.7614295,25742.7614295,25742.7614295,25742.7614295,25742.7614295,25742.7614295,25742.7614295,25742.7614295,25742.7614295,25742.7614295,25742.7614295,25742.7614295,25742.7614295,25742.7614295,25742.7614295,25742.7614295,25742.7614295,25742.7614295,25742.7614295,25742.7614295,25742.7614295,25742.7614295,25742.7614295,25742.7614295,25742.7614295,25742.7614295,25742.7614295,25742.7614295,25742.7614295,25742.7614295,25742.7614295,25742.7614295,25742.7614295,25742.7614295,25742.7614295,25742.7614295,25742.7614295,25742.7614295,25742.7614295,25742.7614295,25742.7614295,25742.7614295,25742.7614295,25742.7614295,25742.7614295,25742.7614295,25742.7614295,25742.7614295,25742.7614295,25742.7614295,25742.7614295,25742.7614295,25742.7614295,25742.7614295,25742.7614295,25742.7614295,25742.7614295,25742.7614295,25742.7614295,25742.7614295,25742.7614295,25742.7614295,25742.7614295,25742.7614295,25742.7614295,25742.7614295,25742.7614295,25742.7614295,25742.7614295,25742.7614295,25742.7614295,25742.7614295,25742.7614295,25742.7614295,25742.7614295,25742.7614295,25742.7614295,25742.7614295,25742.7614295,25742.7614295,25742.7614295,25742.7614295,25742.7614295,25742.7614295,25742.7614295,25742.7614295,25742.7614295,25742.7614295,25742.7614295,25742.7614295,25742.7614295,25742.7614295,25742.7614295,25742.7614295,25742.7614295,25742.7614295,25742.7614295,25742.7614295,25742.7614295,25742.7614295,25742.7614295,25742.7614295,25742.7614295,25742.7614295,25742.7614295,25742.7614295,25742.7614295,25742.7614295,25742.7614295,25742.7614295,25742.7614295,25742.7614295,25742.7614295,25742.7614295,25742.7614295,25742.7614295,25742.7614295,25742.7614295,25742.7614295,25742.7614295,25742.7614295,25742.7614295,25742.7614295,25742.7614295,25742.7614295,25742.7614295,25742.7614295,25742.7614295,25742.7614295,25742.7614295,25742.7614295,25742.7614295,25742.7614295,25742.7614295,25742.7614295,25742.7614295,25742.7614295,25742.7614295,25742.7614295,25742.7614295,25742.7614295,25742.7614295,25742.7614295,25742.7614295,25742.7614295,25742.7614295,25742.7614295,25742.7614295,25742.7614295,25742.7614295,25742.7614295,25742.7614295,25742.7614295,25742.7614295,25742.7614295,25742.7614295,25742.7614295,25742.7614295,25742.7614295,25742.7614295,25742.7614295,25742.7614295,25742.7614295,25742.7614295,25742.7614295,25742.7614295,25742.7614295,25742.7614295,25742.7614295,25742.7614295,25742.7614295,25742.7614295,25742.7614295,25742.7614295,25742.7614295,25742.7614295,25742.7614295,25742.7614295,25742.7614295,25742.7614295,25742.7614295,25742.7614295,25742.7614295,25742.7614295,25742.7614295,25742.7614295,25742.7614295,25742.7614295,25742.7614295,25742.7614295,25742.7614295,25742.7614295,25742.7614295,25742.7614295,25742.7614295,25742.7614295,25742.7614295,25742.7614295,25742.7614295,25742.7614295,25742.7614295,25742.7614295,25742.7614295,25742.7614295,25742.7614295,25742.7614295,25742.7614295,25742.7614295,25742.7614295,25742.7614295,25742.7614295,25742.7614295,25742.7614295,25742.7614295,25742.7614295,25742.7614295,25742.7614295,25742.7614295,25742.7614295,25742.7614295,25742.7614295,25742.7614295,25742.7614295,25742.7614295,25742.7614295,25742.7614295,25742.7614295,25742.7614295,25742.7614295,25742.7614295,25742.7614295,25742.7614295,25742.7614295,25742.7614295,25742.7614295,25742.7614295,25742.7614295,25742.7614295,25742.7614295,25742.7614295,25742.7614295,25742.7614295,25742.7614295,25742.7614295,25742.7614295,25742.7614295,25742.7614295,25742.7614295,25742.7614295,25742.7614295,25742.7614295,25742.7614295,25742.7614295,25742.7614295,25742.7614295,25742.7614295,25742.7614295,25742.7614295,25742.7614295,25742.7614295,25742.7614295,25742.7614295,25742.7614295,25742.7614295,25742.7614295,25742.7614295,25742.7614295,25742.7614295,25742.7614295,25742.7614295,25742.7614295,25742.7614295,25742.7614295,25742.7614295,25742.7614295,25742.7614295,25742.7614295,25742.7614295,25742.7614295,25742.7614295,25742.7614295,25742.7614295,25742.7614295,25742.7614295,25742.7614295,25742.7614295,25742.7614295,25742.7614295,25742.7614295,25742.7614295,25742.7614295,25742.7614295,25742.7614295,25742.7614295,25742.7614295,25742.7614295,25742.7614295,25742.7614295,25742.7614295,25742.7614295,25742.7614295,25742.7614295,25742.7614295,25742.7614295,25742.7614295,25742.7614295,25742.7614295,25742.7614295,25742.7614295,25742.7614295,25742.7614295,25742.7614295,25742.7614295,25742.7614295,25742.7614295,25742.7614295,25742.7614295,25742.7614295,25742.7614295,25742.7614295,25742.7614295,25742.7614295,25742.7614295,25742.7614295,25742.7614295,25742.7614295,25742.7614295,25742.7614295,25742.7614295,25742.7614295,25742.7614295,25742.7614295,25742.7614295,25742.7614295,25742.7614295,25742.7614295,25742.7614295,25742.7614295,25742.7614295,25742.7614295,25742.7614295,25742.7614295,25742.7614295,25742.7614295,25742.7614295,25742.7614295,25742.7614295,25742.7614295,25742.7614295,25742.7614295,25742.7614295,25742.7614295,25742.7614295,25742.7614295,25742.7614295,25742.7614295,25742.7614295,25742.7614295,25742.7614295,25742.7614295,25742.7614295,25742.7614295,25742.7614295,25742.7614295,25742.7614295,25742.7614295,25742.7614295,25742.7614295,25742.7614295,25742.7614295,25742.7614295,25742.7614295,25742.7614295,25742.7614295,25742.7614295,25742.7614295,25742.7614295,25742.7614295,25742.7614295,25742.7614295,25742.7614295,25742.7614295,25742.7614295,25742.7614295,25742.7614295,25742.7614295,25742.7614295,25742.7614295,25742.7614295,25742.7614295,25742.7614295,25742.7614295,25742.7614295,25742.7614295,25742.7614295,25742.7614295,25742.7614295,25742.7614295,25742.7614295,25742.7614295,25742.7614295,25742.7614295,25742.7614295,25742.7614295,25742.7614295,25742.7614295,25742.7614295,25742.7614295,25742.7614295,25742.7614295,25742.7614295,25742.7614295,25742.7614295,25742.7614295,25742.7614295,25742.7614295,25742.7614295,25742.7614295,25742.7614295,25742.7614295,25742.7614295,25742.7614295,25742.7614295,25742.7614295,25742.7614295,25742.7614295,25742.7614295,25742.7614295,25742.7614295,25742.7614295,25742.7614295,25742.7614295,25742.7614295,25742.7614295,25742.7614295,25742.7614295,25742.7614295,25742.7614295,25742.7614295,25742.7614295,25742.7614295,25742.7614295,25742.7614295,25742.7614295,25742.7614295,25742.7614295,25742.7614295,25742.7614295,25742.7614295,25742.7614295,25742.7614295,25742.7614295,25742.7614295,25742.7614295,25742.7614295,25742.7614295,25742.7614295,25742.7614295,25742.7614295,25742.7614295,25742.7614295,25742.7614295,25742.7614295,25742.7614295,25742.7614295,25742.7614295,25742.7614295,25742.7614295,25742.7614295,25742.7614295,25742.7614295,25742.7614295,25742.7614295,25742.7614295,25742.7614295,25742.7614295,25742.7614295,25742.7614295,25742.7614295,25742.7614295,25742.7614295,25742.7614295,25742.7614295,25742.7614295,25742.7614295,25742.7614295,25742.7614295,25742.7614295,25742.7614295,25742.7614295,25742.7614295,25742.7614295,25742.7614295,25742.7614295,25742.7614295,25742.7614295,25742.7614295,25742.7614295,25742.7614295,25742.7614295,25742.7614295,25742.7614295,25742.7614295,25742.7614295,25742.7614295,25742.7614295,25742.7614295,25742.7614295,25742.7614295,25742.7614295,25742.7614295,25742.7614295,25742.7614295,25742.7614295,25742.7614295,25742.7614295,25742.7614295,25742.7614295,25742.7614295,25742.7614295,25742.7614295,25742.7614295,25742.7614295,25742.7614295,25742.7614295,25742.7614295,25742.7614295,25742.7614295,25742.7614295,25742.7614295,25742.7614295,25742.7614295,25742.7614295,25742.7614295,25742.7614295,25742.7614295,25742.7614295,25742.7614295,25742.7614295,25742.7614295,25742.7614295,25742.7614295,25742.7614295,25742.7614295,25742.7614295,25742.7614295,25742.7614295,25742.7614295,25742.7614295,25742.7614295,25742.7614295,25742.7614295,25742.7614295,25742.7614295,25742.7614295,25742.7614295,25742.7614295,25742.7614295,25742.7614295,25742.7614295,25742.7614295,25742.7614295,25742.7614295,25742.7614295,25742.7614295,25742.7614295,25742.7614295,25742.7614295,25742.7614295,25742.7614295,25742.7614295,25742.7614295,25742.7614295,25742.7614295,25742.7614295,25742.7614295,25742.7614295,25742.7614295,25742.7614295,25742.7614295,25742.7614295,25742.7614295,25742.7614295,25742.7614295,25742.7614295,25742.7614295,25742.7614295,25742.7614295,25742.7614295,25742.7614295,25742.7614295,25742.7614295,25742.7614295,25742.7614295,25742.7614295,25742.7614295,25742.7614295,25742.7614295,25742.7614295,25742.7614295,25742.7614295,25742.7614295,25742.7614295,25742.7614295,25742.7614295,25742.7614295,25742.7614295,25742.7614295,25742.7614295,25742.7614295,25742.7614295,25742.7614295,25742.7614295,25742.7614295,25742.7614295,25742.7614295,25742.7614295,25742.7614295,25742.7614295,25742.7614295,25742.7614295,25742.7614295,25742.7614295,25742.7614295,25742.7614295,25742.7614295,25742.7614295,25742.7614295,25742.7614295,25742.7614295,25742.7614295,25742.7614295,25742.7614295,25742.7614295,25742.7614295,25742.7614295,25742.7614295,25742.7614295,25742.7614295,25742.7614295,25742.7614295,25742.7614295,25742.7614295,25742.7614295,25742.7614295,25742.7614295,25742.7614295,25742.7614295,25742.7614295,25742.7614295,25742.7614295,25742.7614295,25742.7614295,25742.7614295,25742.7614295,25742.7614295,25742.7614295,25742.7614295,25742.7614295,25742.7614295,25742.7614295,25742.7614295,25742.7614295,25742.7614295,25742.7614295,25742.7614295,25742.7614295,25742.7614295,25742.7614295,25742.7614295,25742.7614295,25742.7614295,25742.7614295,25742.7614295,25742.7614295,25742.7614295,25742.7614295,25742.7614295,25742.7614295,25742.7614295,25742.7614295,25742.7614295,25742.7614295,25742.7614295,25742.7614295,25742.7614295,25742.7614295,25742.7614295,25742.7614295,25742.7614295,25742.7614295,25742.7614295,25742.7614295,25742.7614295,25742.7614295,25742.7614295,25742.7614295,25742.7614295,25742.7614295,25742.7614295,25742.7614295,25742.7614295,25742.7614295,25742.7614295,25742.7614295,25742.7614295,25742.7614295,25742.7614295,25742.7614295,25742.7614295,25742.7614295,25742.7614295,25742.7614295,25742.7614295,25742.7614295,25742.7614295,25742.7614295,25742.7614295,25742.7614295,25742.7614295,25742.7614295,25742.7614295,25742.7614295,25742.7614295,25742.7614295,25742.7614295,25742.7614295,25742.7614295,25742.7614295,25742.7614295,25742.7614295,25742.7614295,25742.7614295,25742.7614295,25742.7614295,25742.7614295,25742.7614295,25742.7614295,25742.7614295,25742.7614295,25742.7614295,25742.7614295,25742.7614295,25742.7614295,25742.7614295,25742.7614295,25742.7614295,25742.7614295,25742.7614295,25742.7614295,25742.7614295,25742.7614295,25742.7614295,25742.7614295,25742.7614295,25742.7614295,25742.7614295,25742.7614295,25742.7614295,25742.7614295,25742.7614295,25742.7614295,25742.7614295,25742.7614295,25742.7614295,25742.7614295,25742.7614295,25742.7614295,25742.7614295,25742.7614295,25742.7614295,25742.7614295,25742.7614295,25742.7614295,25742.7614295,25742.7614295,25742.7614295,25742.7614295,25742.7614295,25742.7614295,25742.7614295,25742.7614295,25742.7614295,25742.7614295,25742.7614295,25742.7614295,25742.7614295,25742.7614295,25742.7614295,25742.7614295,25742.7614295,25742.7614295,25742.7614295,25742.7614295,25742.7614295,25742.7614295,25742.7614295,25742.7614295,25742.7614295,25742.7614295,25742.7614295,25742.7614295,25742.7614295,25742.7614295,25742.7614295,25742.7614295,25742.7614295,25742.7614295,25742.7614295,25742.7614295,25742.7614295,25742.7614295,25742.7614295,25742.7614295,25742.7614295,25742.7614295,25742.7614295,25742.7614295,25742.7614295,25742.7614295,25742.7614295,25742.7614295,25742.7614295,25742.7614295,25742.7614295,25742.7614295,25742.7614295,25742.7614295,25742.7614295,25742.7614295,25742.7614295,25742.7614295,25742.7614295,25742.7614295,25742.7614295,25742.7614295,25742.7614295,25742.7614295,25742.7614295,25742.7614295,25742.7614295,25742.7614295,25742.7614295,25742.7614295,25742.7614295,25742.7614295,25742.7614295,25742.7614295,25742.7614295,25742.7614295,25742.7614295,25742.7614295,25742.7614295,25742.7614295,25742.7614295,25742.7614295,25742.7614295,25742.7614295,25742.7614295,25742.7614295,25742.7614295,25742.7614295,25742.7614295,25742.7614295,25742.7614295,25742.7614295,25742.7614295,25742.7614295,25742.7614295,25742.7614295,25742.7614295,25742.7614295,25742.7614295,25742.7614295,25742.7614295,25742.7614295,25742.7614295,25742.7614295,25742.7614295,25742.7614295,25742.7614295,25742.7614295,25742.7614295,25742.7614295,25742.7614295,25742.7614295,25742.7614295,25742.7614295,25742.7614295,25742.7614295,25742.7614295,25742.7614295,25742.7614295,25742.7614295,25742.7614295,25742.7614295,25742.7614295,25742.7614295,25742.7614295,25742.7614295,25742.7614295,25742.7614295,25742.7614295,25742.7614295,25742.7614295,25742.7614295,25742.7614295,25742.7614295,25742.7614295,25742.7614295,25742.7614295,25742.7614295,25742.7614295,25742.7614295,25742.7614295,25742.7614295,25742.7614295,25742.7614295,25742.7614295,25742.7614295,25742.7614295,25742.7614295,25742.7614295,25742.7614295,25742.7614295,25742.7614295,25742.7614295,25742.7614295,25742.7614295,25742.7614295,25742.7614295,25742.7614295,25742.7614295,25742.7614295,25742.7614295,25742.7614295,25742.7614295,25742.7614295,25742.7614295,25742.7614295,25742.7614295,25742.7614295,25742.7614295,25742.7614295,25742.7614295,25742.7614295,25742.7614295,25742.7614295,25742.7614295,25742.7614295,25742.7614295,25742.7614295,25742.7614295,25742.7614295,25742.7614295,25742.7614295,25742.7614295,25742.7614295,25742.7614295,25742.7614295,25742.7614295,25742.7614295,25742.7614295,25742.7614295,25742.7614295,25742.7614295,25742.7614295,25742.7614295,25742.7614295,25742.7614295,25742.7614295,25742.7614295,25742.7614295,25742.7614295,25742.7614295,25742.7614295,25742.7614295,25742.7614295,25742.7614295,25742.7614295,25742.7614295,25742.7614295,25742.7614295,25742.7614295,25742.7614295,25742.7614295,25742.7614295,25742.7614295,25742.7614295,25742.7614295,25742.7614295,25742.7614295,25742.7614295,25742.7614295,25742.7614295,25742.7614295,25742.7614295,25742.7614295,25742.7614295,25742.7614295,25742.7614295,25742.7614295,25742.7614295,25742.7614295,25742.7614295,25742.7614295,25742.7614295,25742.7614295,25742.7614295,25742.7614295,25742.7614295,25742.7614295,25742.7614295,25742.7614295,25742.7614295,25742.7614295,25742.7614295,25742.7614295,25742.7614295,25742.7614295,25742.7614295,25742.7614295,25742.7614295,25742.7614295,25742.7614295,25742.7614295,25742.7614295,25742.7614295,25742.7614295,25742.7614295,25742.7614295,25742.7614295,25742.7614295,25742.7614295,25742.7614295,25742.7614295,25742.7614295,25742.7614295,25742.7614295,25742.7614295,25742.7614295,25742.7614295,25742.7614295,25742.7614295,25742.7614295,25742.7614295,25742.7614295,25742.7614295,25742.7614295,25742.7614295,25742.7614295,25742.7614295,25742.7614295,25742.7614295,25742.7614295,25742.7614295,25742.7614295,25742.7614295,25742.7614295,25742.7614295,25742.7614295,25742.7614295,25742.7614295,25742.7614295,25742.7614295,25742.7614295,25742.7614295,25742.7614295,25742.7614295,25742.7614295,25742.7614295,25742.7614295,25742.7614295,25742.7614295,25742.7614295,25742.7614295,25742.7614295,25742.7614295,25742.7614295,25742.7614295,25742.7614295,25742.7614295,25742.7614295,25742.7614295,25742.7614295,25742.7614295,25742.7614295,25742.7614295,25742.7614295,25742.7614295,25742.7614295,25742.7614295,25742.7614295,25742.7614295,25742.7614295,25742.7614295,25742.7614295,25742.7614295,25742.7614295,25742.7614295,25742.7614295,25742.7614295,25742.7614295,25742.7614295,25742.7614295,25742.7614295,25742.7614295,25742.7614295,25742.7614295,25742.7614295,25742.7614295,25742.7614295,25742.7614295,25742.7614295,25742.7614295,25742.7614295,25742.7614295,25742.7614295,25742.7614295,25742.7614295,25742.7614295,25742.7614295,25742.7614295,25742.7614295,25742.7614295,25742.7614295,25742.7614295,25742.7614295,25742.7614295,25742.7614295,25742.7614295,25742.7614295,25742.7614295,25742.7614295,25742.7614295,25742.7614295,25742.7614295,25742.7614295,25742.7614295,25742.7614295,25742.7614295,25742.7614295,25742.7614295,25742.7614295,25742.7614295,25742.7614295,25742.7614295,25742.7614295,25742.7614295,25742.7614295,25742.7614295,25742.7614295,25742.7614295,25742.7614295,25742.7614295,25742.7614295,25742.7614295,25742.7614295,25742.7614295,25742.7614295,25742.7614295,25742.7614295,25742.7614295,25742.7614295,25742.7614295,25742.7614295,25742.7614295,25742.7614295,25742.7614295,25742.7614295,25742.7614295,25742.7614295,25742.7614295,25742.7614295,25742.7614295,25742.7614295,25742.7614295,25742.7614295,25742.7614295,25742.7614295,25742.7614295,25742.7614295,25742.7614295,25742.7614295,25742.7614295,25742.7614295,25742.7614295,25742.7614295,25742.7614295,25742.7614295,25742.7614295,25742.7614295,25742.7614295,25742.7614295,25742.7614295,25742.7614295,25742.7614295,25742.7614295,25742.7614295,25742.7614295,25742.7614295,25742.7614295,25742.7614295,25742.7614295,25742.7614295,25742.7614295,25742.7614295,25742.7614295,25742.7614295,25742.7614295,25742.7614295,25742.7614295,25742.7614295,25742.7614295,25742.7614295,25742.7614295,25742.7614295,25742.7614295,25742.7614295,25742.7614295,25742.7614295,25742.7614295,25742.7614295,25742.7614295,25742.7614295,25742.7614295,25742.7614295,25742.7614295,25742.7614295,25742.7614295,25742.7614295,25742.7614295,25742.7614295,25742.7614295,25742.7614295,25742.7614295,25742.7614295,25742.7614295,25742.7614295,25742.7614295,25742.7614295,25742.7614295,25742.7614295,25742.7614295,25742.7614295,25742.7614295,25742.7614295,25742.7614295,25742.7614295,25742.7614295,25742.7614295,25742.7614295,25742.7614295,25742.7614295,25742.7614295,25742.7614295,25742.7614295,25742.7614295,25742.7614295,25742.7614295,25742.7614295,25742.7614295,25742.7614295,25742.7614295,25742.7614295,25742.7614295,25742.7614295,25742.7614295,25742.7614295,25742.7614295,25742.7614295,25742.7614295,25742.7614295,25742.7614295,25742.7614295,25742.7614295,25742.7614295,25742.7614295,25742.7614295,25742.7614295,25742.7614295,25742.7614295,25742.7614295,25742.7614295,25742.7614295,25742.7614295,25742.7614295,25742.7614295,25742.7614295,25742.7614295,25742.7614295,25742.7614295,25742.7614295,25742.7614295,25742.7614295,25742.7614295,25742.7614295,25742.7614295,25742.7614295,25742.7614295,25742.7614295,25742.7614295,25742.7614295,25742.7614295,25742.7614295,25742.7614295,25742.7614295,25742.7614295,25742.7614295,25742.7614295,25742.7614295,25742.7614295,25742.7614295,25742.7614295,25742.7614295,25742.7614295,25742.7614295,25742.7614295,25742.7614295,25742.7614295,25742.7614295,25742.7614295,25742.7614295,25742.7614295,25742.7614295,25742.7614295,25742.7614295,25742.7614295,25742.7614295,25742.7614295,25742.7614295,25742.7614295,25742.7614295,25742.7614295,25742.7614295,25742.7614295,25742.7614295,25742.7614295,25742.7614295,25742.7614295,25742.7614295,25742.7614295,25742.7614295,25742.7614295,25742.7614295,25742.7614295,25742.7614295,25742.7614295,25742.7614295,25742.7614295,25742.7614295,25742.7614295,25742.7614295,25742.7614295,25742.7614295,25742.7614295,25742.7614295,25742.7614295,25742.7614295,25742.7614295,25742.7614295,25742.7614295,25742.7614295,25742.7614295,25742.7614295,25742.7614295,25742.7614295,25742.7614295,25742.7614295,25742.7614295,25742.7614295,25742.7614295,25742.7614295,25742.7614295,25742.7614295,25742.7614295,25742.7614295,25742.7614295,25742.7614295,25742.7614295,25742.7614295,25742.7614295,25742.7614295,25742.7614295,25742.7614295,25742.7614295,25742.7614295,25742.7614295,25742.7614295,25742.7614295,25742.7614295,25742.7614295,25742.7614295,25742.7614295,25742.7614295,25742.7614295,25742.7614295,25742.7614295,25742.7614295,25742.7614295,25742.7614295,25742.7614295,25742.7614295,25742.7614295,25742.7614295,25742.7614295,25742.7614295,25742.7614295,25742.7614295,25742.7614295,25742.7614295,25742.7614295,25742.7614295,25742.7614295,25742.7614295,25742.7614295,25742.7614295,25742.7614295,25742.7614295,25742.7614295,25742.7614295,25742.7614295,25742.7614295,25742.7614295,25742.7614295,25742.7614295,25742.7614295,25742.7614295,25742.7614295,25742.7614295,25742.7614295,25742.7614295,25742.7614295,25742.7614295,25742.7614295,25742.7614295,25742.7614295,25742.7614295,25742.7614295,25742.7614295,25742.7614295,25742.7614295,25742.7614295,25742.7614295,25742.7614295,25742.7614295,25742.7614295,25742.7614295,25742.7614295,25742.7614295,25742.7614295,25742.7614295,25742.7614295,25742.7614295,25742.7614295,25742.7614295,25742.7614295,25742.7614295,25742.7614295,25742.7614295,25742.7614295,25742.7614295,25742.7614295,25742.7614295,25742.7614295,25742.7614295,25742.7614295,25742.7614295,25742.7614295,25742.7614295,25742.7614295,25742.7614295,25742.7614295,25742.7614295,25742.7614295,25742.7614295,25742.7614295,25742.7614295,25742.7614295,25742.7614295,25742.7614295,25742.7614295,25742.7614295,25742.7614295,25742.7614295,25742.7614295,25742.7614295,25742.7614295,25742.7614295,25742.7614295,25742.7614295,25742.7614295,25742.7614295,25742.7614295,25742.7614295,25742.7614295,25742.7614295,25742.7614295,25742.7614295,25742.7614295,25742.7614295,25742.7614295,25742.7614295,25742.7614295,25742.7614295,25742.7614295,25742.7614295,25742.7614295,25742.7614295,25742.7614295,25742.7614295,25742.7614295,25742.7614295,25742.7614295,25742.7614295,25742.7614295,25742.7614295,25742.7614295,25742.7614295,25742.7614295,25742.7614295,25742.7614295,25742.7614295,25742.7614295,25742.7614295,25742.7614295,25742.7614295,25742.7614295,25742.7614295,25742.7614295,25742.7614295,25742.7614295,25742.7614295,25742.7614295,25742.7614295,25742.7614295,25742.7614295,25742.7614295,25742.7614295,25742.7614295,25742.7614295,25742.7614295,25742.7614295,25742.7614295,25742.7614295,25742.7614295,25742.7614295,25742.7614295,25742.7614295,25742.7614295,25742.7614295,25742.7614295,25742.7614295,25742.7614295,25742.7614295,25742.7614295,25742.7614295,25742.7614295,25742.7614295,25742.7614295,25742.7614295,25742.7614295,25742.7614295,25742.7614295,25742.7614295,25742.7614295,25742.7614295,25742.7614295,25742.7614295,25742.7614295,25742.7614295,25742.7614295,25742.7614295,25742.7614295,25742.7614295,25742.7614295,25742.7614295,25742.7614295,25742.7614295,25742.7614295,25742.7614295,25742.7614295,25742.7614295,25742.7614295,25742.7614295,25742.7614295,25742.7614295,25742.7614295,25742.7614295,25742.7614295,25742.7614295,25742.7614295,25742.7614295,25742.7614295,25742.7614295,25742.7614295,25742.7614295,25742.7614295,25742.7614295,25742.7614295,25742.7614295,25742.7614295,25742.7614295,25742.7614295,25742.7614295,25742.7614295,25742.7614295,25742.7614295,25742.7614295,25742.7614295,25742.7614295,25742.7614295,25742.7614295,25742.7614295,25742.7614295,25742.7614295,25742.7614295,25742.7614295,25742.7614295,25742.7614295,25742.7614295,25742.7614295,25742.7614295,25742.7614295,25742.7614295,25742.7614295,25742.7614295,25742.7614295,25742.7614295,25742.7614295,25742.7614295,25742.7614295,25742.7614295,25742.7614295,25742.7614295,25742.7614295,25742.7614295,25742.7614295,25742.7614295,25742.7614295,25742.7614295,25742.7614295,25742.7614295,25742.7614295,25742.7614295,25742.7614295,25742.7614295,25742.7614295,25742.7614295,25742.7614295,25742.7614295,25742.7614295,25742.7614295,25742.7614295,25742.7614295,25742.7614295,25742.7614295,25742.7614295,25742.7614295,25742.7614295,25742.7614295,25742.7614295,25742.7614295,25742.7614295,25742.7614295,25742.7614295,25742.7614295,25742.7614295,25742.7614295,25742.7614295,25742.7614295,25742.7614295,25742.7614295,25742.7614295,25742.7614295,25742.7614295,25742.7614295,25742.7614295,25742.7614295,25742.7614295,25742.7614295,25742.7614295,25742.7614295,25742.7614295,25742.7614295,25742.7614295,25742.7614295,25742.7614295,25742.7614295,25742.7614295,25742.7614295,25742.7614295,25742.7614295,25742.7614295,25742.7614295,25742.7614295,25742.7614295,25742.7614295,25742.7614295,25742.7614295,25742.7614295,25742.7614295,25742.7614295,25742.7614295,25742.7614295,25742.7614295,25742.7614295,25742.7614295,25742.7614295,25742.7614295,25742.7614295,25742.7614295,25742.7614295,25742.7614295,25742.7614295,25742.7614295,25742.7614295,25742.7614295,25742.7614295,25742.7614295,25742.7614295,25742.7614295,25742.7614295,25742.7614295,25742.7614295,25742.7614295,25742.7614295,25742.7614295,25742.7614295,25742.7614295,25742.7614295,25742.7614295,25742.7614295,25742.7614295,25742.7614295,25742.7614295,25742.7614295,25742.7614295,25742.7614295,25742.7614295,25742.7614295,25742.7614295,25742.7614295,25742.7614295,25742.7614295,25742.7614295,25742.7614295,25742.7614295,25742.7614295,25742.7614295,25742.7614295,25742.7614295,25742.7614295,25742.7614295,25742.7614295,25742.7614295,25742.7614295,25742.7614295,25742.7614295,25742.7614295,25742.7614295,25742.7614295,25742.7614295,25742.7614295,25742.7614295,25742.7614295,25742.7614295,25742.7614295,25742.7614295,25742.7614295,25742.7614295,25742.7614295,25742.7614295,25742.7614295,25742.7614295,25742.7614295,25742.7614295,25742.7614295,25742.7614295,25742.7614295,25742.7614295,25742.7614295,25742.7614295,25742.7614295,25742.7614295,25742.7614295,25742.7614295,25742.7614295,25742.7614295,25742.7614295,25742.7614295,25742.7614295,25742.7614295,25742.7614295,25742.7614295,25742.7614295,25742.7614295,25742.7614295,25742.7614295,25742.7614295,25742.7614295,25742.7614295,25742.7614295,25742.7614295,25742.7614295,25742.7614295,25742.7614295,25742.7614295,25742.7614295,25742.7614295,25742.7614295,25742.7614295,25742.7614295,25742.7614295,25742.7614295,25742.7614295,25742.7614295,25742.7614295,25742.7614295,25742.7614295,25742.7614295,25742.7614295,25742.7614295,25742.7614295,25742.7614295,25742.7614295,25742.7614295,25742.7614295,25742.7614295,25742.7614295,25742.7614295,25742.7614295,25742.7614295,25742.7614295,25742.7614295,25742.7614295,25742.7614295,25742.7614295,25742.7614295,25742.7614295,25742.7614295,25742.7614295,25742.7614295,25742.7614295,25742.7614295,25742.7614295,25742.7614295,25742.7614295,25742.7614295,25742.7614295,25742.7614295,25742.7614295,25742.7614295,25742.7614295,25742.7614295,25742.7614295,25742.7614295,25742.7614295,25742.7614295,25742.7614295,25742.7614295,25742.7614295,25742.7614295,25742.7614295,25742.7614295,25742.7614295,25742.7614295,25742.7614295,25742.7614295,25742.7614295,25742.7614295,25742.7614295,25742.7614295,25742.7614295,25742.7614295,25742.7614295,25742.7614295,25742.7614295,25742.7614295,25742.7614295,25742.7614295,25742.7614295,25742.7614295,25742.7614295,25742.7614295,25742.7614295,25742.7614295,25742.7614295,25742.7614295,25742.7614295,25742.7614295,25742.7614295,25742.7614295,25742.7614295,25742.7614295,25742.7614295,25742.7614295,25742.7614295,25742.7614295,25742.7614295,25742.7614295,25742.7614295,25742.7614295,25742.7614295,25742.7614295,25742.7614295,25742.7614295,25742.7614295,25742.7614295,25742.7614295,25742.7614295,25742.7614295,25742.7614295,25742.7614295,25742.7614295,25742.7614295,25742.7614295,25742.7614295,25742.7614295,25742.7614295,25742.7614295,25742.7614295,25742.7614295,25742.7614295,25742.7614295,25742.7614295,25742.7614295,25742.7614295,25742.7614295,25742.7614295,25742.7614295,25742.7614295,25742.7614295,25742.7614295,25742.7614295,25742.7614295,25742.7614295,25742.7614295,25742.7614295,25742.7614295,25742.7614295,25742.7614295,25742.7614295,25742.7614295,25742.7614295,25742.7614295,25742.7614295,25742.7614295,25742.7614295,25742.7614295,25742.7614295,25742.7614295,25742.7614295,25742.7614295,25742.7614295,25742.7614295,25742.7614295,25742.7614295,25742.7614295,25742.7614295,25742.7614295,25742.7614295,25742.7614295,25742.7614295,25742.7614295,25742.7614295,25742.7614295,25742.7614295,25742.7614295,25742.7614295,25742.7614295,25742.7614295,25742.7614295,25742.7614295,25742.7614295,25742.7614295,25742.7614295,25742.7614295,25742.7614295,25742.7614295,25742.7614295,25742.7614295,25742.7614295,25742.7614295,25742.7614295,25742.7614295,25742.7614295,25742.7614295,25742.7614295,25742.7614295,25742.7614295,25742.7614295,25742.7614295,25742.7614295,25742.7614295,25742.7614295,25742.7614295,25742.7614295,25742.7614295,25742.7614295,25742.7614295,25742.7614295,25742.7614295,25742.7614295,25742.7614295,25742.7614295,25742.7614295,25742.7614295,25742.7614295,25742.7614295,25742.7614295,25742.7614295,25742.7614295,25742.7614295,25742.7614295,25742.7614295,25742.7614295,25742.7614295,25742.7614295,25742.7614295,25742.7614295,25742.7614295,25742.7614295,25742.7614295,25742.7614295,25742.7614295,25742.7614295,25742.7614295,25742.7614295,25742.7614295,25742.7614295,25742.7614295,25742.7614295,25742.7614295,25742.7614295,25742.7614295,25742.7614295,25742.7614295,25742.7614295,25742.7614295,25742.7614295,25742.7614295,25742.7614295,25742.7614295,25742.7614295,25742.7614295,25742.7614295,25742.7614295,25742.7614295,25742.7614295,25742.7614295,25742.7614295,25742.7614295,25742.7614295,25742.7614295,25742.7614295,25742.7614295,25742.7614295,25742.7614295,25742.7614295,25742.7614295,25742.7614295,25742.7614295,25742.7614295,25742.7614295,25742.7614295,25742.7614295,25742.7614295,25742.7614295,25742.7614295,25742.7614295,25742.7614295,25742.7614295,25742.7614295,25742.7614295,25742.7614295,25742.7614295,25742.7614295,25742.7614295,25742.7614295,25742.7614295,25742.7614295,25742.7614295,25742.7614295,25742.7614295,25742.7614295,25742.7614295,25742.7614295,25742.7614295,25742.7614295,25742.7614295,25742.7614295,25742.7614295,25742.7614295,25742.7614295,25742.7614295,25742.7614295,25742.7614295,25742.7614295,25742.7614295,25742.7614295,25742.7614295,25742.7614295,25742.7614295,25742.7614295,25742.7614295,25742.7614295,25742.7614295,25742.7614295,25742.7614295,25742.7614295,25742.7614295,25742.7614295,25742.7614295,25742.7614295,25742.7614295,25742.7614295,25742.7614295,25742.7614295,25742.7614295,25742.7614295,25742.7614295,25742.7614295,25742.7614295,25742.7614295,25742.7614295,25742.7614295,25742.7614295,25742.7614295,25742.7614295,25742.7614295,25742.7614295,25742.7614295,25742.7614295,25742.7614295,25742.7614295,25742.7614295,25742.7614295,25742.7614295,25742.7614295,25742.7614295,25742.7614295,25742.7614295,25742.7614295,25742.7614295,25742.7614295,25742.7614295,25742.7614295,25742.7614295,25742.7614295,25742.7614295,25742.7614295,25742.7614295,25742.7614295,25742.7614295,25742.7614295,25742.7614295,25742.7614295,25742.7614295,25742.7614295,25742.7614295,25742.7614295,25742.7614295,25742.7614295,25742.7614295,25742.7614295,25742.7614295,25742.7614295,25742.7614295,25742.7614295,25742.7614295,25742.7614295,25742.7614295,25742.7614295,25742.7614295,25742.7614295,25742.7614295,25742.7614295,25742.7614295,25742.7614295,25742.7614295,25742.7614295,25742.7614295,25742.7614295,25742.7614295,25742.7614295,25742.7614295,25742.7614295,25742.7614295,25742.7614295,25742.7614295,25742.7614295,25742.7614295,25742.7614295,25742.7614295,25742.7614295,25742.7614295,25742.7614295,25742.7614295,25742.7614295,25742.7614295,25742.7614295,25742.7614295,25742.7614295,25742.7614295,25742.7614295,25742.7614295,25742.7614295,25742.7614295,25742.7614295,25742.7614295,25742.7614295,25742.7614295,25742.7614295,25742.7614295,25742.7614295,25742.7614295,25742.7614295,25742.7614295,25742.7614295,25742.7614295,25742.7614295,25742.7614295,25742.7614295,25742.7614295,25742.7614295,25742.7614295,25742.7614295,25742.7614295,25742.7614295,25742.7614295,25742.7614295,25742.7614295,25742.7614295,25742.7614295,25742.7614295,25742.7614295,25742.7614295,25742.7614295,25742.7614295,25742.7614295,25742.7614295,25742.7614295,25742.7614295,25742.7614295,25742.7614295,25742.7614295,25742.7614295,25742.7614295,25742.7614295,25742.7614295,25742.7614295,25742.7614295,25742.7614295,25742.7614295,25742.7614295,25742.7614295,25742.7614295,25742.7614295,25742.7614295,25742.7614295,25742.7614295,25742.7614295,25742.7614295,25742.7614295,25742.7614295,25742.7614295,25742.7614295,25742.7614295,25742.7614295,25742.7614295,25742.7614295,25742.7614295,25742.7614295,25742.7614295,25742.7614295,25742.7614295,25742.7614295,25742.7614295,25742.7614295,25742.7614295,25742.7614295,25742.7614295,25742.7614295,25742.7614295,25742.7614295,25742.7614295,25742.7614295,25742.7614295,25742.7614295,25742.7614295,25742.7614295,25742.7614295,25742.7614295,25742.7614295,25742.7614295,25742.7614295,25742.7614295,25742.7614295,25742.7614295,25742.7614295,25742.7614295,25742.7614295,25742.7614295,25742.7614295,25742.7614295,25742.7614295,25742.7614295,25742.7614295,25742.7614295,25742.7614295,25742.7614295,25742.7614295,25742.7614295,25742.7614295,25742.7614295,25742.7614295,25742.7614295,25742.7614295,25742.7614295,25742.7614295,25742.7614295,25742.7614295,25742.7614295,25742.7614295,25742.7614295,25742.7614295,25742.7614295,25742.7614295,25742.7614295,25742.7614295,25742.7614295,25742.7614295,25742.7614295,25742.7614295,25742.7614295,25742.7614295,25742.7614295,25742.7614295,25742.7614295,25742.7614295,25742.7614295,25742.7614295,25742.7614295,25742.7614295,25742.7614295,25742.7614295,25742.7614295,25742.7614295,25742.7614295,25742.7614295,25742.7614295,25742.7614295,25742.7614295,25742.7614295,25742.7614295,25742.7614295,25742.7614295,25742.7614295,25742.7614295,25742.7614295,25742.7614295,25742.7614295,25742.7614295,25742.7614295,25742.7614295,25742.7614295,25742.7614295,25742.7614295,25742.7614295,25742.7614295,25742.7614295,25742.7614295,25742.7614295,25742.7614295,25742.7614295,25742.7614295,25742.7614295,25742.7614295,25742.7614295,25742.7614295,25742.7614295,25742.7614295,25742.7614295,25742.7614295,25742.7614295,25742.7614295,25742.7614295,25742.7614295,25742.7614295,25742.7614295,25742.7614295,25742.7614295,25742.7614295,25742.7614295,25742.7614295,25742.7614295,25742.7614295,25742.7614295,25742.7614295,25742.7614295,25742.7614295,25742.7614295,25742.7614295,25742.7614295,25742.7614295,25742.7614295,25742.7614295,25742.7614295,25742.7614295,25742.7614295,25742.7614295,25742.7614295,25742.7614295,25742.7614295,25742.7614295,25742.7614295,25742.7614295,25742.7614295,25742.7614295,25742.7614295,25742.7614295,25742.7614295,25742.7614295,25742.7614295,25742.7614295,25742.7614295,25742.7614295,25742.7614295,25742.7614295,25742.7614295,25742.7614295,25742.7614295,25742.7614295,25742.7614295,25742.7614295,25742.7614295,25742.7614295,25742.7614295,25742.7614295,25742.7614295,25742.7614295,25742.7614295,25742.7614295,25742.7614295,25742.7614295,25742.7614295,25742.7614295,25742.7614295,25742.7614295,25742.7614295,25742.7614295,25742.7614295,25742.7614295,25742.7614295,25742.7614295,25742.7614295,25742.7614295,25742.7614295,25742.7614295,25742.7614295,25742.7614295,25742.7614295,25742.7614295,25742.7614295,25742.7614295,25742.7614295,25742.7614295,25742.7614295,25742.7614295,25742.7614295,25742.7614295,25742.7614295,25742.7614295,25742.7614295,25742.7614295,25742.7614295,25742.7614295,25742.7614295,25742.7614295,25742.7614295,25742.7614295,25742.7614295,25742.7614295,25742.7614295,25742.7614295,25742.7614295,25742.7614295,25742.7614295,25742.7614295,25742.7614295,25742.7614295,25742.7614295,25742.7614295,25742.7614295,25742.7614295,25742.7614295,25742.7614295,25742.7614295,25742.7614295,25742.7614295,25742.7614295,25742.7614295,25742.7614295,25742.7614295,25742.7614295,25742.7614295,25742.7614295,25742.7614295,25742.7614295,25742.7614295,25742.7614295,25742.7614295,25742.7614295,25742.7614295,25742.7614295,25742.7614295,25742.7614295,25742.7614295,25742.7614295,25742.7614295,25742.7614295,25742.7614295,25742.7614295,25742.7614295,25742.7614295,25742.7614295,25742.7614295,25742.7614295,25742.7614295,25742.7614295,25742.7614295,25742.7614295,25742.7614295,25742.7614295,25742.7614295,25742.7614295,25742.7614295,25742.7614295,25742.7614295,25742.7614295,25742.7614295,25742.7614295,25742.7614295,25742.7614295,25742.7614295,25742.7614295,25742.7614295,25742.7614295,25742.7614295,25742.7614295,25742.7614295,25742.7614295,25742.7614295,25742.7614295,25742.7614295,25742.7614295,25742.7614295,25742.7614295,25742.7614295,25742.7614295,25742.7614295,25742.7614295,25742.7614295,25742.7614295,25742.7614295,25742.7614295,25742.7614295,25742.7614295,25742.7614295,25742.7614295,25742.7614295,25742.7614295,25742.7614295,25742.7614295,25742.7614295,25742.7614295,25742.7614295,25742.7614295,25742.7614295,25742.7614295,25742.7614295,25742.7614295,25742.7614295,25742.7614295,25742.7614295,25742.7614295,25742.7614295,25742.7614295,25742.7614295,25742.7614295,25742.7614295,25742.7614295,25742.7614295,25742.7614295,25742.7614295,25742.7614295,25742.7614295,25742.7614295,25742.7614295,25742.7614295,25742.7614295,25742.7614295,25742.7614295,25742.7614295,25742.7614295,25742.7614295,25742.7614295,25742.7614295,25742.7614295,25742.7614295,25742.7614295,25742.7614295,25742.7614295,25742.7614295,25742.7614295,25742.7614295,25742.7614295,25742.7614295,25742.7614295,25742.7614295,25742.7614295,25742.7614295,25742.7614295,25742.7614295,25742.7614295,25742.7614295,25742.7614295,25742.7614295,25742.7614295,25742.7614295,25742.7614295,25742.7614295,25742.7614295,25742.7614295,25742.7614295,25742.7614295,25742.7614295,25742.7614295,25742.7614295,25742.7614295,25742.7614295,25742.7614295,25742.7614295,25742.7614295,25742.7614295,25742.7614295,25742.7614295,25742.7614295,25742.7614295,25742.7614295,25742.7614295,25742.7614295,25742.7614295,25742.7614295,25742.7614295,25742.7614295,25742.7614295,25742.7614295,25742.7614295,25742.7614295,25742.7614295,25742.7614295,25742.7614295,25742.7614295,25742.7614295,25742.7614295,25742.7614295,25742.7614295,25742.7614295,25742.7614295,25742.7614295,25742.7614295,25742.7614295,25742.7614295,25742.7614295,25742.7614295,25742.7614295,25742.7614295,25742.7614295,25742.7614295,25742.7614295,25742.7614295,25742.7614295,25742.7614295,25742.7614295,25742.7614295,25742.7614295,25742.7614295,25742.7614295,25742.7614295,25742.7614295,25742.7614295,25742.7614295,25742.7614295,25742.7614295,25742.7614295,25742.7614295,25742.7614295,25742.7614295,25742.7614295,25742.7614295,25742.7614295,25742.7614295,25742.7614295,25742.7614295,25742.7614295,25742.7614295,25742.7614295,25742.7614295,25742.7614295,25742.7614295,25742.7614295,25742.7614295,25742.7614295,25742.7614295,25742.7614295,25742.7614295,25742.7614295,25742.7614295,25742.7614295,25742.7614295,25742.7614295,25742.7614295,25742.7614295,25742.7614295,25742.7614295,25742.7614295,25742.7614295,25742.7614295,25742.7614295,25742.7614295,25742.7614295,25742.7614295,25742.7614295,25742.7614295,25742.7614295,25742.7614295,25742.7614295,25742.7614295,25742.7614295,25742.7614295,25742.7614295,25742.7614295,25742.7614295,25742.7614295,25742.7614295,25742.7614295,25742.7614295,25742.7614295,25742.7614295,25742.7614295,25742.7614295,25742.7614295,25742.7614295,25742.7614295,25742.7614295,25742.7614295,25742.7614295,25742.7614295,25742.7614295,25742.7614295,25742.7614295,25742.7614295,25742.7614295,25742.7614295,25742.7614295,25742.7614295,25742.7614295,25742.7614295,25742.7614295,25742.7614295,25742.7614295,25742.7614295,25742.7614295,25742.7614295,25742.7614295,25742.7614295,25742.7614295,25742.7614295,25742.7614295,25742.7614295,25742.7614295,25742.7614295,25742.7614295,25742.7614295,25742.7614295,25742.7614295,25742.7614295,25742.7614295,25742.7614295,25742.7614295,25742.7614295,25742.7614295,25742.7614295,25742.7614295,25742.7614295,25742.7614295,25742.7614295,25742.7614295,25742.7614295,25742.7614295,25742.7614295,25742.7614295,25742.7614295,25742.7614295,25742.7614295,25742.7614295,25742.7614295,25742.7614295,25742.7614295,25742.7614295,25742.7614295,25742.7614295,25742.7614295,25742.7614295,25742.7614295,25742.7614295,25742.7614295,25742.7614295,25742.7614295,25742.7614295,25742.7614295,25742.7614295,25742.7614295,25742.7614295,25742.7614295,25742.7614295,25742.7614295,25742.7614295,25742.7614295,25742.7614295,25742.7614295,25742.7614295,25742.7614295,25742.7614295,25742.7614295,25742.7614295,25742.7614295,25742.7614295,25742.7614295,25742.7614295,25742.7614295,25742.7614295,25742.7614295,25742.7614295,25742.7614295,25742.7614295,25742.7614295,25742.7614295,25742.7614295,25742.7614295,25742.7614295,25742.7614295,25742.7614295,25742.7614295,25742.7614295,25742.7614295,25742.7614295,25742.7614295,25742.7614295,25742.7614295,25742.7614295,25742.7614295,25742.7614295,25742.7614295,25742.7614295,25742.7614295,25742.7614295,25742.7614295,25742.7614295,25742.7614295,25742.7614295,25742.7614295,25742.7614295,25742.7614295,25742.7614295,25742.7614295,25742.7614295,25742.7614295,25742.7614295,25742.7614295,25742.7614295,25742.7614295,25742.7614295,25742.7614295,25742.7614295,25742.7614295,25742.7614295,25742.7614295,25742.7614295,25742.7614295,25742.7614295,25742.7614295,25742.7614295,25742.7614295,25742.7614295,25742.7614295,25742.7614295,25742.7614295,25742.7614295,25742.7614295,25742.7614295,25742.7614295,25742.7614295,25742.7614295,25742.7614295,25742.7614295,25742.7614295,25742.7614295,25742.7614295,25742.7614295,25742.7614295,25742.7614295,25742.7614295,25742.7614295,25742.7614295,25742.7614295,25742.7614295,25742.7614295,25742.7614295,25742.7614295,25742.7614295,25742.7614295,25742.7614295,25742.7614295,25742.7614295,25742.7614295,25742.7614295,25742.7614295,25742.7614295,25742.7614295,25742.7614295,25742.7614295,25742.7614295,25742.7614295,25742.7614295,25742.7614295,25742.7614295,25742.7614295,25742.7614295,25742.7614295,25742.7614295,25742.7614295,25742.7614295,25742.7614295,25742.7614295,25742.7614295,25742.7614295,25742.7614295,25742.7614295,25742.7614295,25742.7614295,25742.7614295,25742.7614295,25742.7614295,25742.7614295,25742.7614295,25742.7614295,25742.7614295,25742.7614295,25742.7614295,25742.7614295,25742.7614295,25742.7614295,25742.7614295,25742.7614295,25742.7614295,25742.7614295,25742.7614295,25742.7614295,25742.7614295,25742.7614295,25742.7614295,25742.7614295,25742.7614295,25742.7614295,25742.7614295,25742.7614295,25742.7614295,25742.7614295,25742.7614295,25742.7614295,25742.7614295,25742.7614295,25742.7614295,25742.7614295,25742.7614295,25742.7614295,25742.7614295,25742.7614295,25742.7614295,25742.7614295,25742.7614295,25742.7614295,25742.7614295,25742.7614295,25742.7614295,25742.7614295,25742.7614295,25742.7614295,25742.7614295,25742.7614295,25742.7614295,25742.7614295,25742.7614295,25742.7614295,25742.7614295,25742.7614295,25742.7614295,25742.7614295,25742.7614295,25742.7614295,25742.7614295,25742.7614295,25742.7614295,25742.7614295,25742.7614295,25742.7614295,25742.7614295,25742.7614295,25742.7614295,25742.7614295,25742.7614295,25742.7614295,25742.7614295,25742.7614295,25742.7614295,25742.7614295,25742.7614295,25742.7614295,25742.7614295,25742.7614295,25742.7614295,25742.7614295,25742.7614295,25742.7614295,25742.7614295,25742.7614295,25742.7614295,25742.7614295,25742.7614295,25742.7614295,25742.7614295,25742.7614295,25742.7614295,25742.7614295,25742.7614295,25742.7614295,25742.7614295,25742.7614295,25742.7614295,25742.7614295,25742.7614295,25742.7614295,25742.7614295,25742.7614295,25742.7614295,25742.7614295,25742.7614295,25742.7614295,25742.7614295,25742.7614295,25742.7614295,25742.7614295,25742.7614295,25742.7614295,25742.7614295,25742.7614295,25742.7614295,25742.7614295,25742.7614295,25742.7614295,25742.7614295,25742.7614295,25742.7614295,25742.7614295,25742.7614295,25742.7614295,25742.7614295,25742.7614295,25742.7614295,25742.7614295,25742.7614295,25742.7614295,25742.7614295,25742.7614295,25742.7614295,25742.7614295,25742.7614295,25742.7614295,25742.7614295,25742.7614295,25742.7614295,25742.7614295,25742.7614295,25742.7614295,25742.7614295,25742.7614295,25742.7614295,25742.7614295,25742.7614295,25742.7614295,25742.7614295,25742.7614295,25742.7614295,25742.7614295,25742.7614295,25742.7614295,25742.7614295,25742.7614295,25742.7614295,25742.7614295,25742.7614295,25742.7614295,25742.7614295,25742.7614295,25742.7614295,25742.7614295,25742.7614295,25742.7614295,25742.7614295,25742.7614295,25742.7614295,25742.7614295,25742.7614295,25742.7614295,25742.7614295,25742.7614295,25742.7614295,25742.7614295,25742.7614295,25742.7614295,25742.7614295,25742.7614295,25742.7614295,25742.7614295,25742.7614295,25742.7614295,25742.7614295,25742.7614295,25742.7614295,25742.7614295,25742.7614295,25742.7614295,25742.7614295,25742.7614295,25742.7614295,25742.7614295,25742.7614295,25742.7614295,25742.7614295,25742.7614295,25742.7614295,25742.7614295,25742.7614295,25742.7614295,25742.7614295,25742.7614295,25742.7614295,25742.7614295,25742.7614295,25742.7614295,25742.7614295,25742.7614295,25742.7614295,25742.7614295,25742.7614295,25742.7614295,25742.7614295,25742.7614295,25742.7614295,25742.7614295,25742.7614295,25742.7614295,25742.7614295,25742.7614295,25742.7614295,25742.7614295,25742.7614295,25742.7614295,25742.7614295,25742.7614295,25742.7614295,25742.7614295,25742.7614295,25742.7614295,25742.7614295,25742.7614295,25742.7614295,25742.7614295,25742.7614295,25742.7614295,25742.7614295,25742.7614295,25742.7614295,25742.7614295,25742.7614295,25742.7614295,25742.7614295,25742.7614295,25742.7614295,25742.7614295,25742.7614295,25742.7614295,25742.7614295,25742.7614295,25742.7614295,25742.7614295,25742.7614295,25742.7614295,25742.7614295,25742.7614295,25742.7614295,25742.7614295,25742.7614295,25742.7614295,25742.7614295,25742.7614295,25742.7614295,25742.7614295,25742.7614295,25742.7614295,25742.7614295,25742.7614295,25742.7614295,25742.7614295,25742.7614295,25742.7614295,25742.7614295,25742.7614295,25742.7614295,25742.7614295,25742.7614295,25742.7614295,25742.7614295,25742.7614295,25742.7614295,25742.7614295,25742.7614295,25742.7614295,25742.7614295,25742.7614295,25742.7614295,25742.7614295,25742.7614295,25742.7614295,25742.7614295,25742.7614295,25742.7614295,25742.7614295,25742.7614295,25742.7614295,25742.7614295,25742.7614295,25742.7614295,25742.7614295,25742.7614295,25742.7614295,25742.7614295,25742.7614295,25742.7614295,25742.7614295,25742.7614295,25742.7614295,25742.7614295,25742.7614295,25742.7614295,25742.7614295,25742.7614295,25742.7614295,25742.7614295,25742.7614295,25742.7614295,25742.7614295,25742.7614295,25742.7614295,25742.7614295,25742.7614295,25742.7614295,25742.7614295,25742.7614295,25742.7614295,25742.7614295,25742.7614295,25742.7614295,25742.7614295,25742.7614295,25742.7614295,25742.7614295,25742.7614295,25742.7614295,25742.7614295,25742.7614295,25742.7614295,25742.7614295,25742.7614295,25742.7614295,25742.7614295,25742.7614295,25742.7614295,25742.7614295,25742.7614295,25742.7614295,25742.7614295,25742.7614295,25742.7614295,25742.7614295,25742.7614295,25742.7614295,25742.7614295,25742.7614295,25742.7614295,25742.7614295,25742.7614295,25742.7614295,25742.7614295,25742.7614295,25742.7614295,25742.7614295,25742.7614295,25742.7614295,25742.7614295,25742.7614295,25742.7614295,25742.7614295,25742.7614295,25742.7614295,25742.7614295,25742.7614295,25742.7614295,25742.7614295,25742.7614295,25742.7614295,25742.7614295,25742.7614295,25742.7614295,25742.7614295,25742.7614295,25742.7614295,25742.7614295,25742.7614295,25742.7614295,25742.7614295,25742.7614295,25742.7614295,25742.7614295,25742.7614295,25742.7614295,25742.7614295,25742.7614295,25742.7614295,25742.7614295,25742.7614295,25742.7614295,25742.7614295,25742.7614295,25742.7614295,25742.7614295,25742.7614295,25742.7614295,25742.7614295,25742.7614295,25742.7614295,25742.7614295,25742.7614295,25742.7614295,25742.7614295,25742.7614295,25742.7614295,25742.7614295,25742.7614295,25742.7614295,25742.7614295,25742.7614295,25742.7614295,25742.7614295,25742.7614295,25742.7614295,25742.7614295,25742.7614295,25742.7614295,25742.7614295,25742.7614295,25742.7614295,25742.7614295,25742.7614295,25742.7614295,25742.7614295,25742.7614295,25742.7614295,25742.7614295,25742.7614295,25742.7614295,25742.7614295,25742.7614295,25742.7614295,25742.7614295,25742.7614295,25742.7614295,25742.7614295,25742.7614295,25742.7614295,25742.7614295,25742.7614295,25742.7614295,25742.7614295,25742.7614295,25742.7614295,25742.7614295,25742.7614295,25742.7614295,25742.7614295,25742.7614295,25742.7614295,25742.7614295,25742.7614295,25742.7614295,25742.7614295,25742.7614295,25742.7614295,25742.7614295,25742.7614295,25742.7614295,25742.7614295,25742.7614295,25742.7614295,25742.7614295,25742.7614295,25742.7614295,25742.7614295,25742.7614295,25742.7614295,25742.7614295,25742.7614295,25742.7614295,25742.7614295,25742.7614295,25742.7614295,25742.7614295,25742.7614295,25742.7614295,25742.7614295,25742.7614295,25742.7614295,25742.7614295,25742.7614295,25742.7614295,25742.7614295,25742.7614295,25742.7614295,25742.7614295,25742.7614295,25742.7614295,25742.7614295,25742.7614295,25742.7614295,25742.7614295,25742.7614295,25742.7614295,25742.7614295,25742.7614295,25742.7614295,25742.7614295,25742.7614295,25742.7614295,25742.7614295,25742.7614295,25742.7614295,25742.7614295,25742.7614295,25742.7614295,25742.7614295,25742.7614295,25742.7614295,25742.7614295,25742.7614295,25742.7614295,25742.7614295,25742.7614295,25742.7614295,25742.7614295,25742.7614295,25742.7614295,25742.7614295,25742.7614295,25742.7614295,25742.7614295,25742.7614295,25742.7614295,25742.7614295,25742.7614295,25742.7614295,25742.7614295,25742.7614295,25742.7614295,25742.7614295,25742.7614295,25742.7614295,25742.7614295,25742.7614295,25742.7614295,25742.7614295,25742.7614295,25742.7614295,25742.7614295,25742.7614295,25742.7614295,25742.7614295,25742.7614295,25742.7614295,25742.7614295,25742.7614295,25742.7614295,25742.7614295,25742.7614295,25742.7614295,25742.7614295,25742.7614295,25742.7614295,25742.7614295,25742.7614295,25742.7614295,25742.7614295,25742.7614295,25742.7614295,25742.7614295,25742.7614295,25742.7614295,25742.7614295,25742.7614295,25742.7614295,25742.7614295,25742.7614295,25742.7614295,25742.7614295,25742.7614295,25742.7614295,25742.7614295,25742.7614295,25742.7614295,25742.7614295,25742.7614295,25742.7614295,25742.7614295,25742.7614295,25742.7614295,25742.7614295,25742.7614295,25742.7614295,25742.7614295,25742.7614295,25742.7614295,25742.7614295,25742.7614295,25742.7614295,25742.7614295,25742.7614295,25742.7614295,25742.7614295,25742.7614295,25742.7614295,25742.7614295,25742.7614295,25742.7614295,25742.7614295,25742.7614295,25742.7614295,25742.7614295,25742.7614295,25742.7614295,25742.7614295,25742.7614295,25742.7614295,25742.7614295,25742.7614295,25742.7614295,25742.7614295,25742.7614295,25742.7614295,25742.7614295,25742.7614295,25742.7614295,25742.7614295,25742.7614295,25742.7614295,25742.7614295,25742.7614295,25742.7614295,25742.7614295,25742.7614295,25742.7614295,25742.7614295,25742.7614295,25742.7614295,25742.7614295,25742.7614295,25742.7614295,25742.7614295,25742.7614295,25742.7614295,25742.7614295,25742.7614295,25742.7614295,25742.7614295,25742.7614295,25742.7614295,25742.7614295,25742.7614295,25742.7614295,25742.7614295,25742.7614295,25742.7614295,25742.7614295,25742.7614295,25742.7614295,25742.7614295,25742.7614295,25742.7614295,25742.7614295,25742.7614295,25742.7614295,25742.7614295,25742.7614295,25742.7614295,25742.7614295,25742.7614295,25742.7614295,25742.7614295,25742.7614295,25742.7614295,25742.7614295,25742.7614295,25742.7614295,25742.7614295,25742.7614295,25742.7614295,25742.7614295,25742.7614295,25742.7614295,25742.7614295,25742.7614295,25742.7614295,25742.7614295,25742.7614295,25742.7614295,25742.7614295,25742.7614295,25742.7614295,25742.7614295,25742.7614295,25742.7614295,25742.7614295,25742.7614295,25742.7614295,25742.7614295,25742.7614295,25742.7614295,25742.7614295,25742.7614295,25742.7614295,25742.7614295,25742.7614295,25742.7614295,25742.7614295,25742.7614295,25742.7614295,25742.7614295,25742.7614295,25742.7614295,25742.7614295,25742.7614295,25742.7614295,25742.7614295,25742.7614295,25742.7614295,25742.7614295,25742.7614295,25742.7614295,25742.7614295,25742.7614295,25742.7614295,25742.7614295,25742.7614295,25742.7614295,25742.7614295,25742.7614295,25742.7614295,25742.7614295,25742.7614295,25742.7614295,25742.7614295,25742.7614295,25742.7614295,25742.7614295,25742.7614295,25742.7614295,25742.7614295,25742.7614295,25742.7614295,25742.7614295,25742.7614295,25742.7614295,25742.7614295,25742.7614295,25742.7614295,25742.7614295,25742.7614295,25742.7614295,25742.7614295,25742.7614295,25742.7614295,25742.7614295,25742.7614295,25742.7614295,25742.7614295,25742.7614295,25742.7614295,25742.7614295,25742.7614295,25742.7614295,25742.7614295,25742.7614295,25742.7614295,25742.7614295,25742.7614295,25742.7614295,25742.7614295,25742.7614295,25742.7614295,25742.7614295,25742.7614295,25742.7614295,25742.7614295,25742.7614295,25742.7614295,25742.7614295,25742.7614295,25742.7614295,25742.7614295,25742.7614295,25742.7614295,25742.7614295,25742.7614295,25742.7614295,25742.7614295,25742.7614295,25742.7614295,25742.7614295,25742.7614295,25742.7614295,25742.7614295,25742.7614295,25742.7614295,25742.7614295,25742.7614295,25742.7614295,25742.7614295,25742.7614295,25742.7614295,25742.7614295,25742.7614295,25742.7614295,25742.7614295,25742.7614295,25742.7614295,25742.7614295,25742.7614295,25742.7614295,25742.7614295,25742.7614295,25742.7614295,25742.7614295,25742.7614295,25742.7614295,25742.7614295,25742.7614295,25742.7614295,25742.7614295,25742.7614295,25742.7614295,25742.7614295,25742.7614295,25742.7614295,25742.7614295,25742.7614295,25742.7614295,25742.7614295,25742.7614295,25742.7614295,25742.7614295,25742.7614295,25742.7614295,25742.7614295,25742.7614295,25742.7614295,25742.7614295,25742.7614295,25742.7614295,25742.7614295,25742.7614295,25742.7614295,25742.7614295,25742.7614295,25742.7614295,25742.7614295,25742.7614295,25742.7614295,25742.7614295,25742.7614295,25742.7614295,25742.7614295,25742.7614295,25742.7614295,25742.7614295,25742.7614295,25742.7614295,25742.7614295,25742.7614295,25742.7614295,25742.7614295,25742.7614295,25742.7614295,25742.7614295,25742.7614295,25742.7614295,25742.7614295,25742.7614295,25742.7614295,25742.7614295,25742.7614295,25742.7614295,25742.7614295,25742.7614295,25742.7614295,25742.7614295,25742.7614295,25742.7614295,25742.7614295,25742.7614295,25742.7614295,25742.7614295,25742.7614295,25742.7614295,25742.7614295,25742.7614295,25742.7614295,25742.7614295,25742.7614295,25742.7614295,25742.7614295,25742.7614295,25742.7614295,25742.7614295,25742.7614295,25742.7614295,25742.7614295,25742.7614295,25742.7614295,25742.7614295,25742.7614295,25742.7614295,25742.7614295,25742.7614295,25742.7614295,25742.7614295,25742.7614295,25742.7614295,25742.7614295,25742.7614295,25742.7614295,25742.7614295,25742.7614295,25742.7614295,25742.7614295,25742.7614295,25742.7614295,25742.7614295,25742.7614295,25742.7614295,25742.7614295,25742.7614295,25742.7614295,25742.7614295,25742.7614295,25742.7614295,25742.7614295,25742.7614295,25742.7614295,25742.7614295,25742.7614295,25742.7614295,25742.7614295,25742.7614295,25742.7614295,25742.7614295,25742.7614295,25742.7614295,25742.7614295,25742.7614295,25742.7614295,25742.7614295,25742.7614295,25742.7614295,25742.7614295,25742.7614295,25742.7614295,25742.7614295,25742.7614295,25742.7614295,25742.7614295,25742.7614295,25742.7614295,25742.7614295,25742.7614295,25742.7614295,25742.7614295,25742.7614295,25742.7614295,25742.7614295,25742.7614295,25742.7614295,25742.7614295,25742.7614295,25742.7614295,25742.7614295,25742.7614295,25742.7614295,25742.7614295,25742.7614295,25742.7614295,25742.7614295,25742.7614295,25742.7614295,25742.7614295,25742.7614295,25742.7614295,25742.7614295,25742.7614295,25742.7614295,25742.7614295,25742.7614295,25742.7614295,25742.7614295,25742.7614295,25742.7614295,25742.7614295,25742.7614295,25742.7614295,25742.7614295,25742.7614295,25742.7614295,25742.7614295,25742.7614295,25742.7614295,25742.7614295,25742.7614295,25742.7614295,25742.7614295,25742.7614295,25742.7614295,25742.7614295,25742.7614295,25742.7614295,25742.7614295,25742.7614295,25742.7614295,25742.7614295,25742.7614295,25742.7614295,25742.7614295,25742.7614295,25742.7614295,25742.7614295,25742.7614295,25742.7614295,25742.7614295,25742.7614295,25742.7614295,25742.7614295,25742.7614295,25742.7614295,25742.7614295,25742.7614295,25742.7614295,25742.7614295,25742.7614295,25742.7614295,25742.7614295,25742.7614295,25742.7614295,25742.7614295,25742.7614295,25742.7614295,25742.7614295,25742.7614295,25742.7614295,25742.7614295,25742.7614295,25742.7614295,25742.7614295,25742.7614295,25742.7614295,25742.7614295,25742.7614295,25742.7614295,25742.7614295,25742.7614295,25742.7614295,25742.7614295,25742.7614295,25742.7614295,25742.7614295,25742.7614295,25742.7614295,25742.7614295,25742.7614295,25742.7614295,25742.7614295,25742.7614295,25742.7614295,25742.7614295,25742.7614295,25742.7614295,25742.7614295,25742.7614295,25742.7614295,25742.7614295,25742.7614295,25742.7614295,25742.7614295,25742.7614295,25742.7614295,25742.7614295,25742.7614295,25742.7614295,25742.7614295,25742.7614295,25742.7614295,25742.7614295,25742.7614295,25742.7614295,25742.7614295,25742.7614295,25742.7614295,25742.7614295,25742.7614295,25742.7614295,25742.7614295,25742.7614295,25742.7614295,25742.7614295,25742.7614295,25742.7614295,25742.7614295,25742.7614295,25742.7614295,25742.7614295,25742.7614295,25742.7614295,25742.7614295,25742.7614295,25742.7614295,25742.7614295,25742.7614295,25742.7614295,25742.7614295,25742.7614295,25742.7614295,25742.7614295,25742.7614295,25742.7614295,25742.7614295,25742.7614295,25742.7614295,25742.7614295,25742.7614295,25742.7614295,25742.7614295,25742.7614295,25742.7614295,25742.7614295,25742.7614295,25742.7614295,25742.7614295,25742.7614295,25742.7614295,25742.7614295,25742.7614295,25742.7614295,25742.7614295,25742.7614295,25742.7614295,25742.7614295,25742.7614295,25742.7614295,25742.7614295,25742.7614295,25742.7614295,25742.7614295,25742.7614295,25742.7614295,25742.7614295,25742.7614295,25742.7614295,25742.7614295,25742.7614295,25742.7614295,25742.7614295,25742.7614295,25742.7614295,25742.7614295,25742.7614295,25742.7614295,25742.7614295,25742.7614295,25742.7614295,25742.7614295,25742.7614295,25742.7614295,25742.7614295,25742.7614295,25742.7614295,25742.7614295,25742.7614295,25742.7614295,25742.7614295,25742.7614295,25742.7614295,25742.7614295,25742.7614295,25742.7614295,25742.7614295,25742.7614295,25742.7614295,25742.7614295,25742.7614295,25742.7614295,25742.7614295,25742.7614295,25742.7614295,25742.7614295,25742.7614295,25742.7614295,25742.7614295,25742.7614295,25742.7614295,25742.7614295,25742.7614295,25742.7614295,25742.7614295,25742.7614295,25742.7614295,25742.7614295,25742.7614295,25742.7614295,25742.7614295,25742.7614295,25742.7614295,25742.7614295,25742.7614295,25742.7614295,25742.7614295,25742.7614295,25742.7614295,25742.7614295,25742.7614295,25742.7614295,25742.7614295,25742.7614295,25742.7614295,25742.7614295,25742.7614295,25742.7614295,25742.7614295,25742.7614295,25742.7614295,25742.7614295,25742.7614295,25742.7614295,25742.7614295,25742.7614295,25742.7614295,25742.7614295,25742.7614295,25742.7614295,25742.7614295,25742.7614295,25742.7614295,25742.7614295,25742.7614295,25742.7614295,25742.7614295,25742.7614295,25742.7614295,25742.7614295,25742.7614295,25742.7614295,25742.7614295,25742.7614295,25742.7614295,25742.7614295,25742.7614295,25742.7614295,25742.7614295,25742.7614295,25742.7614295,25742.7614295,25742.7614295,25742.7614295,25742.7614295,25742.7614295,25742.7614295,25742.7614295,25742.7614295,25742.7614295,25742.7614295,25742.7614295,25742.7614295,25742.7614295,25742.7614295,25742.7614295,25742.7614295,25742.7614295,25742.7614295,25742.7614295,25742.7614295,25742.7614295,25742.7614295,25742.7614295,25742.7614295,25742.7614295,25742.7614295,25742.7614295,25742.7614295,25742.7614295,25742.7614295,25742.7614295,25742.7614295,25742.7614295,25742.7614295,25742.7614295,25742.7614295,25742.7614295,25742.7614295,25742.7614295,25742.7614295,25742.7614295,25742.7614295,25742.7614295,25742.7614295,25742.7614295,25742.7614295,25742.7614295,25742.7614295,25742.7614295,25742.7614295,25742.7614295,25742.7614295,25742.7614295,25742.7614295,25742.7614295,25742.7614295,25742.7614295,25742.7614295,25742.7614295,25742.7614295,25742.7614295,25742.7614295,25742.7614295,25742.7614295,25742.7614295,25742.7614295,25742.7614295,25742.7614295,25742.7614295,25742.7614295,25742.7614295,25742.7614295,25742.7614295,25742.7614295,25742.7614295,25742.7614295,25742.7614295,25742.7614295,25742.7614295,25742.7614295,25742.7614295,25742.7614295,25742.7614295,25742.7614295,25742.7614295,25742.7614295,25742.7614295,25742.7614295,25742.7614295,25742.7614295,25742.7614295,25742.7614295,25742.7614295,25742.7614295,25742.7614295,25742.7614295,25742.7614295,25742.7614295,25742.7614295,25742.7614295,25742.7614295,25742.7614295,25742.7614295,25742.7614295,25742.7614295,25742.7614295,25742.7614295,25742.7614295,25742.7614295,25742.7614295,25742.7614295,25742.7614295,25742.7614295,25742.7614295,25742.7614295,25742.7614295,25742.7614295,25742.7614295,25742.7614295,25742.7614295,25742.7614295,25742.7614295,25742.7614295,25742.7614295,25742.7614295,25742.7614295,25742.7614295,25742.7614295,25742.7614295,25742.7614295,25742.7614295,25742.7614295,25742.7614295,25742.7614295,25742.7614295,25742.7614295,25742.7614295,25742.7614295,25742.7614295,25742.7614295,25742.7614295,25742.7614295,25742.7614295,25742.7614295,25742.7614295,25742.7614295,25742.7614295,25742.7614295,25742.7614295,25742.7614295,25742.7614295,25742.7614295,25742.7614295,25742.7614295,25742.7614295,25742.7614295,25742.7614295,25742.7614295,25742.7614295,25742.7614295,25742.7614295,25742.7614295,25742.7614295,25742.7614295,25742.7614295,25742.7614295,25742.7614295,25742.7614295,25742.7614295,25742.7614295,25742.7614295,25742.7614295,25742.7614295,25742.7614295,25742.7614295,25742.7614295,25742.7614295,25742.7614295,25742.7614295,25742.7614295,25742.7614295,25742.7614295,25742.7614295,25742.7614295,25742.7614295,25742.7614295,25742.7614295,25742.7614295,25742.7614295,25742.7614295,25742.7614295,25742.7614295,25742.7614295,25742.7614295,25742.7614295,25742.7614295,25742.7614295,25742.7614295,25742.7614295,25742.7614295,25742.7614295,25742.7614295,25742.7614295,25742.7614295,25742.7614295,25742.7614295,25742.7614295,25742.7614295,25742.7614295,25742.7614295,25742.7614295,25742.7614295,25742.7614295,25742.7614295,25742.7614295,25742.7614295,25742.7614295,25742.7614295,25742.7614295,25742.7614295,25742.7614295,25742.7614295,25742.7614295,25742.7614295,25742.7614295,25742.7614295,25742.7614295,25742.7614295,25742.7614295,25742.7614295,25742.7614295,25742.7614295,25742.7614295,25742.7614295,25742.7614295,25742.7614295,25742.7614295,25742.7614295,25742.7614295,25742.7614295,25742.7614295,25742.7614295,25742.7614295,25742.7614295,25742.7614295,25742.7614295,25742.7614295,25742.7614295,25742.7614295,25742.7614295,25742.7614295,25742.7614295,25742.7614295,25742.7614295,25742.7614295,25742.7614295,25742.7614295,25742.7614295,25742.7614295,25742.7614295,25742.7614295,25742.7614295,25742.7614295,25742.7614295,25742.7614295,25742.7614295,25742.7614295,25742.7614295,25742.7614295,25742.7614295,25742.7614295,25742.7614295,25742.7614295,25742.7614295,25742.7614295,25742.7614295,25742.7614295,25742.7614295,25742.7614295,25742.7614295,25742.7614295,25742.7614295,25742.7614295,25742.7614295,25742.7614295,25742.7614295,25742.7614295,25742.7614295,25742.7614295,25742.7614295,25742.7614295,25742.7614295,25742.7614295,25742.7614295,25742.7614295,25742.7614295,25742.7614295,25742.7614295,25742.7614295,25742.7614295,25742.7614295,25742.7614295,25742.7614295,25742.7614295,25742.7614295,25742.7614295,25742.7614295,25742.7614295,25742.7614295,25742.7614295,25742.7614295,25742.7614295,25742.7614295,25742.7614295,25742.7614295,25742.7614295,25742.7614295,25742.7614295,25742.7614295,25742.7614295,25742.7614295,25742.7614295,25742.7614295,25742.7614295,25742.7614295,25742.7614295,25742.7614295,25742.7614295,25742.7614295,25742.7614295,25742.7614295,25742.7614295,25742.7614295,25742.7614295,25742.7614295,25742.7614295,25742.7614295,25742.7614295,25742.7614295,25742.7614295,25742.7614295,25742.7614295,25742.7614295,25742.7614295,25742.7614295,25742.7614295,25742.7614295,25742.7614295,25742.7614295,25742.7614295,25742.7614295,25742.7614295,25742.7614295,25742.7614295,25742.7614295,25742.7614295,25742.7614295,25742.7614295,25742.7614295,25742.7614295,25742.7614295,25742.7614295,25742.7614295,25742.7614295,25742.7614295,25742.7614295,25742.7614295,25742.7614295,25742.7614295,25742.7614295,25742.7614295,25742.7614295,25742.7614295,25742.7614295,25742.7614295,25742.7614295,25742.7614295,25742.7614295,25742.7614295,25742.7614295,25742.7614295,25742.7614295,25742.7614295,25742.7614295,25742.7614295,25742.7614295,25742.7614295,25742.7614295,25742.7614295,25742.7614295,25742.7614295,25742.7614295,25742.7614295,25742.7614295,25742.7614295,25742.7614295,25742.7614295,25742.7614295,25742.7614295,25742.7614295,25742.7614295,25742.7614295,25742.7614295,25742.7614295,25742.7614295,25742.7614295,25742.7614295,25742.7614295,25742.7614295,25742.7614295,25742.7614295,25742.7614295,25742.7614295,25742.7614295,25742.7614295,25742.7614295,25742.7614295,25742.7614295,25742.7614295,25742.7614295,25742.7614295,25742.7614295,25742.7614295,25742.7614295,25742.7614295,25742.7614295,25742.7614295,25742.7614295,25742.7614295,25742.7614295,25742.7614295,25742.7614295,25742.7614295,25742.7614295,25742.7614295,25742.7614295,25742.7614295,25742.7614295,25742.7614295,25742.7614295,25742.7614295,25742.7614295,25742.7614295,25742.7614295,25742.7614295,25742.7614295,25742.7614295,25742.7614295,25742.7614295,25742.7614295,25742.7614295,25742.7614295,25742.7614295,25742.7614295,25742.7614295,25742.7614295,25742.7614295,25742.7614295,25742.7614295,25742.7614295,25742.7614295,25742.7614295,25742.7614295,25742.7614295,25742.7614295,25742.7614295,25742.7614295,25742.7614295,25742.7614295,25742.7614295,25742.7614295,25742.7614295,25742.7614295,25742.7614295,25742.7614295,25742.7614295,25742.7614295,25742.7614295,25742.7614295,25742.7614295,25742.7614295,25742.7614295,25742.7614295,25742.7614295,25742.7614295,25742.7614295,25742.7614295,25742.7614295,25742.7614295,25742.7614295,25742.7614295,25742.7614295,25742.7614295,25742.7614295,25742.7614295,25742.7614295,25742.7614295,25742.7614295,25742.7614295,25742.7614295,25742.7614295,25742.7614295,25742.7614295,25742.7614295,25742.7614295,25742.7614295,25742.7614295,25742.7614295,25742.7614295,25742.7614295,25742.7614295,25742.7614295,25742.7614295,25742.7614295,25742.7614295,25742.7614295,25742.7614295,25742.7614295,25742.7614295,25742.7614295,25742.7614295,25742.7614295,25742.7614295,25742.7614295,25742.7614295,25742.7614295,25742.7614295,25742.7614295,25742.7614295,25742.7614295,25742.7614295,25742.7614295,25742.7614295,25742.7614295,25742.7614295,25742.7614295,25742.7614295,25742.7614295,25742.7614295,25742.7614295,25742.7614295,25742.7614295,25742.7614295,25742.7614295,25742.7614295,25742.7614295,25742.7614295,25742.7614295,25742.7614295,25742.7614295,25742.7614295,25742.7614295,25742.7614295,25742.7614295,25742.7614295,25742.7614295,25742.7614295,25742.7614295,25742.7614295,25742.7614295,25742.7614295,25742.7614295,25742.7614295,25742.7614295,25742.7614295,25742.7614295,25742.7614295,25742.7614295,25742.7614295,25742.7614295,25742.7614295,25742.7614295,25742.7614295,25742.7614295,25742.7614295,25742.7614295,25742.7614295,25742.7614295,25742.7614295,25742.7614295,25742.7614295,25742.7614295,25742.7614295,25742.7614295,25742.7614295,25742.7614295,25742.7614295,25742.7614295,25742.7614295,25742.7614295,25742.7614295,25742.7614295,25742.7614295,25742.7614295,25742.7614295,25742.7614295,25742.7614295,25742.7614295,25742.7614295,25742.7614295,25742.7614295,25742.7614295,25742.7614295,25742.7614295,25742.7614295,25742.7614295,25742.7614295,25742.7614295,25742.7614295,25742.7614295,25742.7614295,25742.7614295,25742.7614295,25742.7614295,25742.7614295,25742.7614295,25742.7614295,25742.7614295,25742.7614295,25742.7614295,25742.7614295,25742.7614295,25742.7614295,25742.7614295,25742.7614295,25742.7614295,25742.7614295,25742.7614295,25742.7614295,25742.7614295,25742.7614295,25742.7614295,25742.7614295,25742.7614295,25742.7614295,25742.7614295,25742.7614295,25742.7614295,25742.7614295,25742.7614295,25742.7614295,25742.7614295,25742.7614295,25742.7614295,25742.7614295,25742.7614295,25742.7614295,25742.7614295,25742.7614295,25742.7614295,25742.7614295,25742.7614295,25742.7614295,25742.7614295,25742.7614295,25742.7614295,25742.7614295,25742.7614295,25742.7614295,25742.7614295,25742.7614295,25742.7614295,25742.7614295,25742.7614295,25742.7614295,25742.7614295,25742.7614295,25742.7614295,25742.7614295,25742.7614295,25742.7614295,25742.7614295,25742.7614295,25742.7614295,25742.7614295,25742.7614295,25742.7614295,25742.7614295,25742.7614295,25742.7614295,25742.7614295,25742.7614295,25742.7614295,25742.7614295,25742.7614295,25742.7614295,25742.7614295,25742.7614295,25742.7614295,25742.7614295,25742.7614295,25742.7614295,25742.7614295,25742.7614295,25742.7614295,25742.7614295,25742.7614295,25742.7614295,25742.7614295,25742.7614295,25742.7614295,25742.7614295,25742.7614295,25742.7614295,25742.7614295,25742.7614295,25742.7614295,25742.7614295,25742.7614295,25742.7614295,25742.7614295,25742.7614295,25742.7614295,25742.7614295,25742.7614295,25742.7614295,25742.7614295,25742.7614295,25742.7614295,25742.7614295,25742.7614295,25742.7614295,25742.7614295,25742.7614295,25742.7614295,25742.7614295,25742.7614295,25742.7614295,25742.7614295,25742.7614295,25742.7614295,25742.7614295,25742.7614295,25742.7614295,25742.7614295,25742.7614295,25742.7614295,25742.7614295,25742.7614295,25742.7614295,25742.7614295,25742.7614295,25742.7614295,25742.7614295,25742.7614295,25742.7614295,25742.7614295,25742.7614295,25742.7614295,25742.7614295,25742.7614295,25742.7614295,25742.7614295,25742.7614295,25742.7614295,25742.7614295,25742.7614295,25742.7614295,25742.7614295,25742.7614295,25742.7614295,25742.7614295,25742.7614295,25742.7614295,25742.7614295,25742.7614295,25742.7614295,25742.7614295,25742.7614295,25742.7614295,25742.7614295,25742.7614295,25742.7614295,25742.7614295,25742.7614295,25742.7614295,25742.7614295,25742.7614295,25742.7614295,25742.7614295,25742.7614295,25742.7614295,25742.7614295,25742.7614295,25742.7614295,25742.7614295,25742.7614295,25742.7614295,25742.7614295,25742.7614295,25742.7614295,25742.7614295,25742.7614295,25742.7614295,25742.7614295,25742.7614295,25742.7614295,25742.7614295,25742.7614295,25742.7614295,25742.7614295,25742.7614295,25742.7614295,25742.7614295,25742.7614295,25742.7614295,25742.7614295,25742.7614295,25742.7614295,25742.7614295,25742.7614295,25742.7614295,25742.7614295,25742.7614295,25742.7614295,25742.7614295,25742.7614295,25742.7614295,25742.7614295,25742.7614295,25742.7614295,25742.7614295,25742.7614295,25742.7614295,25742.7614295,25742.7614295,25742.7614295,25742.7614295,25742.7614295,25742.7614295,25742.7614295,25742.7614295,25742.7614295,25742.7614295,25742.7614295,25742.7614295,25742.7614295,25742.7614295,25742.7614295,25742.7614295,25742.7614295,25742.7614295,25742.7614295,25742.7614295,25742.7614295,25742.7614295,25742.7614295,25742.7614295,25742.7614295,25742.7614295,25742.7614295,25742.7614295,25742.7614295,25742.7614295,25742.7614295,25742.7614295,25742.7614295,25742.7614295,25742.7614295,25742.7614295,25742.7614295,25742.7614295,25742.7614295,25742.7614295,25742.7614295,25742.7614295,25742.7614295,25742.7614295,25742.7614295,25742.7614295,25742.7614295,25742.7614295,25742.7614295,25742.7614295,25742.7614295,25742.7614295,25742.7614295,25742.7614295,25742.7614295,25742.7614295,25742.7614295,25742.7614295,25742.7614295,25742.7614295,25742.7614295,25742.7614295,25742.7614295,25742.7614295,25742.7614295,25742.7614295,25742.7614295,25742.7614295,25742.7614295,25742.7614295,25742.7614295,25742.7614295,25742.7614295,25742.7614295,25742.7614295,25742.7614295,25742.7614295,25742.7614295,25742.7614295,25742.7614295,25742.7614295,25742.7614295,25742.7614295,25742.7614295,25742.7614295,25742.7614295,25742.7614295,25742.7614295,25742.7614295,25742.7614295,25742.7614295,25742.7614295,25742.7614295,25742.7614295,25742.7614295,25742.7614295,25742.7614295,25742.7614295,25742.7614295,25742.7614295,25742.7614295,25742.7614295,25742.7614295,25742.7614295,25742.7614295,25742.7614295,25742.7614295,25742.7614295,25742.7614295,25742.7614295,25742.7614295,25742.7614295,25742.7614295,25742.7614295,25742.7614295,25742.7614295,25742.7614295,25742.7614295,25742.7614295,25742.7614295,25742.7614295,25742.7614295,25742.7614295,25742.7614295,25742.7614295,25742.7614295,25742.7614295,25742.7614295,25742.7614295,25742.7614295,25742.7614295,25742.7614295,25742.7614295,25742.7614295,25742.7614295,25742.7614295,25742.7614295,25742.7614295,25742.7614295,25742.7614295,25742.7614295,25742.7614295,25742.7614295,25742.7614295,25742.7614295,25742.7614295,25742.7614295,25742.7614295,25742.7614295,25742.7614295,25742.7614295,25742.7614295,25742.7614295,25742.7614295,25742.7614295,25742.7614295,25742.7614295,25742.7614295,25742.7614295,25742.7614295,25742.7614295,25742.7614295,25742.7614295,25742.7614295,25742.7614295,25742.7614295,25742.7614295,25742.7614295,25742.7614295,25742.7614295,25742.7614295,25742.7614295,25742.7614295,25742.7614295,25742.7614295,25742.7614295,25742.7614295,25742.7614295,25742.7614295,25742.7614295,25742.7614295,25742.7614295,25742.7614295,25742.7614295,25742.7614295,25742.7614295,25742.7614295,25742.7614295,25742.7614295,25742.7614295,25742.7614295,25742.7614295,25742.7614295,25742.7614295,25742.7614295,25742.7614295,25742.7614295,25742.7614295,25742.7614295,25742.7614295,25742.7614295,25742.7614295,25742.7614295,25742.7614295,25742.7614295,25742.7614295,25742.7614295,25742.7614295,25742.7614295,25742.7614295,25742.7614295,25742.7614295,25742.7614295,25742.7614295,25742.7614295,25742.7614295,25742.7614295,25742.7614295,25742.7614295,25742.7614295,25742.7614295,25742.7614295,25742.7614295,25742.7614295,25742.7614295,25742.7614295,25742.7614295,25742.7614295,25742.7614295,25742.7614295,25742.7614295,25742.7614295,25742.7614295,25742.7614295,25742.7614295,25742.7614295,25742.7614295,25742.7614295,25742.7614295,25742.7614295,25742.7614295,25742.7614295,25742.7614295,25742.7614295,25742.7614295,25742.7614295,25742.7614295,25742.7614295,25742.7614295,25742.7614295,25742.7614295,25742.7614295,25742.7614295,25742.7614295,25742.7614295,25742.7614295,25742.7614295,25742.7614295,25742.7614295,25742.7614295,25742.7614295,25742.7614295,25742.7614295,25742.7614295,25742.7614295,25742.7614295,25742.7614295,25742.7614295,25742.7614295,25742.7614295,25742.7614295,25742.7614295,25742.7614295,25742.7614295,25742.7614295,25742.7614295,25742.7614295,25742.7614295,25742.7614295,25742.7614295,25742.7614295,25742.7614295,25742.7614295,25742.7614295,25742.7614295,25742.7614295,25742.7614295,25742.7614295,25742.7614295,25742.7614295,25742.7614295,25742.7614295,25742.7614295,25742.7614295,25742.7614295,25742.7614295,25742.7614295,25742.7614295,25742.7614295,25742.7614295,25742.7614295,25742.7614295,25742.7614295,25742.7614295,25742.7614295,25742.7614295,25742.7614295,25742.7614295,25742.7614295,25742.7614295,25742.7614295,25742.7614295,25742.7614295,25742.7614295,25742.7614295,25742.7614295,25742.7614295,25742.7614295,25742.7614295,25742.7614295,25742.7614295,25742.7614295,25742.7614295,25742.7614295,25742.7614295,25742.7614295,25742.7614295,25742.7614295,25742.7614295,25742.7614295,25742.7614295,25742.7614295,25742.7614295,25742.7614295,25742.7614295,25742.7614295,25742.7614295,25742.7614295,25742.7614295,25742.7614295,25742.7614295,25742.7614295,25742.7614295,25742.7614295,25742.7614295,25742.7614295,25742.7614295,25742.7614295,25742.7614295,25742.7614295,25742.7614295,25742.7614295,25742.7614295,25742.7614295,25742.7614295,25742.7614295,25742.7614295,25742.7614295,25742.7614295,25742.7614295,25742.7614295,25742.7614295,25742.7614295,25742.7614295,25742.7614295,25742.7614295,25742.7614295,25742.7614295,25742.7614295,25742.7614295,25742.7614295,25742.7614295,25742.7614295,25742.7614295,25742.7614295,25742.7614295,25742.7614295,25742.7614295,25742.7614295,25742.7614295,25742.7614295,25742.7614295,25742.7614295,25742.7614295,25742.7614295,25742.7614295,25742.7614295,25742.7614295,25742.7614295,25742.7614295,25742.7614295,25742.7614295,25742.7614295,25742.7614295,25742.7614295,25742.7614295,25742.7614295,25742.7614295,25742.7614295,25742.7614295,25742.7614295,25742.7614295,25742.7614295,25742.7614295,25742.7614295,25742.7614295,25742.7614295,25742.7614295,25742.7614295,25742.7614295,25742.7614295,25742.7614295,25742.7614295,25742.7614295,25742.7614295,25742.7614295,25742.7614295,25742.7614295,25742.7614295,25742.7614295,25742.7614295,25742.7614295,25742.7614295,25742.7614295,25742.7614295,25742.7614295,25742.7614295,25742.7614295,25742.7614295,25742.7614295,25742.7614295,25742.7614295,25742.7614295,25742.7614295,25742.7614295,25742.7614295,25742.7614295,25742.7614295,25742.7614295,25742.7614295,25742.7614295,25742.7614295,25742.7614295,25742.7614295,25742.7614295,25742.7614295,25742.7614295,25742.7614295,25742.7614295,25742.7614295,25742.7614295,25742.7614295,25742.7614295,25742.7614295,25742.7614295,25742.7614295,25742.7614295,25742.7614295,25742.7614295,25742.7614295,25742.7614295,25742.7614295,25742.7614295,25742.7614295,25742.7614295,25742.7614295,25742.7614295,25742.7614295,25742.7614295,25742.7614295,25742.7614295,25742.7614295,25742.7614295,25742.7614295,25742.7614295,25742.7614295,25742.7614295,25742.7614295,25742.7614295,25742.7614295,25742.7614295,25742.7614295,25742.7614295,25742.7614295,25742.7614295,25742.7614295,25742.7614295,25742.7614295,25742.7614295,25742.7614295,25742.7614295,25742.7614295,25742.7614295,25742.7614295,25742.7614295,25742.7614295,25742.7614295,25742.7614295,25742.7614295,25742.7614295,25742.7614295,25742.7614295,25742.7614295,25742.7614295,25742.7614295,25742.7614295,25742.7614295,25742.7614295,25742.7614295,25742.7614295,25742.7614295,25742.7614295,25742.7614295,25742.7614295,25742.7614295,25742.7614295,25742.7614295,25742.7614295,25742.7614295,25742.7614295,25742.7614295,25742.7614295,25742.7614295,25742.7614295,25742.7614295,25742.7614295,25742.7614295,25742.7614295,25742.7614295,25742.7614295,25742.7614295,25742.7614295,25742.7614295,25742.7614295,25742.7614295,25742.7614295,25742.7614295,25742.7614295,25742.7614295,25742.7614295,25742.7614295,25742.7614295,25742.7614295,25742.7614295,25742.7614295,25742.7614295,25742.7614295,25742.7614295,25742.7614295,25742.7614295,25742.7614295,25742.7614295,25742.7614295,25742.7614295,25742.7614295,25742.7614295,25742.7614295,25742.7614295,25742.7614295,25742.7614295,25742.7614295,25742.7614295,25742.7614295,25742.7614295,25742.7614295,25742.7614295,25742.7614295,25742.7614295,25742.7614295,25742.7614295,25742.7614295,25742.7614295,25742.7614295,25742.7614295,25742.7614295,25742.7614295,25742.7614295,25742.7614295,25742.7614295,25742.7614295,25742.7614295,25742.7614295,25742.7614295,25742.7614295,25742.7614295,25742.7614295,25742.7614295,25742.7614295,25742.7614295,25742.7614295,25742.7614295,25742.7614295,25742.7614295,25742.7614295,25742.7614295,25742.7614295,25742.7614295,25742.7614295,25742.7614295,25742.7614295,25742.7614295,25742.7614295,25742.7614295,25742.7614295,25742.7614295,25742.7614295,25742.7614295,25742.7614295,25742.7614295,25742.7614295,25742.7614295,25742.7614295,25742.7614295,25742.7614295,25742.7614295,25742.7614295,25742.7614295,25742.7614295,25742.7614295,25742.7614295,25742.7614295,25742.7614295,25742.7614295,25742.7614295,25742.7614295,25742.7614295,25742.7614295,25742.7614295,25742.7614295,25742.7614295,25742.7614295,25742.7614295,25742.7614295,25742.7614295,25742.7614295,25742.7614295,25742.7614295,25742.7614295,25742.7614295,25742.7614295,25742.7614295,25742.7614295,25742.7614295,25742.7614295,25742.7614295,25742.7614295,25742.7614295,25742.7614295,25742.7614295,25742.7614295,25742.7614295,25742.7614295,25742.7614295,25742.7614295,25742.7614295,25742.7614295,25742.7614295,25742.7614295,25742.7614295,25742.7614295,25742.7614295,25742.7614295,25742.7614295,25742.7614295,25742.7614295,25742.7614295,25742.7614295,25742.7614295,25742.7614295,25742.7614295,25742.7614295,25742.7614295,25742.7614295,25742.7614295,25742.7614295,25742.7614295,25742.7614295,25742.7614295,25742.7614295,25742.7614295,25742.7614295,25742.7614295,25742.7614295,25742.7614295,25742.7614295,25742.7614295,25742.7614295,25742.7614295,25742.7614295,25742.7614295,25742.7614295,25742.7614295,25742.7614295,25742.7614295,25742.7614295,25742.7614295,25742.7614295,25742.7614295,25742.7614295,25742.7614295,25742.7614295,25742.7614295,25742.7614295,25742.7614295,25742.7614295,25742.7614295,25742.7614295,25742.7614295,25742.7614295,25742.7614295,25742.7614295,25742.7614295,25742.7614295,25742.7614295,25742.7614295,25742.7614295,25742.7614295,25742.7614295,25742.7614295,25742.7614295,25742.7614295,25742.7614295,25742.7614295,25742.7614295,25742.7614295,25742.7614295,25742.7614295,25742.7614295,25742.7614295,25742.7614295,25742.7614295,25742.7614295,25742.7614295,25742.7614295,25742.7614295,25742.7614295,25742.7614295,25742.7614295,25742.7614295,25742.7614295,25742.7614295,25742.7614295,25742.7614295,25742.7614295,25742.7614295,25742.7614295,25742.7614295,25742.7614295,25742.7614295,25742.7614295,25742.7614295,25742.7614295,25742.7614295,25742.7614295,25742.7614295,25742.7614295,25742.7614295,25742.7614295,25742.7614295,25742.7614295,25742.7614295,25742.7614295,25742.7614295,25742.7614295,25742.7614295,25742.7614295,25742.7614295,25742.7614295,25742.7614295,25742.7614295,25742.7614295,25742.7614295,25742.7614295,25742.7614295,25742.7614295,25742.7614295,25742.7614295,25742.7614295,25742.7614295,25742.7614295,25742.7614295,25742.7614295,25742.7614295,25742.7614295,25742.7614295,25742.7614295,25742.7614295,25742.7614295,25742.7614295,25742.7614295,25742.7614295,25742.7614295,25742.7614295,25742.7614295,25742.7614295,25742.7614295,25742.7614295,25742.7614295,25742.7614295,25742.7614295,25742.7614295,25742.7614295,25742.7614295,25742.7614295,25742.7614295,25742.7614295,25742.7614295,25742.7614295,25742.7614295,25742.7614295,25742.7614295,25742.7614295,25742.7614295,25742.7614295,25742.7614295,25742.7614295,25742.7614295,25742.7614295,25742.7614295,25742.7614295,25742.7614295,25742.7614295,25742.7614295,25742.7614295,25742.7614295,25742.7614295,25742.7614295,25742.7614295,25742.7614295,25742.7614295,25742.7614295,25742.7614295,25742.7614295,25742.7614295,25742.7614295,25742.7614295,25742.7614295,25742.7614295,25742.7614295,25742.7614295,25742.7614295,25742.7614295,25742.7614295,25742.7614295,25742.7614295,25742.7614295,25742.7614295,25742.7614295,25742.7614295,25742.7614295,25742.7614295,25742.7614295,25742.7614295,25742.7614295,25742.7614295,25742.7614295,25742.7614295,25742.7614295,25742.7614295,25742.7614295,25742.7614295,25742.7614295,25742.7614295,25742.7614295,25742.7614295,25742.7614295,25742.7614295,25742.7614295,25742.7614295,25742.7614295,25742.7614295,25742.7614295,25742.7614295,25742.7614295,25742.7614295,25742.7614295,25742.7614295,25742.7614295,25742.7614295,25742.7614295,25742.7614295,25742.7614295,25742.7614295,25742.7614295,25742.7614295,25742.7614295,25742.7614295,25742.7614295,25742.7614295,25742.7614295,25742.7614295,25742.7614295,25742.7614295,25742.7614295,25742.7614295,25742.7614295,25742.7614295,25742.7614295,25742.7614295,25742.7614295,25742.7614295,25742.7614295,25742.7614295,25742.7614295,25742.7614295,25742.7614295,25742.7614295,25742.7614295,25742.7614295,25742.7614295,25742.7614295,25742.7614295,25742.7614295,25742.7614295,25742.7614295,25742.7614295,25742.7614295,25742.7614295,25742.7614295,25742.7614295,25742.7614295,25742.7614295,25742.7614295,25742.7614295,25742.7614295,25742.7614295,25742.7614295,25742.7614295,25742.7614295,25742.7614295,25742.7614295,25742.7614295,25742.7614295,25742.7614295,25742.7614295,25742.7614295,25742.7614295,25742.7614295,25742.7614295,25742.7614295,25742.7614295,25742.7614295,25742.7614295,25742.7614295,25742.7614295,25742.7614295,25742.7614295,25742.7614295,25742.7614295,25742.7614295,25742.7614295,25742.7614295,25742.7614295,25742.7614295,25742.7614295,25742.7614295,25742.7614295,25742.7614295,25742.7614295,25742.7614295,25742.7614295,25742.7614295,25742.7614295,25742.7614295,25742.7614295,25742.7614295,25742.7614295,25742.7614295,25742.7614295,25742.7614295,25742.7614295,25742.7614295,25742.7614295,25742.7614295,25742.7614295,25742.7614295,25742.7614295,25742.7614295,25742.7614295,25742.7614295,25742.7614295,25742.7614295,25742.7614295,25742.7614295,25742.7614295,25742.7614295,25742.7614295,25742.7614295,25742.7614295,25742.7614295,25742.7614295,25742.7614295,25742.7614295,25742.7614295,25742.7614295,25742.7614295,25742.7614295,25742.7614295,25742.7614295,25742.7614295,25742.7614295,25742.7614295,25742.7614295,25742.7614295,25742.7614295,25742.7614295,25742.7614295,25742.7614295,25742.7614295,25742.7614295,25742.7614295,25742.7614295,25742.7614295,25742.7614295,25742.7614295,25742.7614295,25742.7614295,25742.7614295,25742.7614295,25742.7614295,25742.7614295,25742.7614295,25742.7614295,25742.7614295,25742.7614295,25742.7614295,25742.7614295,25742.7614295,25742.7614295,25742.7614295,25742.7614295,25742.7614295,25742.7614295,25742.7614295,25742.7614295,25742.7614295,25742.7614295,25742.7614295,25742.7614295,25742.7614295,25742.7614295,25742.7614295,25742.7614295,25742.7614295,25742.7614295,25742.7614295,25742.7614295,25742.7614295,25742.7614295,25742.7614295,25742.7614295,25742.7614295,25742.7614295,25742.7614295,25742.7614295,25742.7614295,25742.7614295,25742.7614295,25742.7614295,25742.7614295,25742.7614295,25742.7614295,25742.7614295,25742.7614295,25742.7614295,25742.7614295,25742.7614295,25742.7614295,25742.7614295,25742.7614295,25742.7614295,25742.7614295,25742.7614295,25742.7614295,25742.7614295,25742.7614295,25742.7614295,25742.7614295,25742.7614295,25742.7614295,25742.7614295,25742.7614295,25742.7614295,25742.7614295,25742.7614295,25742.7614295,25742.7614295,25742.7614295,25742.7614295,25742.7614295,25742.7614295,25742.7614295,25742.7614295,25742.7614295,25742.7614295,25742.7614295,25742.7614295,25742.7614295,25742.7614295,25742.7614295,25742.7614295,25742.7614295,25742.7614295,25742.7614295,25742.7614295,25742.7614295,25742.7614295,25742.7614295,25742.7614295,25742.7614295,25742.7614295,25742.7614295,25742.7614295,25742.7614295,25742.7614295,25742.7614295,25742.7614295,25742.7614295,25742.7614295,25742.7614295,25742.7614295,25742.7614295,25742.7614295,25742.7614295,25742.7614295,25742.7614295,25742.7614295,25742.7614295,25742.7614295,25742.7614295,25742.7614295,25742.7614295,25742.7614295,25742.7614295,25742.7614295,25742.7614295,25742.7614295,25742.7614295,25742.7614295,25742.7614295,25742.7614295,25742.7614295,25742.7614295,25742.7614295,25742.7614295,25742.7614295,25742.7614295,25742.7614295,25742.7614295,25742.7614295,25742.7614295,25742.7614295,25742.7614295,25742.7614295,25742.7614295,25742.7614295,25742.7614295,25742.7614295,25742.7614295,25742.7614295,25742.7614295,25742.7614295,25742.7614295,25742.7614295,25742.7614295,25742.7614295,25742.7614295,25742.7614295,25742.7614295,25742.7614295,25742.7614295,25742.7614295,25742.7614295,25742.7614295,25742.7614295,25742.7614295,25742.7614295,25742.7614295,25742.7614295,25742.7614295,25742.7614295,25742.7614295,25742.7614295,25742.7614295,25742.7614295,25742.7614295,25742.7614295,25742.7614295,25742.7614295,25742.7614295,25742.7614295,25742.7614295,25742.7614295,25742.7614295,25742.7614295,25742.7614295,25742.7614295,25742.7614295,25742.7614295,25742.7614295,25742.7614295,25742.7614295,25742.7614295,25742.7614295,25742.7614295,25742.7614295,25742.7614295,25742.7614295,25742.7614295,25742.7614295,25742.7614295,25742.7614295,25742.7614295,25742.7614295,25742.7614295,25742.7614295,25742.7614295,25742.7614295,25742.7614295,25742.7614295,25742.7614295,25742.7614295,25742.7614295,25742.7614295,25742.7614295,25742.7614295,25742.7614295,25742.7614295,25742.7614295,25742.7614295,25742.7614295,25742.7614295,25742.7614295,25742.7614295,25742.7614295,25742.7614295,25742.7614295,25742.7614295,25742.7614295,25742.7614295,25742.7614295,25742.7614295,25742.7614295,25742.7614295,25742.7614295,25742.7614295,25742.7614295,25742.7614295,25742.7614295,25742.7614295,25742.7614295,25742.7614295,25742.7614295,25742.7614295,25742.7614295,25742.7614295,25742.7614295,25742.7614295,25742.7614295,25742.7614295,25742.7614295,25742.7614295,25742.7614295,25742.7614295,25742.7614295,25742.7614295,25742.7614295,25742.7614295,25742.7614295,25742.7614295,25742.7614295,25742.7614295,25742.7614295,25742.7614295,25742.7614295,25742.7614295,25742.7614295,25742.7614295,25742.7614295,25742.7614295,25742.7614295,25742.7614295,25742.7614295,25742.7614295,25742.7614295,25742.7614295,25742.7614295,25742.7614295,25742.7614295,25742.7614295,25742.7614295,25742.7614295,25742.7614295,25742.7614295,25742.7614295,25742.7614295,25742.7614295,25742.7614295,25742.7614295,25742.7614295,25742.7614295,25742.7614295,25742.7614295,25742.7614295,25742.7614295,25742.7614295,25742.7614295,25742.7614295,25742.7614295,25742.7614295,25742.7614295,25742.7614295,25742.7614295,25742.7614295,25742.7614295,25742.7614295,25742.7614295,25742.7614295,25742.7614295,25742.7614295,25742.7614295,25742.7614295,25742.7614295,25742.7614295,25742.7614295,25742.7614295,25742.7614295,25742.7614295,25742.7614295,25742.7614295,25742.7614295,25742.7614295,25742.7614295,25742.7614295,25742.7614295,25742.7614295,25742.7614295,25742.7614295,25742.7614295,25742.7614295,25742.7614295,25742.7614295,25742.7614295,25742.7614295,25742.7614295,25742.7614295,25742.7614295,25742.7614295,25742.7614295,25742.7614295,25742.7614295,25742.7614295,25742.7614295,25742.7614295,25742.7614295,25742.7614295,25742.7614295,25742.7614295,25742.7614295,25742.7614295,25742.7614295,25742.7614295,25742.7614295,25742.7614295,25742.7614295,25742.7614295,25742.7614295,25742.7614295,25742.7614295,25742.7614295,25742.7614295,25742.7614295,25742.7614295,25742.7614295,25742.7614295,25742.7614295,25742.7614295,25742.7614295,25742.7614295,25742.7614295,25742.7614295,25742.7614295,25742.7614295,25742.7614295,25742.7614295,25742.7614295,25742.7614295,25742.7614295,25742.7614295,25742.7614295,25742.7614295,25742.7614295,25742.7614295,25742.7614295,25742.7614295,25742.7614295,25742.7614295,25742.7614295,25742.7614295,25742.7614295,25742.7614295,25742.7614295,25742.7614295,25742.7614295,25742.7614295,25742.7614295,25742.7614295,25742.7614295,25742.7614295,25742.7614295,25742.7614295,25742.7614295,25742.7614295,25742.7614295,25742.7614295,25742.7614295,25742.7614295,25742.7614295,25742.7614295,25742.7614295,25742.7614295,25742.7614295,25742.7614295,25742.7614295,25742.7614295,25742.7614295,25742.7614295,25742.7614295,25742.7614295,25742.7614295,25742.7614295,25742.7614295,25742.7614295,25742.7614295,25742.7614295,25742.7614295,25742.7614295,25742.7614295,25742.7614295,25742.7614295,25742.7614295,25742.7614295,25742.7614295,25742.7614295,25742.7614295,25742.7614295,25742.7614295,25742.7614295,25742.7614295,25742.7614295,25742.7614295,25742.7614295,25742.7614295,25742.7614295,25742.7614295,25742.7614295,25742.7614295,25742.7614295,25742.7614295,25742.7614295,25742.7614295,25742.7614295,25742.7614295,25742.7614295,25742.7614295,25742.7614295,25742.7614295,25742.7614295,25742.7614295,25742.7614295,25742.7614295,25742.7614295,25742.7614295,25742.7614295,25742.7614295,25742.7614295,25742.7614295,25742.7614295,25742.7614295,25742.7614295,25742.7614295,25742.7614295,25742.7614295,25742.7614295,25742.7614295,25742.7614295,25742.7614295,25742.7614295,25742.7614295,25742.7614295,25742.7614295,25742.7614295,25742.7614295,25742.7614295,25742.7614295,25742.7614295,25742.7614295,25742.7614295,25742.7614295,25742.7614295,25742.7614295,25742.7614295,25742.7614295,25742.7614295,25742.7614295,25742.7614295,25742.7614295,25742.7614295,25742.7614295,25742.7614295,25742.7614295,25742.7614295,25742.7614295,25742.7614295,25742.7614295,25742.7614295,25742.7614295,25742.7614295,25742.7614295,25742.7614295,25742.7614295,25742.7614295,25742.7614295,25742.7614295,25742.7614295,25742.7614295,25742.7614295,25742.7614295,25742.7614295,25742.7614295,25742.7614295,25742.7614295,25742.7614295,25742.7614295,25742.7614295,25742.7614295,25742.7614295,25742.7614295,25742.7614295,25742.7614295,25742.7614295,25742.7614295,25742.7614295,25742.7614295,25742.7614295,25742.7614295,25742.7614295,25742.7614295,25742.7614295,25742.7614295,25742.7614295,25742.7614295,25742.7614295,25742.7614295,25742.7614295,25742.7614295,25742.7614295,25742.7614295,25742.7614295,25742.7614295,25742.7614295,25742.7614295,25742.7614295,25742.7614295,25742.7614295,25742.7614295,25742.7614295,25742.7614295,25742.7614295,25742.7614295,25742.7614295,25742.7614295,25742.7614295,25742.7614295,25742.7614295,25742.7614295,25742.7614295,25742.7614295,25742.7614295,25742.7614295,25742.7614295,25742.7614295,25742.7614295,25742.7614295,25742.7614295,25742.7614295,25742.7614295,25742.7614295,25742.7614295,25742.7614295,25742.7614295,25742.7614295,25742.7614295,25742.7614295,25742.7614295,25742.7614295,25742.7614295,25742.7614295,25742.7614295,25742.7614295,25742.7614295,25742.7614295,25742.7614295,25742.7614295,25742.7614295,25742.7614295,25742.7614295,25742.7614295,25742.7614295,25742.7614295,25742.7614295,25742.7614295,25742.7614295,25742.7614295,25742.7614295,25742.7614295,25742.7614295,25742.7614295,25742.7614295,25742.7614295,25742.7614295,25742.7614295,25742.7614295,25742.7614295,25742.7614295,25742.7614295,25742.7614295,25742.7614295,25742.7614295,25742.7614295,25742.7614295,25742.7614295,25742.7614295,25742.7614295,25742.7614295,25742.7614295,25742.7614295,25742.7614295,25742.7614295,25742.7614295,25742.7614295,25742.7614295,25742.7614295,25742.7614295,25742.7614295,25742.7614295,25742.7614295,25742.7614295,25742.7614295,25742.7614295,25742.7614295,25742.7614295,25742.7614295,25742.7614295,25742.7614295,25742.7614295,25742.7614295,25742.7614295,25742.7614295,25742.7614295,25742.7614295,25742.7614295,25742.7614295,25742.7614295,25742.7614295,25742.7614295,25742.7614295,25742.7614295,25742.7614295,25742.7614295,25742.7614295,25742.7614295,25742.7614295,25742.7614295,25742.7614295,25742.7614295,25742.7614295,25742.7614295,25742.7614295,25742.7614295,25742.7614295,25742.7614295,25742.7614295,25742.7614295,25742.7614295,25742.7614295,25742.7614295,25742.7614295,25742.7614295,25742.7614295,25742.7614295,25742.7614295,25742.7614295,25742.7614295,25742.7614295,25742.7614295,25742.7614295,25742.7614295,25742.7614295,25742.7614295,25742.7614295,25742.7614295,25742.7614295,25742.7614295,25742.7614295,25742.7614295,25742.7614295,25742.7614295,25742.7614295,25742.7614295,25742.7614295,25742.7614295,25742.7614295,25742.7614295,25742.7614295,25742.7614295,25742.7614295,25742.7614295,25742.7614295,25742.7614295,25742.7614295,25742.7614295,25742.7614295,25742.7614295,25742.7614295,25742.7614295,25742.7614295,25742.7614295,25742.7614295,25742.7614295,25742.7614295,25742.7614295,25742.7614295,25742.7614295,25742.7614295,25742.7614295,25742.7614295,25742.7614295,25742.7614295,25742.7614295,25742.7614295,25742.7614295,25742.7614295,25742.7614295,25742.7614295,25742.7614295,25742.7614295,25742.7614295,25742.7614295,25742.7614295,25742.7614295,25742.7614295,25742.7614295,25742.7614295,25742.7614295,25742.7614295,25742.7614295,25742.7614295,25742.7614295,25742.7614295,25742.7614295,25742.7614295,25742.7614295,25742.7614295,25742.7614295,25742.7614295,25742.7614295,25742.7614295,25742.7614295,25742.7614295,25742.7614295,25742.7614295,25742.7614295,25742.7614295,25742.7614295,25742.7614295,25742.7614295,25742.7614295,25742.7614295,25742.7614295,25742.7614295,25742.7614295,25742.7614295,25742.7614295,25742.7614295,25742.7614295,25742.7614295,25742.7614295,25742.7614295,25742.7614295,25742.7614295,25742.7614295,25742.7614295,25742.7614295,25742.7614295,25742.7614295,25742.7614295,25742.7614295,25742.7614295,25742.7614295,25742.7614295,25742.7614295,25742.7614295,25742.7614295,25742.7614295,25742.7614295,25742.7614295,25742.7614295,25742.7614295,25742.7614295,25742.7614295,25742.7614295,25742.7614295,25742.7614295,25742.7614295,25742.7614295,25742.7614295,25742.7614295,25742.7614295,25742.7614295,25742.7614295,25742.7614295,25742.7614295,25742.7614295,25742.7614295,25742.7614295,25742.7614295,25742.7614295,25742.7614295,25742.7614295,25742.7614295,25742.7614295,25742.7614295,25742.7614295,25742.7614295,25742.7614295,25742.7614295,25742.7614295,25742.7614295,25742.7614295,25742.7614295,25742.7614295,25742.7614295,25742.7614295,25742.7614295,25742.7614295,25742.7614295,25742.7614295,25742.7614295,25742.7614295,25742.7614295,25742.7614295,25742.7614295,25742.7614295,25742.7614295,25742.7614295,25742.7614295,25742.7614295,25742.7614295,25742.7614295,25742.7614295,25742.7614295,25742.7614295,25742.7614295,25742.7614295,25742.7614295,25742.7614295,25742.7614295,25742.7614295,25742.7614295,25742.7614295,25742.7614295,25742.7614295,25742.7614295,25742.7614295,25742.7614295,25742.7614295,25742.7614295,25742.7614295,25742.7614295,25742.7614295,25742.7614295,25742.7614295,25742.7614295,25742.7614295,25742.7614295,25742.7614295,25742.7614295,25742.7614295,25742.7614295,25742.7614295,25742.7614295,25742.7614295,25742.7614295,25742.7614295,25742.7614295,25742.7614295,25742.7614295,25742.7614295,25742.7614295,25742.7614295,25742.7614295,25742.7614295,25742.7614295,25742.7614295,25742.7614295,25742.7614295,25742.7614295,25742.7614295,25742.7614295,25742.7614295,25742.7614295,25742.7614295,25742.7614295,25742.7614295,25742.7614295,25742.7614295,25742.7614295,25742.7614295,25742.7614295,25742.7614295,25742.7614295,25742.7614295,25742.7614295,25742.7614295,25742.7614295,25742.7614295,25742.7614295,25742.7614295,25742.7614295,25742.7614295,25742.7614295,25742.7614295,25742.7614295,25742.7614295,25742.7614295,25742.7614295,25742.7614295,25742.7614295,25742.7614295,25742.7614295,25742.7614295,25742.7614295,25742.7614295,25742.7614295,25742.7614295,25742.7614295,25742.7614295,25742.7614295,25742.7614295,25742.7614295,25742.7614295,25742.7614295,25742.7614295,25742.7614295,25742.7614295,25742.7614295,25742.7614295,25742.7614295,25742.7614295,25742.7614295,25742.7614295,25742.7614295,25742.7614295,25742.7614295,25742.7614295,25742.7614295,25742.7614295,25742.7614295,25742.7614295,25742.7614295,25742.7614295,25742.7614295,25742.7614295,25742.7614295,25742.7614295,25742.7614295,25742.7614295,25742.7614295,25742.7614295,25742.7614295,25742.7614295,25742.7614295,25742.7614295,25742.7614295,25742.7614295,25742.7614295,25742.7614295,25742.7614295,25742.7614295,25742.7614295,25742.7614295,25742.7614295,25742.7614295,25742.7614295,25742.7614295,25742.7614295,25742.7614295,25742.7614295,25742.7614295,25742.7614295,25742.7614295,25742.7614295,25742.7614295,25742.7614295,25742.7614295,25742.7614295,25742.7614295,25742.7614295,25742.7614295,25742.7614295,25742.7614295,25742.7614295,25742.7614295,25742.7614295,25742.7614295,25742.7614295,25742.7614295,25742.7614295,25742.7614295,25742.7614295,25742.7614295,25742.7614295,25742.7614295,25742.7614295,25742.7614295,25742.7614295,25742.7614295,25742.7614295,25742.7614295,25742.7614295,25742.7614295,25742.7614295,25742.7614295,25742.7614295,25742.7614295,25742.7614295,25742.7614295,25742.7614295,25742.7614295,25742.7614295,25742.7614295,25742.7614295,25742.7614295,25742.7614295,25742.7614295,25742.7614295,25742.7614295,25742.7614295,25742.7614295,25742.7614295,25742.7614295,25742.7614295,25742.7614295,25742.7614295,25742.7614295,25742.7614295,25742.7614295,25742.7614295,25742.7614295,25742.7614295,25742.7614295,25742.7614295,25742.7614295,25742.7614295,25742.7614295,25742.7614295,25742.7614295,25742.7614295,25742.7614295,25742.7614295,25742.7614295,25742.7614295,25742.7614295,25742.7614295,25742.7614295,25742.7614295,25742.7614295,25742.7614295,25742.7614295,25742.7614295,25742.7614295,25742.7614295,25742.7614295,25742.7614295,25742.7614295,25742.7614295,25742.7614295,25742.7614295,25742.7614295,25742.7614295,25742.7614295,25742.7614295,25742.7614295,25742.7614295,25742.7614295,25742.7614295,25742.7614295,25742.7614295,25742.7614295,25742.7614295,25742.7614295,25742.7614295,25742.7614295,25742.7614295,25742.7614295,25742.7614295,25742.7614295,25742.7614295,25742.7614295,25742.7614295,25742.7614295,25742.7614295,25742.7614295,25742.7614295,25742.7614295,25742.7614295,25742.7614295,25742.7614295,25742.7614295,25742.7614295,25742.7614295,25742.7614295,25742.7614295,25742.7614295,25742.7614295,25742.7614295,25742.7614295,25742.7614295,25742.7614295,25742.7614295,25742.7614295,25742.7614295,25742.7614295,25742.7614295,25742.7614295,25742.7614295,25742.7614295,25742.7614295,25742.7614295,25742.7614295,25742.7614295,25742.7614295,25742.7614295,25742.7614295,25742.7614295,25742.7614295,25742.7614295,25742.7614295,25742.7614295,25742.7614295,25742.7614295,25742.7614295,25742.7614295,25742.7614295,25742.7614295,25742.7614295,25742.7614295,25742.7614295,25742.7614295,25742.7614295,25742.7614295,25742.7614295,25742.7614295,25742.7614295,25742.7614295,25742.7614295,25742.7614295,25742.7614295,25742.7614295,25742.7614295,25742.7614295,25742.7614295,25742.7614295,25742.7614295,25742.7614295,25742.7614295,25742.7614295,25742.7614295,25742.7614295,25742.7614295,25742.7614295,25742.7614295,25742.7614295,25742.7614295,25742.7614295,25742.7614295,25742.7614295,25742.7614295,25742.7614295,25742.7614295,25742.7614295,25742.7614295,25742.7614295,25742.7614295,25742.7614295,25742.7614295,25742.7614295,25742.7614295,25742.7614295,25742.7614295,25742.7614295,25742.7614295,25742.7614295,25742.7614295,25742.7614295,25742.7614295,25742.7614295,25742.7614295,25742.7614295,25742.7614295,25742.7614295,25742.7614295,25742.7614295,25742.7614295,25742.7614295,25742.7614295,25742.7614295,25742.7614295,25742.7614295,25742.7614295,25742.7614295,25742.7614295,25742.7614295,25742.7614295,25742.7614295,25742.7614295,25742.7614295,25742.7614295,25742.7614295,25742.7614295,25742.7614295,25742.7614295,25742.7614295,25742.7614295,25742.7614295,25742.7614295,25742.7614295,25742.7614295,25742.7614295,25742.7614295,25742.7614295,25742.7614295,25742.7614295,25742.7614295,25742.7614295,25742.7614295,25742.7614295,25742.7614295,25742.7614295,25742.7614295,25742.7614295,25742.7614295,25742.7614295,25742.7614295,25742.7614295,25742.7614295,25742.7614295,25742.7614295,25742.7614295,25742.7614295,25742.7614295,25742.7614295,25742.7614295,25742.7614295,25742.7614295,25742.7614295,25742.7614295,25742.7614295,25742.7614295,25742.7614295,25742.7614295,25742.7614295,25742.7614295,25742.7614295,25742.7614295,25742.7614295,25742.7614295,25742.7614295,25742.7614295,25742.7614295,25742.7614295,25742.7614295,25742.7614295,25742.7614295,25742.7614295,25742.7614295,25742.7614295,25742.7614295,25742.7614295,25742.7614295,25742.7614295,25742.7614295,25742.7614295,25742.7614295,25742.7614295,25742.7614295,25742.7614295,25742.7614295,25742.7614295,25742.7614295,25742.7614295,25742.7614295,25742.7614295,25742.7614295,25742.7614295,25742.7614295,25742.7614295,25742.7614295,25742.7614295,25742.7614295,25742.7614295,25742.7614295,25742.7614295,25742.7614295,25742.7614295,25742.7614295,25742.7614295,25742.7614295,25742.7614295,25742.7614295,25742.7614295,25742.7614295,25742.7614295,25742.7614295,25742.7614295,25742.7614295,25742.7614295,25742.7614295,25742.7614295,25742.7614295,25742.7614295,25742.7614295,25742.7614295,25742.7614295,25742.7614295,25742.7614295,25742.7614295,25742.7614295,25742.7614295,25742.7614295,25742.7614295,25742.7614295,25742.7614295,25742.7614295,25742.7614295,25742.7614295,25742.7614295,25742.7614295,25742.7614295,25742.7614295,25742.7614295,25742.7614295,25742.7614295,25742.7614295,25742.7614295,25742.7614295,25742.7614295,25742.7614295,25742.7614295,25742.7614295,25742.7614295,25742.7614295,25742.7614295,25742.7614295,25742.7614295,25742.7614295,25742.7614295,25742.7614295,25742.7614295,25742.7614295,25742.7614295,25742.7614295,25742.7614295,25742.7614295,25742.7614295,25742.7614295,25742.7614295,25742.7614295,25742.7614295,25742.7614295,25742.7614295,25742.7614295,25742.7614295,25742.7614295,25742.7614295,25742.7614295,25742.7614295,25742.7614295,25742.7614295,25742.7614295,25742.7614295,25742.7614295,25742.7614295,25742.7614295,25742.7614295,25742.7614295,25742.7614295,25742.7614295,25742.7614295,25742.7614295,25742.7614295,25742.7614295,25742.7614295,25742.7614295,25742.7614295,25742.7614295,25742.7614295,25742.7614295,25742.7614295,25742.7614295,25742.7614295,25742.7614295,25742.7614295,25742.7614295,25742.7614295,25742.7614295,25742.7614295,25742.7614295,25742.7614295,25742.7614295,25742.7614295,25742.7614295,25742.7614295,25742.7614295,25742.7614295,25742.7614295,25742.7614295,25742.7614295,25742.7614295,25742.7614295,25742.7614295,25742.7614295,25742.7614295,25742.7614295,25742.7614295,25742.7614295,25742.7614295,25742.7614295,25742.7614295,25742.7614295,25742.7614295,25742.7614295,25742.7614295,25742.7614295,25742.7614295,25742.7614295,25742.7614295,25742.7614295,25742.7614295,25742.7614295,25742.7614295,25742.7614295,25742.7614295,25742.7614295,25742.7614295,25742.7614295,25742.7614295,25742.7614295,25742.7614295,25742.7614295,25742.7614295,25742.7614295,25742.7614295,25742.7614295,25742.7614295,25742.7614295,25742.7614295,25742.7614295,25742.7614295,25742.7614295,25742.7614295,25742.7614295,25742.7614295,25742.7614295,25742.7614295,25742.7614295,25742.7614295,25742.7614295,25742.7614295,25742.7614295,25742.7614295,25742.7614295,25742.7614295,25742.7614295,25742.7614295,25742.7614295,25742.7614295,25742.7614295,25742.7614295,25742.7614295,25742.7614295,25742.7614295,25742.7614295,25742.7614295,25742.7614295,25742.7614295,25742.7614295,25742.7614295,25742.7614295,25742.7614295,25742.7614295,25742.7614295,25742.7614295,25742.7614295,25742.7614295,25742.7614295,25742.7614295,25742.7614295,25742.7614295,25742.7614295,25742.7614295,25742.7614295,25742.7614295,25742.7614295,25742.7614295,25742.7614295,25742.7614295,25742.7614295,25742.7614295,25742.7614295,25742.7614295,25742.7614295,25742.7614295,25742.7614295,25742.7614295,25742.7614295,25742.7614295,25742.7614295,25742.7614295,25742.7614295,25742.7614295,25742.7614295,25742.7614295,25742.7614295,25742.7614295,25742.7614295,25742.7614295,25742.7614295,25742.7614295,25742.7614295,25742.7614295,25742.7614295,25742.7614295,25742.7614295,25742.7614295,25742.7614295,25742.7614295,25742.7614295,25742.7614295,25742.7614295,25742.7614295,25742.7614295,25742.7614295,25742.7614295,25742.7614295,25742.7614295,25742.7614295,25742.7614295,25742.7614295,25742.7614295,25742.7614295,25742.7614295,25742.7614295,25742.7614295,25742.7614295,25742.7614295,25742.7614295,25742.7614295,25742.7614295,25742.7614295,25742.7614295,25742.7614295,25742.7614295,25742.7614295,25742.7614295,25742.7614295,25742.7614295,25742.7614295,25742.7614295,25742.7614295,25742.7614295,25742.7614295,25742.7614295,25742.7614295,25742.7614295,25742.7614295,25742.7614295,25742.7614295,25742.7614295,25742.7614295,25742.7614295,25742.7614295,25742.7614295,25742.7614295,25742.7614295,25742.7614295,25742.7614295,25742.7614295,25742.7614295,25742.7614295,25742.7614295,25742.7614295,25742.7614295,25742.7614295,25742.7614295,25742.7614295,25742.7614295,25742.7614295,25742.7614295,25742.7614295,25742.7614295,25742.7614295,25742.7614295,25742.7614295,25742.7614295,25742.7614295,25742.7614295,25742.7614295,25742.7614295,25742.7614295,25742.7614295,25742.7614295,25742.7614295,25742.7614295,25742.7614295,25742.7614295,25742.7614295,25742.7614295,25742.7614295,25742.7614295,25742.7614295,25742.7614295,25742.7614295,25742.7614295,25742.7614295,25742.7614295,25742.7614295,25742.7614295,25742.7614295,25742.7614295,25742.7614295,25742.7614295,25742.7614295,25742.7614295,25742.7614295,25742.7614295,25742.7614295,25742.7614295,25742.7614295,25742.7614295,25742.7614295,25742.7614295,25742.7614295,25742.7614295,25742.7614295,25742.7614295,25742.7614295,25742.7614295,25742.7614295,25742.7614295,25742.7614295,25742.7614295,25742.7614295,25742.7614295,25742.7614295,25742.7614295,25742.7614295,25742.7614295,25742.7614295,25742.7614295,25742.7614295,25742.7614295,25742.7614295,25742.7614295,25742.7614295,25742.7614295,25742.7614295,25742.7614295,25742.7614295,25742.7614295,25742.7614295,25742.7614295,25742.7614295,25742.7614295,25742.7614295,25742.7614295,25742.7614295,25742.7614295,25742.7614295,25742.7614295,25742.7614295,25742.7614295,25742.7614295,25742.7614295,25742.7614295,25742.7614295,25742.7614295,25742.7614295,25742.7614295,25742.7614295,25742.7614295,25742.7614295,25742.7614295,25742.7614295,25742.7614295,25742.7614295,25742.7614295,25742.7614295,25742.7614295,25742.7614295,25742.7614295,25742.7614295,25742.7614295,25742.7614295,25742.7614295,25742.7614295,25742.7614295,25742.7614295,25742.7614295,25742.7614295,25742.7614295,25742.7614295,25742.7614295,25742.7614295,25742.7614295,25742.7614295,25742.7614295,25742.7614295,25742.7614295,25742.7614295,25742.7614295,25742.7614295,25742.7614295,25742.7614295,25742.7614295,25742.7614295,25742.7614295,25742.7614295,25742.7614295,25742.7614295,25742.7614295,25742.7614295,25742.7614295,25742.7614295,25742.7614295,25742.7614295,25742.7614295,25742.7614295,25742.7614295,25742.7614295,25742.7614295,25742.7614295,25742.7614295,25742.7614295,25742.7614295,25742.7614295,25742.7614295,25742.7614295,25742.7614295,25742.7614295,25742.7614295,25742.7614295,25742.7614295,25742.7614295,25742.7614295,25742.7614295,25742.7614295,25742.7614295,25742.7614295,25742.7614295,25742.7614295,25742.7614295,25742.7614295,25742.7614295,25742.7614295,25742.7614295,25742.7614295,25742.7614295,25742.7614295,25742.7614295,25742.7614295,25742.7614295,25742.7614295,25742.7614295,25742.7614295,25742.7614295,25742.7614295,25742.7614295,25742.7614295,25742.7614295,25742.7614295,25742.7614295,25742.7614295,25742.7614295,25742.7614295,25742.7614295,25742.7614295,25742.7614295,25742.7614295,25742.7614295,25742.7614295,25742.7614295,25742.7614295,25742.7614295,25742.7614295,25742.7614295,25742.7614295,25742.7614295,25742.7614295,25742.7614295,25742.7614295,25742.7614295,25742.7614295,25742.7614295,25742.7614295,25742.7614295,25742.7614295,25742.7614295,25742.7614295,25742.7614295,25742.7614295,25742.7614295,25742.7614295,25742.7614295,25742.7614295,25742.7614295,25742.7614295,25742.7614295,25742.7614295,25742.7614295,25742.7614295,25742.7614295,25742.7614295,25742.7614295,25742.7614295,25742.7614295,25742.7614295,25742.7614295,25742.7614295,25742.7614295,25742.7614295,25742.7614295,25742.7614295,25742.7614295,25742.7614295,25742.7614295,25742.7614295,25742.7614295,25742.7614295,25742.7614295,25742.7614295,25742.7614295,25742.7614295,25742.7614295,25742.7614295,25742.7614295,25742.7614295,25742.7614295,25742.7614295,25742.7614295,25742.7614295,25742.7614295,25742.7614295,25742.7614295,25742.7614295,25742.7614295,25742.7614295,25742.7614295,25742.7614295,25742.7614295,25742.7614295,25742.7614295,25742.7614295,25742.7614295,25742.7614295,25742.7614295,25742.7614295,25742.7614295,25742.7614295,25742.7614295,25742.7614295,25742.7614295,25742.7614295,25742.7614295,25742.7614295,25742.7614295,25742.7614295,25742.7614295,25742.7614295,25742.7614295,25742.7614295,25742.7614295,25742.7614295,25742.7614295,25742.7614295,25742.7614295,25742.7614295,25742.7614295,25742.7614295,25742.7614295,25742.7614295,25742.7614295,25742.7614295,25742.7614295,25742.7614295,25742.7614295,25742.7614295,25742.7614295,25742.7614295,25742.7614295,25742.7614295,25742.7614295,25742.7614295,25742.7614295,25742.7614295,25742.7614295,25742.7614295,25742.7614295,25742.7614295,25742.7614295,25742.7614295,25742.7614295,25742.7614295,25742.7614295,25742.7614295,25742.7614295,25742.7614295,25742.7614295,25742.7614295,25742.7614295,25742.7614295,25742.7614295,25742.7614295,25742.7614295,25742.7614295,25742.7614295,25742.7614295,25742.7614295,25742.7614295,25742.7614295,25742.7614295,25742.7614295,25742.7614295,25742.7614295,25742.7614295,25742.7614295,25742.7614295,25742.7614295,25742.7614295,25742.7614295,25742.7614295,25742.7614295,25742.7614295,25742.7614295,25742.7614295,25742.7614295,25742.7614295,25742.7614295,25742.7614295,25742.7614295,25742.7614295,25742.7614295,25742.7614295,25742.7614295,25742.7614295,25742.7614295,25742.7614295,25742.7614295,25742.7614295,25742.7614295,25742.7614295,25742.7614295,25742.7614295,25742.7614295,25742.7614295,25742.7614295,25742.7614295,25742.7614295,25742.7614295,25742.7614295,25742.7614295,25742.7614295,25742.7614295,25742.7614295,25742.7614295,25742.7614295,25742.7614295,25742.7614295,25742.7614295,25742.7614295,25742.7614295,25742.7614295,25742.7614295,25742.7614295,25742.7614295,25742.7614295,25742.7614295,25742.7614295,25742.7614295,25742.7614295,25742.7614295,25742.7614295,25742.7614295,25742.7614295,25742.7614295,25742.7614295,25742.7614295,25742.7614295,25742.7614295,25742.7614295,25742.7614295,25742.7614295,25742.7614295,25742.7614295,25742.7614295,25742.7614295,25742.7614295,25742.7614295,25742.7614295,25742.7614295,25742.7614295,25742.7614295,25742.7614295,25742.7614295,25742.7614295,25742.7614295,25742.7614295,25742.7614295,25742.7614295,25742.7614295,25742.7614295,25742.7614295,25742.7614295,25742.7614295,25742.7614295,25742.7614295,25742.7614295,25742.7614295,25742.7614295,25742.7614295,25742.7614295,25742.7614295,25742.7614295,25742.7614295,25742.7614295,25742.7614295,25742.7614295,25742.7614295,25742.7614295,25742.7614295,25742.7614295,25742.7614295,25742.7614295,25742.7614295,25742.7614295,25742.7614295,25742.7614295,25742.7614295,25742.7614295,25742.7614295,25742.7614295,25742.7614295,25742.7614295,25742.7614295,25742.7614295,25742.7614295,25742.7614295,25742.7614295,25742.7614295,25742.7614295,25742.7614295,25742.7614295,25742.7614295,25742.7614295,25742.7614295,25742.7614295,25742.7614295,25742.7614295,25742.7614295,25742.7614295,25742.7614295,25742.7614295,25742.7614295,25742.7614295,25742.7614295,25742.7614295,25742.7614295,25742.7614295,25742.7614295,25742.7614295,25742.7614295,25742.7614295,25742.7614295,25742.7614295,25742.7614295,25742.7614295,25742.7614295,25742.7614295,25742.7614295,25742.7614295,25742.7614295,25742.7614295,25742.7614295,25742.7614295,25742.7614295,25742.7614295,25742.7614295,25742.7614295,25742.7614295,25742.7614295,25742.7614295,25742.7614295,25742.7614295,25742.7614295,25742.7614295,25742.7614295,25742.7614295,25742.7614295,25742.7614295,25742.7614295,25742.7614295,25742.7614295,25742.7614295,25742.7614295,25742.7614295,25742.7614295,25742.7614295,25742.7614295,25742.7614295,25742.7614295,25742.7614295,25742.7614295,25742.7614295,25742.7614295,25742.7614295,25742.7614295,25742.7614295,25742.7614295,25742.7614295,25742.7614295,25742.7614295,25742.7614295,25742.7614295,25742.7614295,25742.7614295,25742.7614295,25742.7614295,25742.7614295,25742.7614295,25742.7614295,25742.7614295,25742.7614295,25742.7614295,25742.7614295,25742.7614295,25742.7614295,25742.7614295,25742.7614295,25742.7614295,25742.7614295,25742.7614295,25742.7614295,25742.7614295,25742.7614295,25742.7614295,25742.7614295,25742.7614295,25742.7614295,25742.7614295,25742.7614295,25742.7614295,25742.7614295,25742.7614295,25742.7614295,25742.7614295,25742.7614295,25742.7614295,25742.7614295,25742.7614295,25742.7614295,25742.7614295,25742.7614295,25742.7614295,25742.7614295,25742.7614295,25742.7614295,25742.7614295,25742.7614295,25742.7614295,25742.7614295,25742.7614295,25742.7614295,25742.7614295,25742.7614295,25742.7614295,25742.7614295,25742.7614295,25742.7614295,25742.7614295,25742.7614295,25742.7614295,25742.7614295,25742.7614295,25742.7614295,25742.7614295,25742.7614295,25742.7614295,25742.7614295,25742.7614295,25742.7614295,25742.7614295,25742.7614295,25742.7614295,25742.7614295,25742.7614295,25742.7614295,25742.7614295,25742.7614295,25742.7614295,25742.7614295,25742.7614295,25742.7614295,25742.7614295,25742.7614295,25742.7614295,25742.7614295,25742.7614295,25742.7614295,25742.7614295,25742.7614295,25742.7614295,25742.7614295,25742.7614295,25742.7614295,25742.7614295,25742.7614295,25742.7614295,25742.7614295,25742.7614295,25742.7614295,25742.7614295,25742.7614295,25742.7614295,25742.7614295,25742.7614295,25742.7614295,25742.7614295,25742.7614295,25742.7614295,25742.7614295,25742.7614295,25742.7614295,25742.7614295,25742.7614295,25742.7614295,25742.7614295,25742.7614295,25742.7614295,25742.7614295,25742.7614295,25742.7614295,25742.7614295,25742.7614295,25742.7614295,25742.7614295,25742.7614295,25742.7614295,25742.7614295,25742.7614295,25742.7614295,25742.7614295,25742.7614295,25742.7614295,25742.7614295,25742.7614295,25742.7614295,25742.7614295,25742.7614295,25742.7614295,25742.7614295,25742.7614295,25742.7614295,25742.7614295,25742.7614295,25742.7614295,25742.7614295,25742.7614295,25742.7614295,25742.7614295,25742.7614295,25742.7614295,25742.7614295,25742.7614295,25742.7614295,25742.7614295,25742.7614295,25742.7614295,25742.7614295,25742.7614295,25742.7614295,25742.7614295,25742.7614295,25742.7614295,25742.7614295,25742.7614295,25742.7614295,25742.7614295,25742.7614295,25742.7614295,25742.7614295,25742.7614295,25742.7614295,25742.7614295,25742.7614295,25742.7614295,25742.7614295,25742.7614295,25742.7614295,25742.7614295,25742.7614295,25742.7614295,25742.7614295,25742.7614295,25742.7614295,25742.7614295,25742.7614295,25742.7614295,25742.7614295,25742.7614295,25742.7614295,25742.7614295,25742.7614295,25742.7614295,25742.7614295,25742.7614295,25742.7614295,25742.7614295,25742.7614295,25742.7614295,25742.7614295,25742.7614295,25742.7614295,25742.7614295,25742.7614295,25742.7614295,25742.7614295,25742.7614295,25742.7614295,25742.7614295,25742.7614295,25742.7614295,25742.7614295,25742.7614295,25742.7614295,25742.7614295,25742.7614295,25742.7614295,25742.7614295,25742.7614295,25742.7614295,25742.7614295,25742.7614295,25742.7614295,25742.7614295,25742.7614295,25742.7614295,25742.7614295,25742.7614295,25742.7614295,25742.7614295,25742.7614295,25742.7614295,25742.7614295,25742.7614295,25742.7614295,25742.7614295,25742.7614295,25742.7614295,25742.7614295,25742.7614295,25742.7614295,25742.7614295,25742.7614295,25742.7614295,25742.7614295,25742.7614295,25742.7614295,25742.7614295,25742.7614295,25742.7614295,25742.7614295,25742.7614295,25742.7614295,25742.7614295,25742.7614295,25742.7614295,25742.7614295,25742.7614295,25742.7614295,25742.7614295,25742.7614295,25742.7614295,25742.7614295,25742.7614295,25742.7614295,25742.7614295,25742.7614295,25742.7614295,25742.7614295,25742.7614295,25742.7614295,25742.7614295,25742.7614295,25742.7614295,25742.7614295,25742.7614295,25742.7614295,25742.7614295,25742.7614295,25742.7614295,25742.7614295,25742.7614295,25742.7614295,25742.7614295,25742.7614295,25742.7614295,25742.7614295,25742.7614295,25742.7614295,25742.7614295,25742.7614295,25742.7614295,25742.7614295,25742.7614295,25742.7614295,25742.7614295,25742.7614295,25742.7614295,25742.7614295,25742.7614295,25742.7614295,25742.7614295,25742.7614295,25742.7614295,25742.7614295,25742.7614295,25742.7614295,25742.7614295,25742.7614295,25742.7614295,25742.7614295,25742.7614295,25742.7614295,25742.7614295,25742.7614295,25742.7614295,25742.7614295,25742.7614295,25742.7614295,25742.7614295,25742.7614295,25742.7614295,25742.7614295,25742.7614295,25742.7614295,25742.7614295,25742.7614295,25742.7614295,25742.7614295,25742.7614295,25742.7614295,25742.7614295,25742.7614295,25742.7614295,25742.7614295,25742.7614295,25742.7614295,25742.7614295,25742.7614295,25742.7614295,25742.7614295,25742.7614295,25742.7614295,25742.7614295,25742.7614295,25742.7614295,25742.7614295,25742.7614295,25742.7614295,25742.7614295,25742.7614295,25742.7614295,25742.7614295,25742.7614295,25742.7614295,25742.7614295,25742.7614295,25742.7614295,25742.7614295,25742.7614295,25742.7614295,25742.7614295,25742.7614295,25742.7614295,25742.7614295,25742.7614295,25742.7614295,25742.7614295,25742.7614295,25742.7614295,25742.7614295,25742.7614295,25742.7614295,25742.7614295,25742.7614295,25742.7614295,25742.7614295,25742.7614295,25742.7614295,25742.7614295,25742.7614295,25742.7614295,25742.7614295,25742.7614295,25742.7614295,25742.7614295,25742.7614295,25742.7614295,25742.7614295,25742.7614295,25742.7614295,25742.7614295,25742.7614295,25742.7614295,25742.7614295,25742.7614295,25742.7614295,25742.7614295,25742.7614295,25742.7614295,25742.7614295,25742.7614295,25742.7614295,25742.7614295,25742.7614295,25742.7614295,25742.7614295,25742.7614295,25742.7614295,25742.7614295,25742.7614295,25742.7614295,25742.7614295,25742.7614295,25742.7614295,25742.7614295,25742.7614295,25742.7614295,25742.7614295,25742.7614295,25742.7614295,25742.7614295,25742.7614295,25742.7614295,25742.7614295,25742.7614295,25742.7614295,25742.7614295,25742.7614295,25742.7614295,25742.7614295,25742.7614295,25742.7614295,25742.7614295,25742.7614295,25742.7614295,25742.7614295,25742.7614295,25742.7614295,25742.7614295,25742.7614295,25742.7614295,25742.7614295,25742.7614295,25742.7614295,25742.7614295,25742.7614295,25742.7614295,25742.7614295,25742.7614295,25742.7614295,25742.7614295,25742.7614295,25742.7614295,25742.7614295,25742.7614295,25742.7614295,25742.7614295,25742.7614295,25742.7614295,25742.7614295,25742.7614295,25742.7614295,25742.7614295,25742.7614295,25742.7614295,25742.7614295,25742.7614295,25742.7614295,25742.7614295,25742.7614295,25742.7614295,25742.7614295,25742.7614295,25742.7614295,25742.7614295,25742.7614295,25742.7614295,25742.7614295,25742.7614295,25742.7614295,25742.7614295,25742.7614295,25742.7614295,25742.7614295,25742.7614295,25742.7614295,25742.7614295,25742.7614295,25742.7614295,25742.7614295,25742.7614295,25742.7614295,25742.7614295,25742.7614295,25742.7614295,25742.7614295,25742.7614295,25742.7614295,25742.7614295,25742.7614295,25742.7614295,25742.7614295,25742.7614295,25742.7614295,25742.7614295,25742.7614295,25742.7614295,25742.7614295,25742.7614295,25742.7614295,25742.7614295,25742.7614295,25742.7614295,25742.7614295,25742.7614295,25742.7614295,25742.7614295,25742.7614295,25742.7614295,25742.7614295,25742.7614295,25742.7614295,25742.7614295,25742.7614295,25742.7614295,25742.7614295,25742.7614295,25742.7614295,25742.7614295,25742.7614295,25742.7614295,25742.7614295,25742.7614295,25742.7614295,25742.7614295,25742.7614295,25742.7614295,25742.7614295,25742.7614295,25742.7614295,25742.7614295,25742.7614295,25742.7614295,25742.7614295,25742.7614295,25742.7614295,25742.7614295,25742.7614295,25742.7614295,25742.7614295,25742.7614295,25742.7614295,25742.7614295,25742.7614295,25742.7614295,25742.7614295,25742.7614295,25742.7614295,25742.7614295,25742.7614295,25742.7614295,25742.7614295,25742.7614295,25742.7614295,25742.7614295,25742.7614295,25742.7614295,25742.7614295,25742.7614295,25742.7614295,25742.7614295,25742.7614295,25742.7614295,25742.7614295,25742.7614295,25742.7614295,25742.7614295,25742.7614295,25742.7614295,25742.7614295,25742.7614295,25742.7614295,25742.7614295,25742.7614295,25742.7614295,25742.7614295,25742.7614295,25742.7614295,25742.7614295,25742.7614295,25742.7614295,25742.7614295,25742.7614295,25742.7614295,25742.7614295,25742.7614295,25742.7614295,25742.7614295,25742.7614295,25742.7614295,25742.7614295,25742.7614295,25742.7614295,25742.7614295,25742.7614295,25742.7614295,25742.7614295,25742.7614295,25742.7614295,25742.7614295,25742.7614295,25742.7614295,25742.7614295,25742.7614295,25742.7614295,25742.7614295,25742.7614295,25742.7614295,25742.7614295,25742.7614295,25742.7614295,25742.7614295,25742.7614295,25742.7614295,25742.7614295,25742.7614295,25742.7614295,25742.7614295,25742.7614295,25742.7614295,25742.7614295,25742.7614295,25742.7614295,25742.7614295,25742.7614295,25742.7614295,25742.7614295,25742.7614295,25742.7614295,25742.7614295,25742.7614295,25742.7614295,25742.7614295,25742.7614295,25742.7614295,25742.7614295,25742.7614295,25742.7614295,25742.7614295,25742.7614295,25742.7614295,25742.7614295,25742.7614295,25742.7614295,25742.7614295,25742.7614295,25742.7614295,25742.7614295,25742.7614295,25742.7614295,25742.7614295,25742.7614295,25742.7614295,25742.7614295,25742.7614295,25742.7614295,25742.7614295,25742.7614295,25742.7614295,25742.7614295,25742.7614295,25742.7614295,25742.7614295,25742.7614295,25742.7614295,25742.7614295,25742.7614295,25742.7614295,25742.7614295,25742.7614295,25742.7614295,25742.7614295,25742.7614295,25742.7614295,25742.7614295,25742.7614295,25742.7614295,25742.7614295,25742.7614295,25742.7614295,25742.7614295,25742.7614295,25742.7614295,25742.7614295,25742.7614295,25742.7614295,25742.7614295,25742.7614295,25742.7614295,25742.7614295,25742.7614295,25742.7614295,25742.7614295,25742.7614295,25742.7614295,25742.7614295,25742.7614295,25742.7614295,25742.7614295,25742.7614295,25742.7614295,25742.7614295,25742.7614295,25742.7614295,25742.7614295,25742.7614295,25742.7614295,25742.7614295,25742.7614295,25742.7614295,25742.7614295,25742.7614295,25742.7614295,25742.7614295,25742.7614295,25742.7614295,25742.7614295,25742.7614295,25742.7614295,25742.7614295,25742.7614295,25742.7614295,25742.7614295,25742.7614295,25742.7614295,25742.7614295,25742.7614295,25742.7614295,25742.7614295,25742.7614295,25742.7614295,25742.7614295,25742.7614295,25742.7614295,25742.7614295,25742.7614295,25742.7614295,25742.7614295,25742.7614295,25742.7614295,25742.7614295,25742.7614295,25742.7614295,25742.7614295,25742.7614295,25742.7614295,25742.7614295,25742.7614295,25742.7614295,25742.7614295,25742.7614295,25742.7614295,25742.7614295,25742.7614295,25742.7614295,25742.7614295,25742.7614295,25742.7614295,25742.7614295,25742.7614295,25742.7614295,25742.7614295,25742.7614295,25742.7614295,25742.7614295,25742.7614295,25742.7614295,25742.7614295,25742.7614295,25742.7614295,25742.7614295,25742.7614295,25742.7614295,25742.7614295,25742.7614295,25742.7614295,25742.7614295,25742.7614295,25742.7614295,25742.7614295,25742.7614295,25742.7614295,25742.7614295,25742.7614295,25742.7614295,25742.7614295,25742.7614295,25742.7614295,25742.7614295,25742.7614295,25742.7614295,25742.7614295,25742.7614295,25742.7614295,25742.7614295,25742.7614295,25742.7614295,25742.7614295,25742.7614295,25742.7614295,25742.7614295,25742.7614295,25742.7614295,25742.7614295,25742.7614295,25742.7614295,25742.7614295,25742.7614295,25742.7614295,25742.7614295,25742.7614295,25742.7614295,25742.7614295,25742.7614295,25742.7614295,25742.7614295,25742.7614295,25742.7614295,25742.7614295,25742.7614295,25742.7614295,25742.7614295,25742.7614295,25742.7614295,25742.7614295,25742.7614295,25742.7614295,25742.7614295,25742.7614295,25742.7614295,25742.7614295,25742.7614295,25742.7614295,25742.7614295,25742.7614295,25742.7614295,25742.7614295,25742.7614295,25742.7614295,25742.7614295,25742.7614295,25742.7614295,25742.7614295,25742.7614295,25742.7614295,25742.7614295,25742.7614295,25742.7614295,25742.7614295,25742.7614295,25742.7614295,25742.7614295,25742.7614295,25742.7614295,25742.7614295,25742.7614295,25742.7614295,25742.7614295,25742.7614295,25742.7614295,25742.7614295,25742.7614295,25742.7614295,25742.7614295,25742.7614295,25742.7614295,25742.7614295,25742.7614295,25742.7614295,25742.7614295,25742.7614295,25742.7614295,25742.7614295,25742.7614295,25742.7614295,25742.7614295,25742.7614295,25742.7614295,25742.7614295,25742.7614295,25742.7614295,25742.7614295,25742.7614295,25742.7614295,25742.7614295,25742.7614295,25742.7614295,25742.7614295,25742.7614295,25742.7614295,25742.7614295,25742.7614295,25742.7614295,25742.7614295,25742.7614295,25742.7614295,25742.7614295,25742.7614295,25742.7614295,25742.7614295,25742.7614295,25742.7614295,25742.7614295,25742.7614295,25742.7614295,25742.7614295,25742.7614295,25742.7614295,25742.7614295,25742.7614295,25742.7614295,25742.7614295,25742.7614295,25742.7614295,25742.7614295,25742.7614295,25742.7614295,25742.7614295,25742.7614295,25742.7614295,25742.7614295,25742.7614295,25742.7614295,25742.7614295,25742.7614295,25742.7614295,25742.7614295,25742.7614295,25742.7614295,25742.7614295,25742.7614295,25742.7614295,25742.7614295,25742.7614295,25742.7614295,25742.7614295,25742.7614295,25742.7614295,25742.7614295,25742.7614295,25742.7614295,25742.7614295,25742.7614295,25742.7614295,25742.7614295,25742.7614295,25742.7614295,25742.7614295,25742.7614295,25742.7614295,25742.7614295,25742.7614295,25742.7614295,25742.7614295,25742.7614295,25742.7614295,25742.7614295,25742.7614295,25742.7614295,25742.7614295,25742.7614295,25742.7614295,25742.7614295,25742.7614295,25742.7614295,25742.7614295,25742.7614295,25742.7614295,25742.7614295,25742.7614295,25742.7614295,25742.7614295,25742.7614295,25742.7614295,25742.7614295,25742.7614295,25742.7614295,25742.7614295,25742.7614295,25742.7614295,25742.7614295,25742.7614295,25742.7614295,25742.7614295,25742.7614295,25742.7614295,25742.7614295,25742.7614295,25742.7614295,25742.7614295,25742.7614295,25742.7614295,25742.7614295,25742.7614295,25742.7614295,25742.7614295,25742.7614295,25742.7614295,25742.7614295,25742.7614295,25742.7614295,25742.7614295,25742.7614295,25742.7614295,25742.7614295,25742.7614295,25742.7614295,25742.7614295,25742.7614295,25742.7614295,25742.7614295,25742.7614295,25742.7614295,25742.7614295,25742.7614295,25742.7614295,25742.7614295,25742.7614295,25742.7614295,25742.7614295,25742.7614295,25742.7614295,25742.7614295,25742.7614295,25742.7614295,25742.7614295,25742.7614295,25742.7614295,25742.7614295,25742.7614295,25742.7614295,25742.7614295,25742.7614295,25742.7614295,25742.7614295,25742.7614295,25742.7614295,25742.7614295,25742.7614295,25742.7614295,25742.7614295,25742.7614295,25742.7614295,25742.7614295,25742.7614295,25742.7614295,25742.7614295,25742.7614295,25742.7614295,25742.7614295,25742.7614295,25742.7614295,25742.7614295,25742.7614295,25742.7614295,25742.7614295,25742.7614295,25742.7614295,25742.7614295,25742.7614295,25742.7614295,25742.7614295,25742.7614295,25742.7614295,25742.7614295,25742.7614295,25742.7614295,25742.7614295,25742.7614295,25742.7614295,25742.7614295,25742.7614295,25742.7614295,25742.7614295,25742.7614295,25742.7614295,25742.7614295,25742.7614295,25742.7614295,25742.7614295,25742.7614295,25742.7614295,25742.7614295,25742.7614295,25742.7614295,25742.7614295,25742.7614295,25742.7614295,25742.7614295,25742.7614295,25742.7614295,25742.7614295,25742.7614295,25742.7614295,25742.7614295,25742.7614295,25742.7614295,25742.7614295,25742.7614295,25742.7614295,25742.7614295,25742.7614295,25742.7614295,25742.7614295,25742.7614295,25742.7614295,25742.7614295,25742.7614295,25742.7614295,25742.7614295,25742.7614295,25742.7614295,25742.7614295,25742.7614295,25742.7614295,25742.7614295,25742.7614295,25742.7614295,25742.7614295,25742.7614295,25742.7614295,25742.7614295,25742.7614295,25742.7614295,25742.7614295,25742.7614295,25742.7614295,25742.7614295,25742.7614295,25742.7614295,25742.7614295,25742.7614295,25742.7614295,25742.7614295,25742.7614295,25742.7614295,25742.7614295,25742.7614295,25742.7614295,25742.7614295,25742.7614295,25742.7614295,25742.7614295,25742.7614295,25742.7614295,25742.7614295,25742.7614295,25742.7614295,25742.7614295,25742.7614295,25742.7614295,25742.7614295,25742.7614295,25742.7614295,25742.7614295,25742.7614295,25742.7614295,25742.7614295,25742.7614295,25742.7614295,25742.7614295,25742.7614295,25742.7614295,25742.7614295,25742.7614295,25742.7614295,25742.7614295,25742.7614295,25742.7614295,25742.7614295,25742.7614295,25742.7614295,25742.7614295,25742.7614295,25742.7614295,25742.7614295,25742.7614295,25742.7614295,25742.7614295,25742.7614295,25742.7614295,25742.7614295,25742.7614295,25742.7614295,25742.7614295,25742.7614295,25742.7614295,25742.7614295,25742.7614295,25742.7614295,25742.7614295,25742.7614295,25742.7614295,25742.7614295,25742.7614295,25742.7614295,25742.7614295,25742.7614295,25742.7614295,25742.7614295,25742.7614295,25742.7614295,25742.7614295,25742.7614295,25742.7614295,25742.7614295,25742.7614295,25742.7614295,25742.7614295,25742.7614295,25742.7614295,25742.7614295,25742.7614295,25742.7614295,25742.7614295,25742.7614295,25742.7614295,25742.7614295,25742.7614295,25742.7614295,25742.7614295,25742.7614295,25742.7614295,25742.7614295,25742.7614295,25742.7614295,25742.7614295,25742.7614295,25742.7614295,25742.7614295,25742.7614295,25742.7614295,25742.7614295,25742.7614295,25742.7614295,25742.7614295,25742.7614295,25742.7614295,25742.7614295,25742.7614295,25742.7614295,25742.7614295,25742.7614295,25742.7614295,25742.7614295,25742.7614295,25742.7614295,25742.7614295,25742.7614295,25742.7614295,25742.7614295,25742.7614295,25742.7614295,25742.7614295,25742.7614295,25742.7614295,25742.7614295,25742.7614295,25742.7614295,25742.7614295,25742.7614295,25742.7614295,25742.7614295,25742.7614295,25742.7614295,25742.7614295,25742.7614295,25742.7614295,25742.7614295,25742.7614295,25742.7614295,25742.7614295,25742.7614295,25742.7614295,25742.7614295,25742.7614295,25742.7614295,25742.7614295,25742.7614295,25742.7614295,25742.7614295,25742.7614295,25742.7614295,25742.7614295,25742.7614295,25742.7614295,25742.7614295,25742.7614295,25742.7614295,25742.7614295,25742.7614295,25742.7614295,25742.7614295,25742.7614295,25742.7614295,25742.7614295,25742.7614295,25742.7614295,25742.7614295,25742.7614295,25742.7614295,25742.7614295,25742.7614295,25742.7614295,25742.7614295,25742.7614295,25742.7614295,25742.7614295,25742.7614295,25742.7614295,25742.7614295,25742.7614295,25742.7614295,25742.7614295,25742.7614295,25742.7614295,25742.7614295,25742.7614295,25742.7614295,25742.7614295,25742.7614295,25742.7614295,25742.7614295,25742.7614295,25742.7614295,25742.7614295,25742.7614295,25742.7614295,25742.7614295,25742.7614295,25742.7614295,25742.7614295,25742.7614295,25742.7614295,25742.7614295,25742.7614295,25742.7614295,25742.7614295,25742.7614295,25742.7614295,25742.7614295,25742.7614295,25742.7614295,25742.7614295,25742.7614295,25742.7614295,25742.7614295,25742.7614295,25742.7614295,25742.7614295,25742.7614295,25742.7614295,25742.7614295,25742.7614295,25742.7614295,25742.7614295,25742.7614295,25742.7614295,25742.7614295,25742.7614295,25742.7614295,25742.7614295,25742.7614295,25742.7614295,25742.7614295,25742.7614295,25742.7614295,25742.7614295,25742.7614295,25742.7614295,25742.7614295,25742.7614295,25742.7614295,25742.7614295,25742.7614295,25742.7614295,25742.7614295,25742.7614295,25742.7614295,25742.7614295,25742.7614295,25742.7614295,25742.7614295,25742.7614295,25742.7614295,25742.7614295,25742.7614295,25742.7614295,25742.7614295,25742.7614295,25742.7614295,25742.7614295,25742.7614295,25742.7614295,25742.7614295,25742.7614295,25742.7614295,25742.7614295,25742.7614295,25742.7614295,25742.7614295,25742.7614295,25742.7614295,25742.7614295,25742.7614295,25742.7614295,25742.7614295,25742.7614295,25742.7614295,25742.7614295,25742.7614295,25742.7614295,25742.7614295,25742.7614295,25742.7614295,25742.7614295,25742.7614295,25742.7614295,25742.7614295,25742.7614295,25742.7614295,25742.7614295,25742.7614295,25742.7614295,25742.7614295,25742.7614295,25742.7614295,25742.7614295,25742.7614295,25742.7614295,25742.7614295,25742.7614295,25742.7614295,25742.7614295,25742.7614295,25742.7614295,25742.7614295,25742.7614295,25742.7614295,25742.7614295,25742.7614295,25742.7614295,25742.7614295,25742.7614295,25742.7614295,25742.7614295,25742.7614295,25742.7614295,25742.7614295,25742.7614295,25742.7614295,25742.7614295,25742.7614295,25742.7614295,25742.7614295,25742.7614295,25742.7614295,25742.7614295,25742.7614295,25742.7614295,25742.7614295,25742.7614295,25742.7614295,25742.7614295,25742.7614295,25742.7614295,25742.7614295,25742.7614295,25742.7614295,25742.7614295,25742.7614295,25742.7614295,25742.7614295,25742.7614295,25742.7614295,25742.7614295,25742.7614295,25742.7614295,25742.7614295,25742.7614295,25742.7614295,25742.7614295,25742.7614295,25742.7614295,25742.7614295,25742.7614295,25742.7614295,25742.7614295,25742.7614295,25742.7614295,25742.7614295,25742.7614295,25742.7614295,25742.7614295,25742.7614295,25742.7614295,25742.7614295,25742.7614295,25742.7614295,25742.7614295,25742.7614295,25742.7614295,25742.7614295,25742.7614295,25742.7614295,25742.7614295,25742.7614295,25742.7614295,25742.7614295,25742.7614295,25742.7614295,25742.7614295,25742.7614295,25742.7614295,25742.7614295,25742.7614295,25742.7614295,25742.7614295,25742.7614295,25742.7614295,25742.7614295,25742.7614295,25742.7614295,25742.7614295,25742.7614295,25742.7614295,25742.7614295,25742.7614295,25742.7614295,25742.7614295,25742.7614295,25742.7614295,25742.7614295,25742.7614295,25742.7614295,25742.7614295,25742.7614295,25742.7614295,25742.7614295,25742.7614295,25742.7614295,25742.7614295,25742.7614295,25742.7614295,25742.7614295,25742.7614295,25742.7614295,25742.7614295,25742.7614295,25742.7614295,25742.7614295,25742.7614295,25742.7614295,25742.7614295,25742.7614295,25742.7614295,25742.7614295,25742.7614295,25742.7614295,25742.7614295,25742.7614295,25742.7614295,25742.7614295,25742.7614295,25742.7614295,25742.7614295,25742.7614295,25742.7614295,25742.7614295,25742.7614295,25742.7614295,25742.7614295,25742.7614295,25742.7614295,25742.7614295,25742.7614295,25742.7614295,25742.7614295,25742.7614295,25742.7614295,25742.7614295,25742.7614295,25742.7614295,25742.7614295,25742.7614295,25742.7614295,25742.7614295,25742.7614295,25742.7614295,25742.7614295,25742.7614295,25742.7614295,25742.7614295,25742.7614295,25742.7614295,25742.7614295,25742.7614295,25742.7614295,25742.7614295,25742.7614295,25742.7614295,25742.7614295,25742.7614295,25742.7614295,25742.7614295,25742.7614295,25742.7614295,25742.7614295,25742.7614295,25742.7614295,25742.7614295,25742.7614295,25742.7614295,25742.7614295,25742.7614295,25742.7614295,25742.7614295,25742.7614295,25742.7614295,25742.7614295,25742.7614295,25742.7614295,25742.7614295,25742.7614295,25742.7614295,25742.7614295,25742.7614295,25742.7614295,25742.7614295,25742.7614295,25742.7614295,25742.7614295,25742.7614295,25742.7614295,25742.7614295,25742.7614295,25742.7614295,25742.7614295,25742.7614295,25742.7614295,25742.7614295,25742.7614295,25742.7614295,25742.7614295,25742.7614295,25742.7614295,25742.7614295,25742.7614295,25742.7614295,25742.7614295,25742.7614295,25742.7614295,25742.7614295,25742.7614295,25742.7614295,25742.7614295,25742.7614295,25742.7614295,25742.7614295,25742.7614295,25742.7614295,25742.7614295,25742.7614295,25742.7614295,25742.7614295,25742.7614295,25742.7614295,25742.7614295,25742.7614295,25742.7614295,25742.7614295,25742.7614295,25742.7614295,25742.7614295,25742.7614295,25742.7614295,25742.7614295,25742.7614295,25742.7614295,25742.7614295,25742.7614295,25742.7614295,25742.7614295,25742.7614295,25742.7614295,25742.7614295,25742.7614295,25742.7614295,25742.7614295,25742.7614295,25742.7614295,25742.7614295,25742.7614295,25742.7614295,25742.7614295,25742.7614295,25742.7614295,25742.7614295,25742.7614295,25742.7614295,25742.7614295,25742.7614295,25742.7614295,25742.7614295,25742.7614295,25742.7614295,25742.7614295,25742.7614295,25742.7614295,25742.7614295,25742.7614295,25742.7614295,25742.7614295,25742.7614295,25742.7614295,25742.7614295,25742.7614295,25742.7614295,25742.7614295,25742.7614295,25742.7614295,25742.7614295,25742.7614295,25742.7614295,25742.7614295,25742.7614295,25742.7614295,25742.7614295,25742.7614295,25742.7614295,25742.7614295,25742.7614295,25742.7614295,25742.7614295,25742.7614295,25742.7614295,25742.7614295,25742.7614295,25742.7614295,25742.7614295,25742.7614295,25742.7614295,25742.7614295,25742.7614295,25742.7614295,25742.7614295,25742.7614295,25742.7614295,25742.7614295,25742.7614295,25742.7614295,25742.7614295,25742.7614295,25742.7614295,25742.7614295,25742.7614295,25742.7614295,25742.7614295,25742.7614295,25742.7614295,25742.7614295,25742.7614295,25742.7614295,25742.7614295,25742.7614295,25742.7614295,25742.7614295,25742.7614295,25742.7614295,25742.7614295,25742.7614295,25742.7614295,25742.7614295,25742.7614295,25742.7614295,25742.7614295,25742.7614295,25742.7614295,25742.7614295,25742.7614295,25742.7614295,25742.7614295,25742.7614295,25742.7614295,25742.7614295,25742.7614295,25742.7614295,25742.7614295,25742.7614295,25742.7614295,25742.7614295,25742.7614295,25742.7614295,25742.7614295,25742.7614295,25742.7614295,25742.7614295,25742.7614295,25742.7614295,25742.7614295,25742.7614295,25742.7614295,25742.7614295,25742.7614295,25742.7614295,25742.7614295,25742.7614295,25742.7614295,25742.7614295,25742.7614295,25742.7614295,25742.7614295,25742.7614295,25742.7614295,25742.7614295,25742.7614295,25742.7614295,25742.7614295,25742.7614295,25742.7614295,25742.7614295,25742.7614295,25742.7614295,25742.7614295,25742.7614295,25742.7614295,25742.7614295,25742.7614295,25742.7614295,25742.7614295,25742.7614295,25742.7614295,25742.7614295,25742.7614295,25742.7614295,25742.7614295,25742.7614295,25742.7614295,25742.7614295,25742.7614295,25742.7614295,25742.7614295,25742.7614295,25742.7614295,25742.7614295,25742.7614295,25742.7614295,25742.7614295,25742.7614295,25742.7614295,25742.7614295,25742.7614295,25742.7614295,25742.7614295,25742.7614295,25742.7614295,25742.7614295,25742.7614295,25742.7614295,25742.7614295,25742.7614295,25742.7614295,25742.7614295,25742.7614295,25742.7614295,25742.7614295,25742.7614295,25742.7614295,25742.7614295,25742.7614295,25742.7614295,25742.7614295,25742.7614295,25742.7614295,25742.7614295,25742.7614295,25742.7614295,25742.7614295,25742.7614295,25742.7614295,25742.7614295,25742.7614295,25742.7614295,25742.7614295,25742.7614295,25742.7614295,25742.7614295,25742.7614295,25742.7614295,25742.7614295,25742.7614295,25742.7614295,25742.7614295,25742.7614295,25742.7614295,25742.7614295,25742.7614295,25742.7614295,25742.7614295,25742.7614295,25742.7614295,25742.7614295,25742.7614295,25742.7614295,25742.7614295,25742.7614295,25742.7614295,25742.7614295,25742.7614295,25742.7614295,25742.7614295,25742.7614295,25742.7614295,25742.7614295,25742.7614295,25742.7614295,25742.7614295,25742.7614295,25742.7614295,25742.7614295,25742.7614295,25742.7614295,25742.7614295,25742.7614295,25742.7614295,25742.7614295,25742.7614295,25742.7614295,25742.7614295,25742.7614295,25742.7614295,25742.7614295,25742.7614295,25742.7614295,25742.7614295,25742.7614295,25742.7614295,25742.7614295,25742.7614295,25742.7614295,25742.7614295,25742.7614295,25742.7614295,25742.7614295,25742.7614295,25742.7614295,25742.7614295,25742.7614295,25742.7614295,25742.7614295,25742.7614295,25742.7614295,25742.7614295,25742.7614295,25742.7614295,25742.7614295,25742.7614295,25742.7614295,25742.7614295,25742.7614295,25742.7614295,25742.7614295,25742.7614295,25742.7614295,25742.7614295,25742.7614295,25742.7614295,25742.7614295,25742.7614295,25742.7614295,25742.7614295,25742.7614295,25742.7614295,25742.7614295,25742.7614295,25742.7614295,25742.7614295,25742.7614295,25742.7614295,25742.7614295,25742.7614295,25742.7614295,25742.7614295,25742.7614295,25742.7614295,25742.7614295,25742.7614295,25742.7614295,25742.7614295,25742.7614295,25742.7614295,25742.7614295,25742.7614295,25742.7614295,25742.7614295,25742.7614295,25742.7614295,25742.7614295,25742.7614295,25742.7614295,25742.7614295,25742.7614295,25742.7614295,25742.7614295,25742.7614295,25742.7614295,25742.7614295,25742.7614295,25742.7614295,25742.7614295,25742.7614295,25742.7614295,25742.7614295,25742.7614295,25742.7614295,25742.7614295,25742.7614295,25742.7614295,25742.7614295,25742.7614295,25742.7614295,25742.7614295,25742.7614295,25742.7614295,25742.7614295,25742.7614295,25742.7614295,25742.7614295,25742.7614295,25742.7614295,25742.7614295,25742.7614295,25742.7614295,25742.7614295,25742.7614295,25742.7614295,25742.7614295,25742.7614295,25742.7614295,25742.7614295,25742.7614295,25742.7614295,25742.7614295,25742.7614295,25742.7614295,25742.7614295,25742.7614295,25742.7614295,25742.7614295,25742.7614295,25742.7614295,25742.7614295,25742.7614295,25742.7614295,25742.7614295,25742.7614295,25742.7614295,25742.7614295,25742.7614295,25742.7614295,25742.7614295,25742.7614295,25742.7614295,25742.7614295,25742.7614295,25742.7614295,25742.7614295,25742.7614295,25742.7614295,25742.7614295,25742.7614295,25742.7614295,25742.7614295,25742.7614295,25742.7614295,25742.7614295,25742.7614295,25742.7614295,25742.7614295,25742.7614295,25742.7614295,25742.7614295,25742.7614295,25742.7614295,25742.7614295,25742.7614295,25742.7614295,25742.7614295,25742.7614295,25742.7614295,25742.7614295,25742.7614295,25742.7614295,25742.7614295,25742.7614295,25742.7614295,25742.7614295,25742.7614295,25742.7614295,25742.7614295,25742.7614295,25742.7614295,25742.7614295,25742.7614295,25742.7614295,25742.7614295,25742.7614295,25742.7614295,25742.7614295,25742.7614295,25742.7614295,25742.7614295,25742.7614295,25742.7614295,25742.7614295,25742.7614295,25742.7614295,25742.7614295,25742.7614295,25742.7614295,25742.7614295,25742.7614295,25742.7614295,25742.7614295,25742.7614295,25742.7614295,25742.7614295,25742.7614295,25742.7614295,25742.7614295,25742.7614295,25742.7614295,25742.7614295,25742.7614295,25742.7614295,25742.7614295,25742.7614295,25742.7614295,25742.7614295,25742.7614295,25742.7614295,25742.7614295,25742.7614295,25742.7614295,25742.7614295,25742.7614295,25742.7614295,25742.7614295,25742.7614295,25742.7614295,25742.7614295,25742.7614295,25742.7614295,25742.7614295,25742.7614295,25742.7614295,25742.7614295,25742.7614295,25742.7614295,25742.7614295,25742.7614295,25742.7614295,25742.7614295,25742.7614295,25742.7614295,25742.7614295,25742.7614295,25742.7614295,25742.7614295,25742.7614295,25742.7614295,25742.7614295,25742.7614295,25742.7614295,25742.7614295,25742.7614295,25742.7614295,25742.7614295,25742.7614295,25742.7614295,25742.7614295,25742.7614295,25742.7614295,25742.7614295,25742.7614295,25742.7614295,25742.7614295,25742.7614295,25742.7614295,25742.7614295,25742.7614295,25742.7614295,25742.7614295,25742.7614295,25742.7614295,25742.7614295,25742.7614295,25742.7614295,25742.7614295,25742.7614295,25742.7614295,25742.7614295,25742.7614295,25742.7614295,25742.7614295,25742.7614295,25742.7614295,25742.7614295,25742.7614295,25742.7614295,25742.7614295,25742.7614295,25742.7614295,25742.7614295,25742.7614295,25742.7614295,25742.7614295,25742.7614295,25742.7614295,25742.7614295,25742.7614295,25742.7614295,25742.7614295,25742.7614295,25742.7614295,25742.7614295,25742.7614295,25742.7614295,25742.7614295,25742.7614295,25742.7614295,25742.7614295,25742.7614295,25742.7614295,25742.7614295,25742.7614295,25742.7614295,25742.7614295,25742.7614295,25742.7614295,25742.7614295,25742.7614295,25742.7614295,25742.7614295,25742.7614295,25742.7614295,25742.7614295,25742.7614295,25742.7614295,25742.7614295,25742.7614295,25742.7614295,25742.7614295,25742.7614295,25742.7614295,25742.7614295,25742.7614295,25742.7614295,25742.7614295,25742.7614295,25742.7614295,25742.7614295,25742.7614295,25742.7614295,25742.7614295,25742.7614295,25742.7614295,25742.7614295,25742.7614295,25742.7614295,25742.7614295,25742.7614295,25742.7614295,25742.7614295,25742.7614295,25742.7614295,25742.7614295,25742.7614295,25742.7614295,25742.7614295,25742.7614295,25742.7614295,25742.7614295,25742.7614295,25742.7614295,25742.7614295,25742.7614295,25742.7614295,25742.7614295,25742.7614295,25742.7614295,25742.7614295,25742.7614295,25742.7614295,25742.7614295,25742.7614295,25742.7614295,25742.7614295,25742.7614295,25742.7614295,25742.7614295,25742.7614295,25742.7614295,25742.7614295,25742.7614295,25742.7614295,25742.7614295,25742.7614295,25742.7614295,25742.7614295,25742.7614295,25742.7614295,25742.7614295,25742.7614295,25742.7614295,25742.7614295,25742.7614295,25742.7614295,25742.7614295,25742.7614295,25742.7614295,25742.7614295,25742.7614295,25742.7614295,25742.7614295,25742.7614295,25742.7614295,25742.7614295,25742.7614295,25742.7614295,25742.7614295,25742.7614295,25742.7614295,25742.7614295,25742.7614295,25742.7614295,25742.7614295,25742.7614295,25742.7614295,25742.7614295,25742.7614295,25742.7614295,25742.7614295,25742.7614295,25742.7614295,25742.7614295,25742.7614295,25742.7614295,25742.7614295,25742.7614295,25742.7614295,25742.7614295,25742.7614295,25742.7614295,25742.7614295,25742.7614295,25742.7614295,25742.7614295,25742.7614295,25742.7614295,25742.7614295,25742.7614295,25742.7614295,25742.7614295,25742.7614295,25742.7614295,25742.7614295,25742.7614295,25742.7614295,25742.7614295,25742.7614295,25742.7614295,25742.7614295,25742.7614295,25742.7614295,25742.7614295,25742.7614295,25742.7614295,25742.7614295,25742.7614295,25742.7614295,25742.7614295,25742.7614295,25742.7614295,25742.7614295,25742.7614295,25742.7614295,25742.7614295,25742.7614295,25742.7614295,25742.7614295,25742.7614295,25742.7614295,25742.7614295,25742.7614295,25742.7614295,25742.7614295,25742.7614295,25742.7614295,25742.7614295,25742.7614295,25742.7614295,25742.7614295,25742.7614295,25742.7614295,25742.7614295,25742.7614295,25742.7614295,25742.7614295,25742.7614295,25742.7614295,25742.7614295,25742.7614295,25742.7614295,25742.7614295,25742.7614295,25742.7614295,25742.7614295,25742.7614295,25742.7614295,25742.7614295,25742.7614295,25742.7614295,25742.7614295,25742.7614295,25742.7614295,25742.7614295,25742.7614295,25742.7614295,25742.7614295,25742.7614295,25742.7614295,25742.7614295,25742.7614295,25742.7614295,25742.7614295,25742.7614295,25742.7614295,25742.7614295,25742.7614295,25742.7614295,25742.7614295,25742.7614295,25742.7614295,25742.7614295,25742.7614295,25742.7614295,25742.7614295,25742.7614295,25742.7614295,25742.7614295,25742.7614295,25742.7614295,25742.7614295,25742.7614295,25742.7614295,25742.7614295,25742.7614295,25742.7614295,25742.7614295,25742.7614295,25742.7614295,25742.7614295,25742.7614295,25742.7614295,25742.7614295,25742.7614295,25742.7614295,25742.7614295,25742.7614295,25742.7614295,25742.7614295,25742.7614295,25742.7614295,25742.7614295,25742.7614295,25742.7614295,25742.7614295,25742.7614295,25742.7614295,25742.7614295,25742.7614295,25742.7614295,25742.7614295,25742.7614295,25742.7614295,25742.7614295,25742.7614295,25742.7614295,25742.7614295,25742.7614295,25742.7614295,25742.7614295,25742.7614295,25742.7614295,25742.7614295,25742.7614295,25742.7614295,25742.7614295,25742.7614295,25742.7614295,25742.7614295,25742.7614295,25742.7614295,25742.7614295,25742.7614295,25742.7614295,25742.7614295,25742.7614295,25742.7614295,25742.7614295,25742.7614295,25742.7614295,25742.7614295,25742.7614295,25742.7614295,25742.7614295,25742.7614295,25742.7614295,25742.7614295,25742.7614295,25742.7614295,25742.7614295,25742.7614295,25742.7614295,25742.7614295,25742.7614295,25742.7614295,25742.7614295,25742.7614295,25742.7614295,25742.7614295,25742.7614295,25742.7614295,25742.7614295,25742.7614295,25742.7614295,25742.7614295,25742.7614295,25742.7614295,25742.7614295,25742.7614295,25742.7614295,25742.7614295,25742.7614295,25742.7614295,25742.7614295,25742.7614295,25742.7614295,25742.7614295,25742.7614295,25742.7614295,25742.7614295,25742.7614295,25742.7614295,25742.7614295,25742.7614295,25742.7614295,25742.7614295,25742.7614295,25742.7614295,25742.7614295,25742.7614295,25742.7614295,25742.7614295,25742.7614295,25742.7614295,25742.7614295,25742.7614295,25742.7614295,25742.7614295,25742.7614295,25742.7614295,25742.7614295,25742.7614295,25742.7614295,25742.7614295,25742.7614295,25742.7614295,25742.7614295,25742.7614295,25742.7614295,25742.7614295,25742.7614295,25742.7614295,25742.7614295,25742.7614295,25742.7614295,25742.7614295,25742.7614295,25742.7614295,25742.7614295,25742.7614295,25742.7614295,25742.7614295,25742.7614295,25742.7614295,25742.7614295,25742.7614295,25742.7614295,25742.7614295,25742.7614295,25742.7614295,25742.7614295,25742.7614295,25742.7614295,25742.7614295,25742.7614295,25742.7614295,25742.7614295,25742.7614295,25742.7614295,25742.7614295,25742.7614295,25742.7614295,25742.7614295,25742.7614295,25742.7614295,25742.7614295,25742.7614295,25742.7614295,25742.7614295,25742.7614295,25742.7614295,25742.7614295,25742.7614295,25742.7614295,25742.7614295,25742.7614295,25742.7614295,25742.7614295,25742.7614295,25742.7614295,25742.7614295,25742.7614295,25742.7614295,25742.7614295,25742.7614295,25742.7614295,25742.7614295,25742.7614295,25742.7614295,25742.7614295,25742.7614295,25742.7614295,25742.7614295,25742.7614295,25742.7614295,25742.7614295,25742.7614295,25742.7614295,25742.7614295,25742.7614295,25742.7614295,25742.7614295,25742.7614295,25742.7614295,25742.7614295,25742.7614295,25742.7614295,25742.7614295,25742.7614295,25742.7614295,25742.7614295,25742.7614295,25742.7614295,25742.7614295,25742.7614295,25742.7614295,25742.7614295,25742.7614295,25742.7614295,25742.7614295,25742.7614295,25742.7614295,25742.7614295,25742.7614295,25742.7614295,25742.7614295,25742.7614295,25742.7614295,25742.7614295,25742.7614295,25742.7614295,25742.7614295,25742.7614295,25742.7614295,25742.7614295,25742.7614295,25742.7614295,25742.7614295,25742.7614295,25742.7614295,25742.7614295,25742.7614295,25742.7614295,25742.7614295,25742.7614295,25742.7614295,25742.7614295,25742.7614295,25742.7614295,25742.7614295,25742.7614295,25742.7614295,25742.7614295,25742.7614295,25742.7614295,25742.7614295,25742.7614295,25742.7614295,25742.7614295,25742.7614295,25742.7614295,25742.7614295,25742.7614295,25742.7614295,25742.7614295,25742.7614295,25742.7614295,25742.7614295,25742.7614295,25742.7614295,25742.7614295,25742.7614295,25742.7614295,25742.7614295,25742.7614295,25742.7614295,25742.7614295,25742.7614295,25742.7614295,25742.7614295,25742.7614295,25742.7614295,25742.7614295,25742.7614295,25742.7614295,25742.7614295,25742.7614295,25742.7614295,25742.7614295,25742.7614295,25742.7614295,25742.7614295,25742.7614295,25742.7614295,25742.7614295,25742.7614295,25742.7614295,25742.7614295,25742.7614295,25742.7614295,25742.7614295,25742.7614295,25742.7614295,25742.7614295,25742.7614295,25742.7614295,25742.7614295,25742.7614295,25742.7614295,25742.7614295,25742.7614295,25742.7614295,25742.7614295,25742.7614295,25742.7614295,25742.7614295,25742.7614295,25742.7614295,25742.7614295,25742.7614295,25742.7614295,25742.7614295,25742.7614295,25742.7614295,25742.7614295,25742.7614295,25742.7614295,25742.7614295,25742.7614295,25742.7614295,25742.7614295,25742.7614295,25742.7614295,25742.7614295,25742.7614295,25742.7614295,25742.7614295,25742.7614295,25742.7614295,25742.7614295,25742.7614295,25742.7614295,25742.7614295,25742.7614295,25742.7614295,25742.7614295,25742.7614295,25742.7614295,25742.7614295,25742.7614295,25742.7614295,25742.7614295,25742.7614295,25742.7614295,25742.7614295,25742.7614295,25742.7614295,25742.7614295,25742.7614295,25742.7614295,25742.7614295,25742.7614295,25742.7614295,25742.7614295,25742.7614295,25742.7614295,25742.7614295,25742.7614295,25742.7614295,25742.7614295,25742.7614295,25742.7614295,25742.7614295,25742.7614295,25742.7614295,25742.7614295,25742.7614295,25742.7614295,25742.7614295,25742.7614295,25742.7614295,25742.7614295,25742.7614295,25742.7614295,25742.7614295,25742.7614295,25742.7614295,25742.7614295,25742.7614295,25742.7614295,25742.7614295,25742.7614295,25742.7614295,25742.7614295,25742.7614295,25742.7614295,25742.7614295,25742.7614295,25742.7614295,25742.7614295,25742.7614295,25742.7614295,25742.7614295,25742.7614295,25742.7614295,25742.7614295,25742.7614295,25742.7614295,25742.7614295,25742.7614295,25742.7614295,25742.7614295,25742.7614295,25742.7614295,25742.7614295,25742.7614295,25742.7614295,25742.7614295,25742.7614295,25742.7614295,25742.7614295,25742.7614295,25742.7614295,25742.7614295,25742.7614295,25742.7614295,25742.7614295,25742.7614295,25742.7614295,25742.7614295,25742.7614295,25742.7614295,25742.7614295,25742.7614295,25742.7614295,25742.7614295,25742.7614295,25742.7614295,25742.7614295,25742.7614295,25742.7614295,25742.7614295,25742.7614295,25742.7614295,25742.7614295,25742.7614295,25742.7614295,25742.7614295,25742.7614295,25742.7614295,25742.7614295,25742.7614295,25742.7614295,25742.7614295,25742.7614295,25742.7614295,25742.7614295,25742.7614295,25742.7614295,25742.7614295,25742.7614295,25742.7614295,25742.7614295,25742.7614295,25742.7614295,25742.7614295,25742.7614295,25742.7614295,25742.7614295,25742.7614295,25742.7614295,25742.7614295,25742.7614295,25742.7614295,25742.7614295,25742.7614295,25742.7614295,25742.7614295,25742.7614295,25742.7614295,25742.7614295,25742.7614295,25742.7614295,25742.7614295,25742.7614295,25742.7614295,25742.7614295,25742.7614295,25742.7614295,25742.7614295,25742.7614295,25742.7614295,25742.7614295,25742.7614295,25742.7614295,25742.7614295,25742.7614295,25742.7614295,25742.7614295,25742.7614295,25742.7614295,25742.7614295,25742.7614295,25742.7614295,25742.7614295,25742.7614295,25742.7614295,25742.7614295,25742.7614295,25742.7614295,25742.7614295,25742.7614295,25742.7614295,25742.7614295,25742.7614295,25742.7614295,25742.7614295,25742.7614295,25742.7614295,25742.7614295,25742.7614295,25742.7614295,25742.7614295,25742.7614295,25742.7614295,25742.7614295,25742.7614295,25742.7614295,25742.7614295,25742.7614295,25742.7614295,25742.7614295,25742.7614295,25742.7614295,25742.7614295,25742.7614295,25742.7614295,25742.7614295,25742.7614295,25742.7614295,25742.7614295,25742.7614295,25742.7614295,25742.7614295,25742.7614295,25742.7614295,25742.7614295,25742.7614295,25742.7614295,25742.7614295,25742.7614295,25742.7614295,25742.7614295,25742.7614295,25742.7614295,25742.7614295,25742.7614295,25742.7614295,25742.7614295,25742.7614295,25742.7614295,25742.7614295,25742.7614295,25742.7614295,25742.7614295,25742.7614295,25742.7614295,25742.7614295,25742.7614295,25742.7614295,25742.7614295,25742.7614295,25742.7614295,25742.7614295,25742.7614295,25742.7614295,25742.7614295,25742.7614295,25742.7614295,25742.7614295,25742.7614295,25742.7614295,25742.7614295,25742.7614295,25742.7614295,25742.7614295,25742.7614295,25742.7614295,25742.7614295,25742.7614295,25742.7614295,25742.7614295,25742.7614295,25742.7614295,25742.7614295,25742.7614295,25742.7614295,25742.7614295,25742.7614295,25742.7614295,25742.7614295,25742.7614295,25742.7614295,25742.7614295,25742.7614295,25742.7614295,25742.7614295,25742.7614295,25742.7614295,25742.7614295,25742.7614295,25742.7614295,25742.7614295,25742.7614295,25742.7614295,25742.7614295,25742.7614295,25742.7614295,25742.7614295,25742.7614295,25742.7614295,25742.7614295,25742.7614295,25742.7614295,25742.7614295,25742.7614295,25742.7614295,25742.7614295,25742.7614295,25742.7614295,25742.7614295,25742.7614295,25742.7614295,25742.7614295,25742.7614295,25742.7614295,25742.7614295,25742.7614295,25742.7614295,25742.7614295,25742.7614295,25742.7614295,25742.7614295,25742.7614295,25742.7614295,25742.7614295,25742.7614295,25742.7614295,25742.7614295,25742.7614295,25742.7614295,25742.7614295,25742.7614295,25742.7614295,25742.7614295,25742.7614295,25742.7614295,25742.7614295,25742.7614295,25742.7614295,25742.7614295,25742.7614295,25742.7614295,25742.7614295,25742.7614295,25742.7614295,25742.7614295,25742.7614295,25742.7614295,25742.7614295,25742.7614295,25742.7614295,25742.7614295,25742.7614295,25742.7614295,25742.7614295,25742.7614295,25742.7614295,25742.7614295,25742.7614295,25742.7614295,25742.7614295,25742.7614295,25742.7614295,25742.7614295,25742.7614295,25742.7614295,25742.7614295,25742.7614295,25742.7614295,25742.7614295,25742.7614295,25742.7614295,25742.7614295,25742.7614295,25742.7614295,25742.7614295,25742.7614295,25742.7614295,25742.7614295,25742.7614295,25742.7614295,25742.7614295,25742.7614295,25742.7614295,25742.7614295,25742.7614295,25742.7614295,25742.7614295,25742.7614295,25742.7614295,25742.7614295,25742.7614295,25742.7614295,25742.7614295,25742.7614295,25742.7614295,25742.7614295,25742.7614295,25742.7614295,25742.7614295,25742.7614295,25742.7614295,25742.7614295,25742.7614295,25742.7614295,25742.7614295,25742.7614295,25742.7614295,25742.7614295,25742.7614295,25742.7614295,25742.7614295,25742.7614295,25742.7614295,25742.7614295,25742.7614295,25742.7614295,25742.7614295,25742.7614295,25742.7614295,25742.7614295,25742.7614295,25742.7614295,25742.7614295,25742.7614295,25742.7614295,25742.7614295,25742.7614295,25742.7614295,25742.7614295,25742.7614295,25742.7614295,25742.7614295,25742.7614295,25742.7614295,25742.7614295,25742.7614295,25742.7614295,25742.7614295,25742.7614295,25742.7614295,25742.7614295,25742.7614295,25742.7614295,25742.7614295,25742.7614295,25742.7614295,25742.7614295,25742.7614295,25742.7614295,25742.7614295,25742.7614295,25742.7614295,25742.7614295,25742.7614295,25742.7614295,25742.7614295,25742.7614295,25742.7614295,25742.7614295,25742.7614295,25742.7614295,25742.7614295,25742.7614295,25742.7614295,25742.7614295,25742.7614295,25742.7614295,25742.7614295,25742.7614295,25742.7614295,25742.7614295,25742.7614295,25742.7614295,25742.7614295,25742.7614295,25742.7614295,25742.7614295,25742.7614295,25742.7614295,25742.7614295,25742.7614295,25742.7614295,25742.7614295,25742.7614295,25742.7614295,25742.7614295,25742.7614295,25742.7614295,25742.7614295,25742.7614295,25742.7614295,25742.7614295,25742.7614295,25742.7614295,25742.7614295,25742.7614295,25742.7614295,25742.7614295,25742.7614295,25742.7614295,25742.7614295,25742.7614295,25742.7614295,25742.7614295,25742.7614295,25742.7614295,25742.7614295,25742.7614295,25742.7614295,25742.7614295,25742.7614295,25742.7614295,25742.7614295,25742.7614295,25742.7614295,25742.7614295,25742.7614295,25742.7614295,25742.7614295,25742.7614295,25742.7614295,25742.7614295,25742.7614295,25742.7614295,25742.7614295,25742.7614295,25742.7614295,25742.7614295,25742.7614295,25742.7614295,25742.7614295,25742.7614295,25742.7614295,25742.7614295,25742.7614295,25742.7614295,25742.7614295,25742.7614295,25742.7614295,25742.7614295,25742.7614295,25742.7614295,25742.7614295,25742.7614295,25742.7614295,25742.7614295,25742.7614295,25742.7614295,25742.7614295,25742.7614295,25742.7614295,25742.7614295,25742.7614295,25742.7614295,25742.7614295,25742.7614295,25742.7614295,25742.7614295,25742.7614295,25742.7614295,25742.7614295,25742.7614295,25742.7614295,25742.7614295,25742.7614295,25742.7614295,25742.7614295,25742.7614295,25742.7614295,25742.7614295,25742.7614295,25742.7614295,25742.7614295,25742.7614295,25742.7614295,25742.7614295,25742.7614295,25742.7614295,25742.7614295,25742.7614295,25742.7614295,25742.7614295,25742.7614295,25742.7614295,25742.7614295,25742.7614295,25742.7614295,25742.7614295,25742.7614295,25742.7614295,25742.7614295,25742.7614295,25742.7614295,25742.7614295,25742.7614295,25742.7614295,25742.7614295,25742.7614295,25742.7614295,25742.7614295,25742.7614295,25742.7614295,25742.7614295,25742.7614295,25742.7614295,25742.7614295,25742.7614295,25742.7614295,25742.7614295,25742.7614295,25742.7614295,25742.7614295,25742.7614295,25742.7614295,25742.7614295,25742.7614295,25742.7614295,25742.7614295,25742.7614295,25742.7614295,25742.7614295,25742.7614295,25742.7614295,25742.7614295,25742.7614295,25742.7614295,25742.7614295,25742.7614295,25742.7614295,25742.7614295,25742.7614295,25742.7614295,25742.7614295,25742.7614295,25742.7614295,25742.7614295,25742.7614295,25742.7614295,25742.7614295,25742.7614295,25742.7614295,25742.7614295,25742.7614295,25742.7614295,25742.7614295,25742.7614295,25742.7614295,25742.7614295,25742.7614295,25742.7614295,25742.7614295,25742.7614295,25742.7614295,25742.7614295,25742.7614295,25742.7614295,25742.7614295,25742.7614295,25742.7614295,25742.7614295,25742.7614295,25742.7614295,25742.7614295,25742.7614295,25742.7614295,25742.7614295,25742.7614295,25742.7614295,25742.7614295,25742.7614295,25742.7614295,25742.7614295,25742.7614295,25742.7614295,25742.7614295,25742.7614295,25742.7614295,25742.7614295,25742.7614295,25742.7614295,25742.7614295,25742.7614295,25742.7614295,25742.7614295,25742.7614295,25742.7614295,25742.7614295,25742.7614295,25742.7614295,25742.7614295,25742.7614295,25742.7614295,25742.7614295,25742.7614295,25742.7614295,25742.7614295,25742.7614295,25742.7614295,25742.7614295,25742.7614295,25742.7614295,25742.7614295,25742.7614295,25742.7614295,25742.7614295,25742.7614295,25742.7614295,25742.7614295,25742.7614295,25742.7614295,25742.7614295,25742.7614295,25742.7614295,25742.7614295,25742.7614295,25742.7614295,25742.7614295,25742.7614295,25742.7614295,25742.7614295,25742.7614295,25742.7614295,25742.7614295,25742.7614295,25742.7614295,25742.7614295,25742.7614295,25742.7614295,25742.7614295,25742.7614295,25742.7614295,25742.7614295,25742.7614295,25742.7614295,25742.7614295,25742.7614295,25742.7614295,25742.7614295,25742.7614295,25742.7614295,25742.7614295,25742.7614295,25742.7614295,25742.7614295,25742.7614295,25742.7614295,25742.7614295,25742.7614295,25742.7614295,25742.7614295,25742.7614295,25742.7614295,25742.7614295,25742.7614295,25742.7614295,25742.7614295,25742.7614295,25742.7614295,25742.7614295,25742.7614295,25742.7614295,25742.7614295,25742.7614295,25742.7614295,25742.7614295,25742.7614295,25742.7614295,25742.7614295,25742.7614295,25742.7614295,25742.7614295,25742.7614295,25742.7614295,25742.7614295,25742.7614295,25742.7614295,25742.7614295,25742.7614295,25742.7614295,25742.7614295,25742.7614295,25742.7614295,25742.7614295,25742.7614295,25742.7614295,25742.7614295,25742.7614295,25742.7614295,25742.7614295,25742.7614295,25742.7614295,25742.7614295,25742.7614295,25742.7614295,25742.7614295,25742.7614295,25742.7614295,25742.7614295,25742.7614295,25742.7614295,25742.7614295,25742.7614295,25742.7614295,25742.7614295,25742.7614295,25742.7614295,25742.7614295,25742.7614295,25742.7614295,25742.7614295,25742.7614295,25742.7614295,25742.7614295,25742.7614295,25742.7614295,25742.7614295,25742.7614295,25742.7614295,25742.7614295,25742.7614295,25742.7614295,25742.7614295,25742.7614295,25742.7614295,25742.7614295,25742.7614295,25742.7614295,25742.7614295,25742.7614295,25742.7614295,25742.7614295,25742.7614295,25742.7614295,25742.7614295,25742.7614295,25742.7614295,25742.7614295,25742.7614295,25742.7614295,25742.7614295,25742.7614295,25742.7614295,25742.7614295,25742.7614295,25742.7614295,25742.7614295,25742.7614295,25742.7614295,25742.7614295,25742.7614295,25742.7614295,25742.7614295,25742.7614295,25742.7614295,25742.7614295,25742.7614295,25742.7614295,25742.7614295,25742.7614295,25742.7614295,25742.7614295,25742.7614295,25742.7614295,25742.7614295,25742.7614295,25742.7614295,25742.7614295,25742.7614295,25742.7614295,25742.7614295,25742.7614295,25742.7614295,25742.7614295,25742.7614295,25742.7614295,25742.7614295,25742.7614295,25742.7614295,25742.7614295,25742.7614295,25742.7614295,25742.7614295,25742.7614295,25742.7614295,25742.7614295,25742.7614295,25742.7614295,25742.7614295,25742.7614295,25742.7614295,25742.7614295,25742.7614295,25742.7614295,25742.7614295,25742.7614295,25742.7614295,25742.7614295,25742.7614295,25742.7614295,25742.7614295,25742.7614295,25742.7614295,25742.7614295,25742.7614295,25742.7614295,25742.7614295,25742.7614295,25742.7614295,25742.7614295,25742.7614295,25742.7614295,25742.7614295,25742.7614295,25742.7614295,25742.7614295,25742.7614295,25742.7614295,25742.7614295,25742.7614295,25742.7614295,25742.7614295,25742.7614295,25742.7614295,25742.7614295,25742.7614295,25742.7614295,25742.7614295,25742.7614295,25742.7614295,25742.7614295,25742.7614295,25742.7614295,25742.7614295,25742.7614295,25742.7614295,25742.7614295,25742.7614295,25742.7614295,25742.7614295,25742.7614295,25742.7614295,25742.7614295,25742.7614295,25742.7614295,25742.7614295,25742.7614295,25742.7614295,25742.7614295,25742.7614295,25742.7614295,25742.7614295,25742.7614295,25742.7614295,25742.7614295,25742.7614295,25742.7614295,25742.7614295,25742.7614295,25742.7614295,25742.7614295,25742.7614295,25742.7614295,25742.7614295,25742.7614295,25742.7614295,25742.7614295,25742.7614295,25742.7614295,25742.7614295,25742.7614295,25742.7614295,25742.7614295,25742.7614295,25742.7614295,25742.7614295,25742.7614295,25742.7614295,25742.7614295,25742.7614295,25742.7614295,25742.7614295,25742.7614295,25742.7614295,25742.7614295,25742.7614295,25742.7614295,25742.7614295,25742.7614295,25742.7614295,25742.7614295,25742.7614295,25742.7614295,25742.7614295,25742.7614295,25742.7614295,25742.7614295,25742.7614295,25742.7614295,25742.7614295,25742.7614295,25742.7614295,25742.7614295,25742.7614295,25742.7614295,25742.7614295,25742.7614295,25742.7614295,25742.7614295,25742.7614295,25742.7614295,25742.7614295,25742.7614295,25742.7614295,25742.7614295,25742.7614295,25742.7614295,25742.7614295,25742.7614295,25742.7614295,25742.7614295,25742.7614295,25742.7614295,25742.7614295,25742.7614295,25742.7614295,25742.7614295,25742.7614295,25742.7614295,25742.7614295,25742.7614295,25742.7614295,25742.7614295,25742.7614295,25742.7614295,25742.7614295,25742.7614295,25742.7614295,25742.7614295,25742.7614295,25742.7614295,25742.7614295,25742.7614295,25742.7614295,25742.7614295,25742.7614295,25742.7614295,25742.7614295,25742.7614295,25742.7614295,25742.7614295,25742.7614295,25742.7614295,25742.7614295,25742.7614295,25742.7614295,25742.7614295,25742.7614295,25742.7614295,25742.7614295,25742.7614295,25742.7614295,25742.7614295,25742.7614295,25742.7614295,25742.7614295,25742.7614295,25742.7614295,25742.7614295,25742.7614295,25742.7614295,25742.7614295,25742.7614295,25742.7614295,25742.7614295,25742.7614295,25742.7614295,25742.7614295,25742.7614295,25742.7614295,25742.7614295,25742.7614295,25742.7614295,25742.7614295,25742.7614295,25742.7614295,25742.7614295,25742.7614295,25742.7614295,25742.7614295,25742.7614295,25742.7614295,25742.7614295,25742.7614295,25742.7614295,25742.7614295,25742.7614295,25742.7614295,25742.7614295,25742.7614295,25742.7614295,25742.7614295,25742.7614295,25742.7614295,25742.7614295,25742.7614295,25742.7614295,25742.7614295,25742.7614295,25742.7614295,25742.7614295,25742.7614295,25742.7614295,25742.7614295,25742.7614295,25742.7614295,25742.7614295,25742.7614295,25742.7614295,25742.7614295,25742.7614295,25742.7614295,25742.7614295,25742.7614295,25742.7614295,25742.7614295,25742.7614295,25742.7614295,25742.7614295,25742.7614295,25742.7614295,25742.7614295,25742.7614295,25742.7614295,25742.7614295,25742.7614295,25742.7614295,25742.7614295,25742.7614295,25742.7614295,25742.7614295,25742.7614295,25742.7614295,25742.7614295,25742.7614295,25742.7614295,25742.7614295,25742.7614295,25742.7614295,25742.7614295,25742.7614295,25742.7614295,25742.7614295,25742.7614295,25742.7614295,25742.7614295,25742.7614295,25742.7614295,25742.7614295,25742.7614295,25742.7614295,25742.7614295,25742.7614295,25742.7614295,25742.7614295,25742.7614295,25742.7614295,25742.7614295,25742.7614295,25742.7614295,25742.7614295,25742.7614295,25742.7614295,25742.7614295,25742.7614295,25742.7614295,25742.7614295,25742.7614295,25742.7614295,25742.7614295,25742.7614295,25742.7614295,25742.7614295,25742.7614295,25742.7614295,25742.7614295,25742.7614295,25742.7614295,25742.7614295,25742.7614295,25742.7614295,25742.7614295,25742.7614295,25742.7614295,25742.7614295,25742.7614295,25742.7614295,25742.7614295,25742.7614295,25742.7614295,25742.7614295,25742.7614295,25742.7614295,25742.7614295,25742.7614295,25742.7614295,25742.7614295,25742.7614295,25742.7614295,25742.7614295,25742.7614295,25742.7614295,25742.7614295,25742.7614295,25742.7614295,25742.7614295,25742.7614295,25742.7614295,25742.7614295,25742.7614295,25742.7614295,25742.7614295,25742.7614295,25742.7614295,25742.7614295,25742.7614295,25742.7614295,25742.7614295,25742.7614295,25742.7614295,25742.7614295,25742.7614295,25742.7614295,25742.7614295,25742.7614295,25742.7614295,25742.7614295,25742.7614295,25742.7614295,25742.7614295,25742.7614295,25742.7614295,25742.7614295,25742.7614295,25742.7614295,25742.7614295,25742.7614295,25742.7614295,25742.7614295,25742.7614295,25742.7614295,25742.7614295,25742.7614295,25742.7614295,25742.7614295,25742.7614295,25742.7614295,25742.7614295,25742.7614295,25742.7614295,25742.7614295,25742.7614295,25742.7614295,25742.7614295,25742.7614295,25742.7614295,25742.7614295,25742.7614295,25742.7614295,25742.7614295,25742.7614295,25742.7614295,25742.7614295,25742.7614295,25742.7614295,25742.7614295,25742.7614295,25742.7614295,25742.7614295,25742.7614295,25742.7614295,25742.7614295,25742.7614295,25742.7614295,25742.7614295,25742.7614295,25742.7614295,25742.7614295,25742.7614295,25742.7614295,25742.7614295,25742.7614295,25742.7614295,25742.7614295,25742.7614295,25742.7614295,25742.7614295,25742.7614295,25742.7614295,25742.7614295,25742.7614295,25742.7614295,25742.7614295,25742.7614295,25742.7614295,25742.7614295,25742.7614295,25742.7614295,25742.7614295,25742.7614295,25742.7614295,25742.7614295,25742.7614295,25742.7614295,25742.7614295,25742.7614295,25742.7614295,25742.7614295,25742.7614295,25742.7614295,25742.7614295,25742.7614295,25742.7614295,25742.7614295,25742.7614295,25742.7614295,25742.7614295,25742.7614295,25742.7614295,25742.7614295,25742.7614295,25742.7614295,25742.7614295,25742.7614295,25742.7614295,25742.7614295,25742.7614295,25742.7614295,25742.7614295,25742.7614295,25742.7614295,25742.7614295,25742.7614295,25742.7614295,25742.7614295,25742.7614295,25742.7614295,25742.7614295,25742.7614295,25742.7614295,25742.7614295,25742.7614295,25742.7614295,25742.7614295,25742.7614295,25742.7614295,25742.7614295,25742.7614295,25742.7614295,25742.7614295,25742.7614295,25742.7614295,25742.7614295,25742.7614295,25742.7614295,25742.7614295,25742.7614295,25742.7614295,25742.7614295,25742.7614295,25742.7614295,25742.7614295,25742.7614295,25742.7614295,25742.7614295,25742.7614295,25742.7614295,25742.7614295,25742.7614295,25742.7614295,25742.7614295,25742.7614295,25742.7614295,25742.7614295,25742.7614295,25742.7614295,25742.7614295,25742.7614295,25742.7614295,25742.7614295,25742.7614295,25742.7614295,25742.7614295,25742.7614295,25742.7614295,25742.7614295,25742.7614295,25742.7614295,25742.7614295,25742.7614295,25742.7614295,25742.7614295,25742.7614295,25742.7614295,25742.7614295,25742.7614295,25742.7614295,25742.7614295,25742.7614295,25742.7614295,25742.7614295,25742.7614295,25742.7614295,25742.7614295,25742.7614295,25742.7614295,25742.7614295,25742.7614295,25742.7614295,25742.7614295,25742.7614295,25742.7614295,25742.7614295,25742.7614295,25742.7614295,25742.7614295,25742.7614295,25742.7614295,25742.7614295,25742.7614295,25742.7614295,25742.7614295,25742.7614295,25742.7614295,25742.7614295,25742.7614295,25742.7614295,25742.7614295,25742.7614295,25742.7614295,25742.7614295,25742.7614295,25742.7614295,25742.7614295,25742.7614295,25742.7614295,25742.7614295,25742.7614295,25742.7614295,25742.7614295,25742.7614295,25742.7614295,25742.7614295,25742.7614295,25742.7614295,25742.7614295,25742.7614295,25742.7614295,25742.7614295,25742.7614295,25742.7614295,25742.7614295,25742.7614295,25742.7614295,25742.7614295,25742.7614295,25742.7614295,25742.7614295,25742.7614295,25742.7614295,25742.7614295,25742.7614295,25742.7614295,25742.7614295,25742.7614295,25742.7614295,25742.7614295,25742.7614295,25742.7614295,25742.7614295,25742.7614295,25742.7614295,25742.7614295,25742.7614295,25742.7614295,25742.7614295,25742.7614295,25742.7614295,25742.7614295,25742.7614295,25742.7614295,25742.7614295,25742.7614295,25742.7614295,25742.7614295,25742.7614295,25742.7614295,25742.7614295,25742.7614295,25742.7614295,25742.7614295,25742.7614295,25742.7614295,25742.7614295,25742.7614295,25742.7614295,25742.7614295,25742.7614295,25742.7614295,25742.7614295,25742.7614295,25742.7614295,25742.7614295,25742.7614295,25742.7614295,25742.7614295,25742.7614295,25742.7614295,25742.7614295,25742.7614295,25742.7614295,25742.7614295,25742.7614295,25742.7614295,25742.7614295,25742.7614295,25742.7614295,25742.7614295,25742.7614295,25742.7614295,25742.7614295,25742.7614295,25742.7614295,25742.7614295,25742.7614295,25742.7614295,25742.7614295,25742.7614295,25742.7614295,25742.7614295,25742.7614295,25742.7614295,25742.7614295,25742.7614295,25742.7614295,25742.7614295,25742.7614295,25742.7614295,25742.7614295,25742.7614295,25742.7614295,25742.7614295,25742.7614295,25742.7614295,25742.7614295,25742.7614295,25742.7614295,25742.7614295,25742.7614295,25742.7614295,25742.7614295,25742.7614295,25742.7614295,25742.7614295,25742.7614295,25742.7614295,25742.7614295,25742.7614295,25742.7614295,25742.7614295,25742.7614295,25742.7614295,25742.7614295,25742.7614295,25742.7614295,25742.7614295,25742.7614295,25742.7614295,25742.7614295,25742.7614295,25742.7614295,25742.7614295,25742.7614295,25742.7614295,25742.7614295,25742.7614295,25742.7614295,25742.7614295,25742.7614295,25742.7614295,25742.7614295,25742.7614295,25742.7614295,25742.7614295,25742.7614295,25742.7614295,25742.7614295,25742.7614295,25742.7614295,25742.7614295,25742.7614295,25742.7614295,25742.7614295,25742.7614295,25742.7614295,25742.7614295,25742.7614295,25742.7614295,25742.7614295,25742.7614295,25742.7614295,25742.7614295,25742.7614295,25742.7614295,25742.7614295,25742.7614295,25742.7614295,25742.7614295,25742.7614295,25742.7614295,25742.7614295,25742.7614295,25742.7614295,25742.7614295,25742.7614295,25742.7614295,25742.7614295,25742.7614295,25742.7614295,25742.7614295,25742.7614295,25742.7614295,25742.7614295,25742.7614295,25742.7614295,25742.7614295,25742.7614295,25742.7614295,25742.7614295,25742.7614295,25742.7614295,25742.7614295,25742.7614295,25742.7614295,25742.7614295,25742.7614295,25742.7614295,25742.7614295,25742.7614295,25742.7614295,25742.7614295,25742.7614295,25742.7614295,25742.7614295,25742.7614295,25742.7614295,25742.7614295,25742.7614295,25742.7614295,25742.7614295,25742.7614295,25742.7614295,25742.7614295,25742.7614295,25742.7614295,25742.7614295,25742.7614295,25742.7614295,25742.7614295,25742.7614295,25742.7614295,25742.7614295,25742.7614295,25742.7614295,25742.7614295,25742.7614295,25742.7614295,25742.7614295,25742.7614295,25742.7614295,25742.7614295,25742.7614295,25742.7614295,25742.7614295,25742.7614295,25742.7614295,25742.7614295,25742.7614295,25742.7614295,25742.7614295,25742.7614295,25742.7614295,25742.7614295,25742.7614295,25742.7614295,25742.7614295,25742.7614295,25742.7614295,25742.7614295,25742.7614295,25742.7614295,25742.7614295,25742.7614295,25742.7614295,25742.7614295,25742.7614295,25742.7614295,25742.7614295,25742.7614295,25742.7614295,25742.7614295,25742.7614295,25742.7614295,25742.7614295,25742.7614295,25742.7614295,25742.7614295,25742.7614295,25742.7614295,25742.7614295,25742.7614295,25742.7614295,25742.7614295,25742.7614295,25742.7614295,25742.7614295,25742.7614295,25742.7614295,25742.7614295,25742.7614295,25742.7614295,25742.7614295,25742.7614295,25742.7614295,25742.7614295,25742.7614295,25742.7614295,25742.7614295,25742.7614295,25742.7614295,25742.7614295,25742.7614295,25742.7614295,25742.7614295,25742.7614295,25742.7614295,25742.7614295,25742.7614295,25742.7614295,25742.7614295,25742.7614295,25742.7614295,25742.7614295,25742.7614295,25742.7614295,25742.7614295,25742.7614295,25742.7614295,25742.7614295,25742.7614295,25742.7614295,25742.7614295,25742.7614295,25742.7614295,25742.7614295,25742.7614295,25742.7614295,25742.7614295,25742.7614295,25742.7614295,25742.7614295,25742.7614295,25742.7614295,25742.7614295,25742.7614295,25742.7614295,25742.7614295,25742.7614295,25742.7614295,25742.7614295,25742.7614295,25742.7614295,25742.7614295,25742.7614295,25742.7614295,25742.7614295,25742.7614295,25742.7614295,25742.7614295,25742.7614295,25742.7614295,25742.7614295,25742.7614295,25742.7614295,25742.7614295,25742.7614295,25742.7614295,25742.7614295,25742.7614295,25742.7614295,25742.7614295,25742.7614295,25742.7614295,25742.7614295,25742.7614295,25742.7614295,25742.7614295,25742.7614295,25742.7614295,25742.7614295,25742.7614295,25742.7614295,25742.7614295,25742.7614295,25742.7614295,25742.7614295,25742.7614295,25742.7614295,25742.7614295,25742.7614295,25742.7614295,25742.7614295,25742.7614295,25742.7614295,25742.7614295,25742.7614295,25742.7614295,25742.7614295,25742.7614295,25742.7614295,25742.7614295,25742.7614295,25742.7614295,25742.7614295,25742.7614295,25742.7614295,25742.7614295,25742.7614295,25742.7614295,25742.7614295,25742.7614295,25742.7614295,25742.7614295,25742.7614295,25742.7614295,25742.7614295,25742.7614295,25742.7614295,25742.7614295,25742.7614295,25742.7614295,25742.7614295,25742.7614295,25742.7614295,25742.7614295,25742.7614295,25742.7614295,25742.7614295,25742.7614295,25742.7614295,25742.7614295,25742.7614295,25742.7614295,25742.7614295,25742.7614295,25742.7614295,25742.7614295,25742.7614295,25742.7614295,25742.7614295,25742.7614295,25742.7614295,25742.7614295,25742.7614295,25742.7614295,25742.7614295,25742.7614295,25742.7614295,25742.7614295,25742.7614295,25742.7614295,25742.7614295,25742.7614295,25742.7614295,25742.7614295,25742.7614295,25742.7614295,25742.7614295,25742.7614295,25742.7614295,25742.7614295,25742.7614295,25742.7614295,25742.7614295,25742.7614295,25742.7614295,25742.7614295,25742.7614295,25742.7614295,25742.7614295,25742.7614295,25742.7614295,25742.7614295,25742.7614295,25742.7614295,25742.7614295,25742.7614295,25742.7614295,25742.7614295,25742.7614295,25742.7614295,25742.7614295,25742.7614295,25742.7614295,25742.7614295,25742.7614295,25742.7614295,25742.7614295,25742.7614295,25742.7614295,25742.7614295,25742.7614295,25742.7614295,25742.7614295,25742.7614295,25742.7614295,25742.7614295,25742.7614295,25742.7614295,25742.7614295,25742.7614295,25742.7614295,25742.7614295,25742.7614295,25742.7614295,25742.7614295,25742.7614295,25742.7614295,25742.7614295,25742.7614295,25742.7614295,25742.7614295,25742.7614295,25742.7614295,25742.7614295,25742.7614295,25742.7614295,25742.7614295,25742.7614295,25742.7614295,25742.7614295,25742.7614295,25742.7614295,25742.7614295,25742.7614295,25742.7614295,25742.7614295,25742.7614295,25742.7614295,25742.7614295,25742.7614295,25742.7614295,25742.7614295,25742.7614295,25742.7614295,25742.7614295,25742.7614295,25742.7614295,25742.7614295,25742.7614295,25742.7614295,25742.7614295,25742.7614295,25742.7614295,25742.7614295,25742.7614295,25742.7614295,25742.7614295,25742.7614295,25742.7614295,25742.7614295,25742.7614295,25742.7614295,25742.7614295,25742.7614295,25742.7614295,25742.7614295,25742.7614295,25742.7614295,25742.7614295,25742.7614295,25742.7614295,25742.7614295,25742.7614295,25742.7614295,25742.7614295,25742.7614295,25742.7614295,25742.7614295,25742.7614295,25742.7614295,25742.7614295,25742.7614295,25742.7614295,25742.7614295,25742.7614295,25742.7614295,25742.7614295,25742.7614295,25742.7614295,25742.7614295,25742.7614295,25742.7614295,25742.7614295,25742.7614295,25742.7614295,25742.7614295,25742.7614295,25742.7614295,25742.7614295,25742.7614295,25742.7614295,25742.7614295,25742.7614295,25742.7614295,25742.7614295,25742.7614295,25742.7614295,25742.7614295,25742.7614295,25742.7614295,25742.7614295,25742.7614295,25742.7614295,25742.7614295,25742.7614295,25742.7614295,25742.7614295,25742.7614295,25742.7614295,25742.7614295,25742.7614295,25742.7614295,25742.7614295,25742.7614295,25742.7614295,25742.7614295,25742.7614295,25742.7614295,25742.7614295,25742.7614295,25742.7614295,25742.7614295,25742.7614295,25742.7614295,25742.7614295,25742.7614295,25742.7614295,25742.7614295,25742.7614295,25742.7614295,25742.7614295,25742.7614295,25742.7614295,25742.7614295,25742.7614295,25742.7614295,25742.7614295,25742.7614295,25742.7614295,25742.7614295,25742.7614295,25742.7614295,25742.7614295,25742.7614295,25742.7614295,25742.7614295,25742.7614295,25742.7614295,25742.7614295,25742.7614295,25742.7614295,25742.7614295,25742.7614295,25742.7614295,25742.7614295,25742.7614295,25742.7614295,25742.7614295,25742.7614295,25742.7614295,25742.7614295,25742.7614295,25742.7614295,25742.7614295,25742.7614295,25742.7614295,25742.7614295,25742.7614295,25742.7614295,25742.7614295,25742.7614295,25742.7614295,25742.7614295,25742.7614295,25742.7614295,25742.7614295,25742.7614295,25742.7614295,25742.7614295,25742.7614295,25742.7614295,25742.7614295,25742.7614295,25742.7614295,25742.7614295,25742.7614295,25742.7614295,25742.7614295,25742.7614295,25742.7614295,25742.7614295,25742.7614295,25742.7614295,25742.7614295,25742.7614295,25742.7614295,25742.7614295,25742.7614295,25742.7614295,25742.7614295,25742.7614295,25742.7614295,25742.7614295,25742.7614295,25742.7614295,25742.7614295,25742.7614295,25742.7614295,25742.7614295,25742.7614295,25742.7614295,25742.7614295,25742.7614295,25742.7614295,25742.7614295,25742.7614295,25742.7614295,25742.7614295,25742.7614295,25742.7614295,25742.7614295,25742.7614295,25742.7614295,25742.7614295,25742.7614295,25742.7614295,25742.7614295,25742.7614295,25742.7614295,25742.7614295,25742.7614295,25742.7614295,25742.7614295,25742.7614295,25742.7614295,25742.7614295,25742.7614295,25742.7614295,25742.7614295,25742.7614295,25742.7614295,25742.7614295,25742.7614295,25742.7614295,25742.7614295,25742.7614295,25742.7614295,25742.7614295,25742.7614295,25742.7614295,25742.7614295,25742.7614295,25742.7614295,25742.7614295,25742.7614295,25742.7614295,25742.7614295,25742.7614295,25742.7614295,25742.7614295,25742.7614295,25742.7614295,25742.7614295,25742.7614295,25742.7614295,25742.7614295,25742.7614295,25742.7614295,25742.7614295,25742.7614295,25742.7614295,25742.7614295,25742.7614295,25742.7614295,25742.7614295,25742.7614295,25742.7614295,25742.7614295,25742.7614295,25742.7614295,25742.7614295,25742.7614295,25742.7614295,25742.7614295,25742.7614295,25742.7614295,25742.7614295,25742.7614295,25742.7614295,25742.7614295,25742.7614295,25742.7614295,25742.7614295,25742.7614295,25742.7614295,25742.7614295,25742.7614295,25742.7614295,25742.7614295,25742.7614295,25742.7614295,25742.7614295,25742.7614295,25742.7614295,25742.7614295,25742.7614295,25742.7614295,25742.7614295,25742.7614295,25742.7614295,25742.7614295,25742.7614295,25742.7614295,25742.7614295,25742.7614295,25742.7614295,25742.7614295,25742.7614295,25742.7614295,25742.7614295,25742.7614295,25742.7614295,25742.7614295,25742.7614295,25742.7614295,25742.7614295,25742.7614295,25742.7614295,25742.7614295,25742.7614295,25742.7614295,25742.7614295,25742.7614295,25742.7614295,25742.7614295,25742.7614295,25742.7614295,25742.7614295,25742.7614295,25742.7614295,25742.7614295,25742.7614295,25742.7614295,25742.7614295,25742.7614295,25742.7614295,25742.7614295,25742.7614295,25742.7614295,25742.7614295,25742.7614295,25742.7614295,25742.7614295,25742.7614295,25742.7614295,25742.7614295,25742.7614295,25742.7614295,25742.7614295,25742.7614295,25742.7614295,25742.7614295,25742.7614295,25742.7614295,25742.7614295,25742.7614295,25742.7614295,25742.7614295,25742.7614295,25742.7614295,25742.7614295,25742.7614295,25742.7614295,25742.7614295,25742.7614295,25742.7614295,25742.7614295,25742.7614295,25742.7614295,25742.7614295,25742.7614295,25742.7614295,25742.7614295,25742.7614295,25742.7614295,25742.7614295,25742.7614295,25742.7614295,25742.7614295,25742.7614295,25742.7614295,25742.7614295,25742.7614295,25742.7614295,25742.7614295,25742.7614295,25742.7614295,25742.7614295,25742.7614295,25742.7614295,25742.7614295,25742.7614295,25742.7614295,25742.7614295,25742.7614295,25742.7614295,25742.7614295,25742.7614295,25742.7614295,25742.7614295,25742.7614295,25742.7614295,25742.7614295,25742.7614295,25742.7614295,25742.7614295,25742.7614295,25742.7614295,25742.7614295,25742.7614295,25742.7614295,25742.7614295,25742.7614295,25742.7614295,25742.7614295,25742.7614295,25742.7614295,25742.7614295,25742.7614295,25742.7614295,25742.7614295,25742.7614295,25742.7614295,25742.7614295,25742.7614295,25742.7614295,25742.7614295,25742.7614295,25742.7614295,25742.7614295,25742.7614295,25742.7614295,25742.7614295,25742.7614295,25742.7614295,25742.7614295,25742.7614295,25742.7614295,25742.7614295,25742.7614295,25742.7614295,25742.7614295,25742.7614295,25742.7614295,25742.7614295,25742.7614295,25742.7614295,25742.7614295,25742.7614295,25742.7614295,25742.7614295,25742.7614295,25742.7614295,25742.7614295,25742.7614295,25742.7614295,25742.7614295,25742.7614295,25742.7614295,25742.7614295,25742.7614295,25742.7614295,25742.7614295,25742.7614295,25742.7614295,25742.7614295,25742.7614295,25742.7614295,25742.7614295,25742.7614295,25742.7614295,25742.7614295,25742.7614295,25742.7614295,25742.7614295,25742.7614295,25742.7614295,25742.7614295,25742.7614295,25742.7614295,25742.7614295,25742.7614295,25742.7614295,25742.7614295,25742.7614295,25742.7614295,25742.7614295,25742.7614295,25742.7614295,25742.7614295,25742.7614295,25742.7614295,25742.7614295,25742.7614295,25742.7614295,25742.7614295,25742.7614295,25742.7614295,25742.7614295,25742.7614295,25742.7614295,25742.7614295,25742.7614295,25742.7614295,25742.7614295,25742.7614295,25742.7614295,25742.7614295,25742.7614295,25742.7614295,25742.7614295,25742.7614295,25742.7614295,25742.7614295,25742.7614295,25742.7614295,25742.7614295,25742.7614295,25742.7614295,25742.7614295,25742.7614295,25742.7614295,25742.7614295,25742.7614295,25742.7614295,25742.7614295,25742.7614295,25742.7614295,25742.7614295,25742.7614295,25742.7614295,25742.7614295,25742.7614295,25742.7614295,25742.7614295,25742.7614295,25742.7614295,25742.7614295,25742.7614295,25742.7614295,25742.7614295,25742.7614295,25742.7614295,25742.7614295,25742.7614295,25742.7614295,25742.7614295,25742.7614295,25742.7614295,25742.7614295,25742.7614295,25742.7614295,25742.7614295,25742.7614295,25742.7614295,25742.7614295,25742.7614295,25742.7614295,25742.7614295,25742.7614295,25742.7614295,25742.7614295,25742.7614295,25742.7614295,25742.7614295,25742.7614295,25742.7614295,25742.7614295,25742.7614295,25742.7614295,25742.7614295,25742.7614295,25742.7614295,25742.7614295,25742.7614295,25742.7614295,25742.7614295,25742.7614295,25742.7614295,25742.7614295,25742.7614295,25742.7614295,25742.7614295,25742.7614295,25742.7614295,25742.7614295,25742.7614295,25742.7614295,25742.7614295,25742.7614295,25742.7614295,25742.7614295,25742.7614295,25742.7614295,25742.7614295,25742.7614295,25742.7614295,25742.7614295,25742.7614295,25742.7614295,25742.7614295,25742.7614295,25742.7614295,25742.7614295,25742.7614295,25742.7614295,25742.7614295,25742.7614295,25742.7614295,25742.7614295,25742.7614295,25742.7614295,25742.7614295,25742.7614295,25742.7614295,25742.7614295,25742.7614295,25742.7614295,25742.7614295,25742.7614295,25742.7614295,25742.7614295,25742.7614295,25742.7614295,25742.7614295,25742.7614295,25742.7614295,25742.7614295,25742.7614295,25742.7614295,25742.7614295,25742.7614295,25742.7614295,25742.7614295,25742.7614295,25742.7614295,25742.7614295,25742.7614295,25742.7614295,25742.7614295,25742.7614295,25742.7614295,25742.7614295,25742.7614295,25742.7614295,25742.7614295,25742.7614295,25742.7614295,25742.7614295,25742.7614295,25742.7614295,25742.7614295,25742.7614295,25742.7614295,25742.7614295,25742.7614295,25742.7614295,25742.7614295,25742.7614295,25742.7614295,25742.7614295,25742.7614295,25742.7614295,25742.7614295,25742.7614295,25742.7614295,25742.7614295,25742.7614295,25742.7614295,25742.7614295,25742.7614295,25742.7614295,25742.7614295,25742.7614295,25742.7614295,25742.7614295,25742.7614295,25742.7614295,25742.7614295,25742.7614295,25742.7614295,25742.7614295,25742.7614295,25742.7614295,25742.7614295,25742.7614295,25742.7614295,25742.7614295,25742.7614295,25742.7614295,25742.7614295,25742.7614295,25742.7614295,25742.7614295,25742.7614295,25742.7614295,25742.7614295,25742.7614295,25742.7614295,25742.7614295,25742.7614295,25742.7614295,25742.7614295,25742.7614295,25742.7614295,25742.7614295,25742.7614295,25742.7614295,25742.7614295,25742.7614295,25742.7614295,25742.7614295,25742.7614295,25742.7614295,25742.7614295,25742.7614295,25742.7614295,25742.7614295,25742.7614295,25742.7614295,25742.7614295,25742.7614295,25742.7614295,25742.7614295,25742.7614295,25742.7614295,25742.7614295,25742.7614295,25742.7614295,25742.7614295,25742.7614295,25742.7614295,25742.7614295,25742.7614295,25742.7614295,25742.7614295,25742.7614295,25742.7614295,25742.7614295,25742.7614295,25742.7614295,25742.7614295,25742.7614295,25742.7614295,25742.7614295,25742.7614295,25742.7614295,25742.7614295,25742.7614295,25742.7614295,25742.7614295,25742.7614295,25742.7614295,25742.7614295,25742.7614295,25742.7614295,25742.7614295,25742.7614295,25742.7614295,25742.7614295,25742.7614295,25742.7614295,25742.7614295,25742.7614295,25742.7614295,25742.7614295,25742.7614295,25742.7614295,25742.7614295,25742.7614295,25742.7614295,25742.7614295,25742.7614295,25742.7614295,25742.7614295,25742.7614295,25742.7614295,25742.7614295,25742.7614295,25742.7614295,25742.7614295,25742.7614295,25742.7614295,25742.7614295,25742.7614295,25742.7614295,25742.7614295,25742.7614295,25742.7614295,25742.7614295,25742.7614295,25742.7614295,25742.7614295,25742.7614295,25742.7614295,25742.7614295,25742.7614295,25742.7614295,25742.7614295,25742.7614295,25742.7614295,25742.7614295,25742.7614295,25742.7614295,25742.7614295,25742.7614295,25742.7614295,25742.7614295,25742.7614295,25742.7614295,25742.7614295,25742.7614295,25742.7614295,25742.7614295,25742.7614295,25742.7614295,25742.7614295,25742.7614295,25742.7614295,25742.7614295,25742.7614295,25742.7614295,25742.7614295,25742.7614295,25742.7614295,25742.7614295,25742.7614295,25742.7614295,25742.7614295,25742.7614295,25742.7614295,25742.7614295,25742.7614295,25742.7614295,25742.7614295,25742.7614295,25742.7614295,25742.7614295,25742.7614295,25742.7614295,25742.7614295,25742.7614295,25742.7614295,25742.7614295,25742.7614295,25742.7614295,25742.7614295,25742.7614295,25742.7614295,25742.7614295,25742.7614295,25742.7614295,25742.7614295,25742.7614295,25742.7614295,25742.7614295,25742.7614295,25742.7614295,25742.7614295,25742.7614295,25742.7614295,25742.7614295,25742.7614295,25742.7614295,25742.7614295,25742.7614295,25742.7614295,25742.7614295,25742.7614295,25742.7614295,25742.7614295,25742.7614295,25742.7614295,25742.7614295,25742.7614295,25742.7614295,25742.7614295,25742.7614295,25742.7614295,25742.7614295,25742.7614295,25742.7614295,25742.7614295,25742.7614295,25742.7614295,25742.7614295,25742.7614295,25742.7614295,25742.7614295,25742.7614295,25742.7614295,25742.7614295,25742.7614295,25742.7614295,25742.7614295,25742.7614295,25742.7614295,25742.7614295,25742.7614295,25742.7614295,25742.7614295,25742.7614295,25742.7614295,25742.7614295,25742.7614295,25742.7614295,25742.7614295,25742.7614295,25742.7614295,25742.7614295,25742.7614295,25742.7614295,25742.7614295,25742.7614295,25742.7614295,25742.7614295,25742.7614295,25742.7614295,25742.7614295,25742.7614295,25742.7614295,25742.7614295,25742.7614295,25742.7614295,25742.7614295,25742.7614295,25742.7614295,25742.7614295,25742.7614295,25742.7614295,25742.7614295,25742.7614295,25742.7614295,25742.7614295,25742.7614295,25742.7614295,25742.7614295,25742.7614295,25742.7614295,25742.7614295,25742.7614295,25742.7614295,25742.7614295,25742.7614295,25742.7614295,25742.7614295,25742.7614295,25742.7614295,25742.7614295,25742.7614295,25742.7614295,25742.7614295,25742.7614295,25742.7614295,25742.7614295,25742.7614295,25742.7614295,25742.7614295,25742.7614295,25742.7614295,25742.7614295,25742.7614295,25742.7614295,25742.7614295,25742.7614295,25742.7614295,25742.7614295,25742.7614295,25742.7614295,25742.7614295,25742.7614295,25742.7614295,25742.7614295,25742.7614295,25742.7614295,25742.7614295,25742.7614295,25742.7614295,25742.7614295,25742.7614295,25742.7614295,25742.7614295,25742.7614295,25742.7614295,25742.7614295,25742.7614295,25742.7614295,25742.7614295,25742.7614295,25742.7614295,25742.7614295,25742.7614295,25742.7614295,25742.7614295,25742.7614295,25742.7614295,25742.7614295,25742.7614295,25742.7614295,25742.7614295,25742.7614295,25742.7614295,25742.7614295,25742.7614295,25742.7614295,25742.7614295,25742.7614295,25742.7614295,25742.7614295,25742.7614295,25742.7614295,25742.7614295,25742.7614295,25742.7614295,25742.7614295,25742.7614295,25742.7614295,25742.7614295,25742.7614295,25742.7614295,25742.7614295,25742.7614295,25742.7614295,25742.7614295,25742.7614295,25742.7614295,25742.7614295,25742.7614295,25742.7614295,25742.7614295,25742.7614295,25742.7614295,25742.7614295,25742.7614295,25742.7614295,25742.7614295,25742.7614295,25742.7614295,25742.7614295,25742.7614295,25742.7614295,25742.7614295,25742.7614295,25742.7614295,25742.7614295,25742.7614295,25742.7614295,25742.7614295,25742.7614295,25742.7614295,25742.7614295,25742.7614295,25742.7614295,25742.7614295,25742.7614295,25742.7614295,25742.7614295,25742.7614295,25742.7614295,25742.7614295,25742.7614295,25742.7614295,25742.7614295,25742.7614295,25742.7614295,25742.7614295,25742.7614295,25742.7614295,25742.7614295,25742.7614295,25742.7614295,25742.7614295,25742.7614295,25742.7614295,25742.7614295,25742.7614295,25742.7614295,25742.7614295,25742.7614295,25742.7614295,25742.7614295,25742.7614295,25742.7614295,25742.7614295,25742.7614295,25742.7614295,25742.7614295,25742.7614295,25742.7614295,25742.7614295,25742.7614295,25742.7614295,25742.7614295,25742.7614295,25742.7614295,25742.7614295,25742.7614295,25742.7614295,25742.7614295,25742.7614295,25742.7614295,25742.7614295,25742.7614295,25742.7614295,25742.7614295,25742.7614295,25742.7614295,25742.7614295,25742.7614295,25742.7614295,25742.7614295,25742.7614295,25742.7614295,25742.7614295,25742.7614295,25742.7614295,25742.7614295,25742.7614295,25742.7614295,25742.7614295,25742.7614295,25742.7614295,25742.7614295,25742.7614295,25742.7614295,25742.7614295,25742.7614295,25742.7614295,25742.7614295,25742.7614295,25742.7614295,25742.7614295,25742.7614295,25742.7614295,25742.7614295,25742.7614295,25742.7614295,25742.7614295,25742.7614295,25742.7614295,25742.7614295,25742.7614295,25742.7614295,25742.7614295,25742.7614295,25742.7614295,25742.7614295,25742.7614295,25742.7614295,25742.7614295,25742.7614295,25742.7614295,25742.7614295,25742.7614295,25742.7614295,25742.7614295,25742.7614295,25742.7614295,25742.7614295,25742.7614295,25742.7614295,25742.7614295,25742.7614295,25742.7614295,25742.7614295,25742.7614295,25742.7614295,25742.7614295,25742.7614295,25742.7614295,25742.7614295,25742.7614295,25742.7614295,25742.7614295,25742.7614295,25742.7614295,25742.7614295,25742.7614295,25742.7614295,25742.7614295,25742.7614295,25742.7614295,25742.7614295,25742.7614295,25742.7614295,25742.7614295,25742.7614295,25742.7614295,25742.7614295,25742.7614295,25742.7614295,25742.7614295,25742.7614295,25742.7614295,25742.7614295,25742.7614295,25742.7614295,25742.7614295,25742.7614295,25742.7614295,25742.7614295,25742.7614295,25742.7614295,25742.7614295,25742.7614295,25742.7614295,25742.7614295,25742.7614295,25742.7614295,25742.7614295,25742.7614295,25742.7614295,25742.7614295,25742.7614295,25742.7614295,25742.7614295,25742.7614295,25742.7614295,25742.7614295,25742.7614295,25742.7614295,25742.7614295,25742.7614295,25742.7614295,25742.7614295,25742.7614295,25742.7614295,25742.7614295,25742.7614295,25742.7614295,25742.7614295,25742.7614295,25742.7614295,25742.7614295,25742.7614295,25742.7614295,25742.7614295,25742.7614295,25742.7614295,25742.7614295,25742.7614295,25742.7614295,25742.7614295,25742.7614295,25742.7614295,25742.7614295,25742.7614295,25742.7614295,25742.7614295,25742.7614295,25742.7614295,25742.7614295,25742.7614295,25742.7614295,25742.7614295,25742.7614295,25742.7614295,25742.7614295,25742.7614295,25742.7614295,25742.7614295,25742.7614295,25742.7614295,25742.7614295,25742.7614295,25742.7614295,25742.7614295,25742.7614295,25742.7614295,25742.7614295,25742.7614295,25742.7614295,25742.7614295,25742.7614295,25742.7614295,25742.7614295,25742.7614295,25742.7614295,25742.7614295,25742.7614295,25742.7614295,25742.7614295,25742.7614295,25742.7614295,25742.7614295,25742.7614295,25742.7614295,25742.7614295,25742.7614295,25742.7614295,25742.7614295,25742.7614295,25742.7614295,25742.7614295,25742.7614295,25742.7614295,25742.7614295,25742.7614295,25742.7614295,25742.7614295,25742.7614295,25742.7614295,25742.7614295,25742.7614295,25742.7614295,25742.7614295,25742.7614295,25742.7614295,25742.7614295,25742.7614295,25742.7614295,25742.7614295,25742.7614295,25742.7614295,25742.7614295,25742.7614295,25742.7614295,25742.7614295,25742.7614295,25742.7614295,25742.7614295,25742.7614295,25742.7614295,25742.7614295,25742.7614295,25742.7614295,25742.7614295,25742.7614295,25742.7614295,25742.7614295,25742.7614295,25742.7614295,25742.7614295,25742.7614295,25742.7614295,25742.7614295,25742.7614295,25742.7614295,25742.7614295,25742.7614295,25742.7614295,25742.7614295,25742.7614295,25742.7614295,25742.7614295,25742.7614295,25742.7614295,25742.7614295,25742.7614295,25742.7614295,25742.7614295,25742.7614295,25742.7614295,25742.7614295,25742.7614295,25742.7614295,25742.7614295,25742.7614295,25742.7614295,25742.7614295,25742.7614295,25742.7614295,25742.7614295,25742.7614295,25742.7614295,25742.7614295,25742.7614295,25742.7614295,25742.7614295,25742.7614295,25742.7614295,25742.7614295,25742.7614295,25742.7614295,25742.7614295,25742.7614295,25742.7614295,25742.7614295,25742.7614295,25742.7614295,25742.7614295,25742.7614295,25742.7614295,25742.7614295,25742.7614295,25742.7614295,25742.7614295,25742.7614295,25742.7614295,25742.7614295,25742.7614295,25742.7614295,25742.7614295,25742.7614295,25742.7614295,25742.7614295,25742.7614295,25742.7614295,25742.7614295,25742.7614295,25742.7614295,25742.7614295,25742.7614295,25742.7614295,25742.7614295,25742.7614295,25742.7614295,25742.7614295,25742.7614295,25742.7614295,25742.7614295,25742.7614295,25742.7614295,25742.7614295,25742.7614295,25742.7614295,25742.7614295,25742.7614295,25742.7614295,25742.7614295,25742.7614295,25742.7614295,25742.7614295,25742.7614295,25742.7614295,25742.7614295,25742.7614295,25742.7614295,25742.7614295,25742.7614295,25742.7614295,25742.7614295,25742.7614295,25742.7614295,25742.7614295,25742.7614295,25742.7614295,25742.7614295,25742.7614295,25742.7614295,25742.7614295,25742.7614295,25742.7614295,25742.7614295,25742.7614295,25742.7614295,25742.7614295,25742.7614295,25742.7614295,25742.7614295,25742.7614295,25742.7614295,25742.7614295,25742.7614295,25742.7614295,25742.7614295,25742.7614295,25742.7614295,25742.7614295,25742.7614295,25742.7614295,25742.7614295,25742.7614295,25742.7614295,25742.7614295,25742.7614295,25742.7614295,25742.7614295,25742.7614295,25742.7614295,25742.7614295,25742.7614295,25742.7614295,25742.7614295,25742.7614295,25742.7614295,25742.7614295,25742.7614295,25742.7614295,25742.7614295,25742.7614295,25742.7614295,25742.7614295,25742.7614295,25742.7614295,25742.7614295,25742.7614295,25742.7614295,25742.7614295,25742.7614295,25742.7614295,25742.7614295,25742.7614295,25742.7614295,25742.7614295,25742.7614295,25742.7614295,25742.7614295,25742.7614295,25742.7614295,25742.7614295,25742.7614295,25742.7614295,25742.7614295,25742.7614295,25742.7614295,25742.7614295,25742.7614295,25742.7614295,25742.7614295,25742.7614295,25742.7614295,25742.7614295,25742.7614295,25742.7614295,25742.7614295,25742.7614295,25742.7614295,25742.7614295,25742.7614295,25742.7614295,25742.7614295,25742.7614295,25742.7614295,25742.7614295,25742.7614295,25742.7614295,25742.7614295,25742.7614295,25742.7614295,25742.7614295,25742.7614295,25742.7614295,25742.7614295,25742.7614295,25742.7614295,25742.7614295,25742.7614295,25742.7614295,25742.7614295,25742.7614295,25742.7614295,25742.7614295,25742.7614295,25742.7614295,25742.7614295,25742.7614295,25742.7614295,25742.7614295,25742.7614295,25742.7614295,25742.7614295,25742.7614295,25742.7614295,25742.7614295,25742.7614295,25742.7614295,25742.7614295,25742.7614295,25742.7614295,25742.7614295,25742.7614295,25742.7614295,25742.7614295,25742.7614295,25742.7614295,25742.7614295,25742.7614295,25742.7614295,25742.7614295,25742.7614295,25742.7614295,25742.7614295,25742.7614295,25742.7614295,25742.7614295,25742.7614295,25742.7614295,25742.7614295,25742.7614295,25742.7614295,25742.7614295,25742.7614295,25742.7614295,25742.7614295,25742.7614295,25742.7614295,25742.7614295,25742.7614295,25742.7614295,25742.7614295,25742.7614295,25742.7614295,25742.7614295,25742.7614295,25742.7614295,25742.7614295,25742.7614295,25742.7614295,25742.7614295,25742.7614295,25742.7614295,25742.7614295,25742.7614295,25742.7614295,25742.7614295,25742.7614295,25742.7614295,25742.7614295,25742.7614295,25742.7614295,25742.7614295,25742.7614295,25742.7614295,25742.7614295,25742.7614295,25742.7614295,25742.7614295,25742.7614295,25742.7614295,25742.7614295,25742.7614295,25742.7614295,25742.7614295,25742.7614295,25742.7614295,25742.7614295,25742.7614295,25742.7614295,25742.7614295,25742.7614295,25742.7614295,25742.7614295,25742.7614295,25742.7614295,25742.7614295,25742.7614295,25742.7614295,25742.7614295,25742.7614295,25742.7614295,25742.7614295,25742.7614295,25742.7614295,25742.7614295,25742.7614295,25742.7614295,25742.7614295,25742.7614295,25742.7614295,25742.7614295,25742.7614295,25742.7614295,25742.7614295,25742.7614295,25742.7614295,25742.7614295,25742.7614295,25742.7614295,25742.7614295,25742.7614295,25742.7614295,25742.7614295,25742.7614295,25742.7614295,25742.7614295,25742.7614295,25742.7614295,25742.7614295,25742.7614295,25742.7614295,25742.7614295,25742.7614295,25742.7614295,25742.7614295,25742.7614295,25742.7614295,25742.7614295,25742.7614295,25742.7614295,25742.7614295,25742.7614295,25742.7614295,25742.7614295,25742.7614295,25742.7614295,25742.7614295,25742.7614295,25742.7614295,25742.7614295,25742.7614295,25742.7614295,25742.7614295,25742.7614295,25742.7614295,25742.7614295,25742.7614295,25742.7614295,25742.7614295,25742.7614295,25742.7614295,25742.7614295,25742.7614295,25742.7614295,25742.7614295,25742.7614295,25742.7614295,25742.7614295,25742.7614295,25742.7614295,25742.7614295,25742.7614295,25742.7614295,25742.7614295,25742.7614295,25742.7614295,25742.7614295,25742.7614295,25742.7614295,25742.7614295,25742.7614295,25742.7614295,25742.7614295,25742.7614295,25742.7614295,25742.7614295,25742.7614295,25742.7614295,25742.7614295,25742.7614295,25742.7614295,25742.7614295,25742.7614295,25742.7614295,25742.7614295,25742.7614295,25742.7614295,25742.7614295,25742.7614295,25742.7614295,25742.7614295,25742.7614295,25742.7614295,25742.7614295,25742.7614295,25742.7614295,25742.7614295,25742.7614295,25742.7614295,25742.7614295,25742.7614295,25742.7614295,25742.7614295,25742.7614295,25742.7614295,25742.7614295,25742.7614295,25742.7614295,25742.7614295,25742.7614295,25742.7614295,25742.7614295,25742.7614295,25742.7614295,25742.7614295,25742.7614295,25742.7614295,25742.7614295,25742.7614295,25742.7614295,25742.7614295,25742.7614295,25742.7614295,25742.7614295,25742.7614295,25742.7614295,25742.7614295,25742.7614295,25742.7614295,25742.7614295,25742.7614295,25742.7614295,25742.7614295,25742.7614295,25742.7614295,25742.7614295,25742.7614295,25742.7614295,25742.7614295,25742.7614295,25742.7614295,25742.7614295,25742.7614295,25742.7614295,25742.7614295,25742.7614295,25742.7614295,25742.7614295,25742.7614295,25742.7614295,25742.7614295,25742.7614295,25742.7614295,25742.7614295,25742.7614295,25742.7614295,25742.7614295,25742.7614295,25742.7614295,25742.7614295,25742.7614295,25742.7614295,25742.7614295,25742.7614295,25742.7614295,25742.7614295,25742.7614295,25742.7614295,25742.7614295,25742.7614295,25742.7614295,25742.7614295,25742.7614295,25742.7614295,25742.7614295,25742.7614295,25742.7614295,25742.7614295,25742.7614295,25742.7614295,25742.7614295,25742.7614295,25742.7614295,25742.7614295,25742.7614295,25742.7614295,25742.7614295,25742.7614295,25742.7614295,25742.7614295,25742.7614295,25742.7614295,25742.7614295,25742.7614295,25742.7614295,25742.7614295,25742.7614295,25742.7614295,25742.7614295,25742.7614295,25742.7614295,25742.7614295,25742.7614295,25742.7614295,25742.7614295,25742.7614295,25742.7614295,25742.7614295,25742.7614295,25742.7614295,25742.7614295,25742.7614295,25742.7614295,25742.7614295,25742.7614295,25742.7614295,25742.7614295,25742.7614295,25742.7614295,25742.7614295,25742.7614295,25742.7614295,25742.7614295,25742.7614295,25742.7614295,25742.7614295,25742.7614295,25742.7614295,25742.7614295,25742.7614295,25742.7614295,25742.7614295,25742.7614295,25742.7614295,25742.7614295,25742.7614295,25742.7614295,25742.7614295,25742.7614295,25742.7614295,25742.7614295,25742.7614295,25742.7614295,25742.7614295,25742.7614295,25742.7614295,25742.7614295,25742.7614295,25742.7614295,25742.7614295,25742.7614295,25742.7614295,25742.7614295,25742.7614295,25742.7614295,25742.7614295,25742.7614295,25742.7614295,25742.7614295,25742.7614295,25742.7614295,25742.7614295,25742.7614295,25742.7614295,25742.7614295,25742.7614295,25742.7614295,25742.7614295,25742.7614295,25742.7614295,25742.7614295,25742.7614295,25742.7614295,25742.7614295,25742.7614295,25742.7614295,25742.7614295,25742.7614295,25742.7614295,25742.7614295,25742.7614295,25742.7614295,25742.7614295,25742.7614295,25742.7614295,25742.7614295,25742.7614295,25742.7614295,25742.7614295,25742.7614295,25742.7614295,25742.7614295,25742.7614295,25742.7614295,25742.7614295,25742.7614295,25742.7614295,25742.7614295,25742.7614295,25742.7614295,25742.7614295,25742.7614295,25742.7614295,25742.7614295,25742.7614295,25742.7614295,25742.7614295,25742.7614295,25742.7614295,25742.7614295,25742.7614295,25742.7614295,25742.7614295,25742.7614295,25742.7614295,25742.7614295,25742.7614295,25742.7614295,25742.7614295,25742.7614295,25742.7614295,25742.7614295,25742.7614295,25742.7614295,25742.7614295,25742.7614295,25742.7614295,25742.7614295,25742.7614295,25742.7614295,25742.7614295,25742.7614295,25742.7614295,25742.7614295,25742.7614295,25742.7614295,25742.7614295,25742.7614295,25742.7614295,25742.7614295,25742.7614295,25742.7614295,25742.7614295,25742.7614295,25742.7614295,25742.7614295,25742.7614295,25742.7614295,25742.7614295,25742.7614295,25742.7614295,25742.7614295,25742.7614295,25742.7614295,25742.7614295,25742.7614295,25742.7614295,25742.7614295,25742.7614295,25742.7614295,25742.7614295,25742.7614295,25742.7614295,25742.7614295,25742.7614295,25742.7614295,25742.7614295,25742.7614295,25742.7614295,25742.7614295,25742.7614295,25742.7614295,25742.7614295,25742.7614295,25742.7614295,25742.7614295,25742.7614295,25742.7614295,25742.7614295,25742.7614295,25742.7614295,25742.7614295,25742.7614295,25742.7614295,25742.7614295,25742.7614295,25742.7614295,25742.7614295,25742.7614295,25742.7614295,25742.7614295,25742.7614295,25742.7614295,25742.7614295,25742.7614295,25742.7614295,25742.7614295,25742.7614295,25742.7614295,25742.7614295,25742.7614295,25742.7614295,25742.7614295,25742.7614295,25742.7614295,25742.7614295,25742.7614295,25742.7614295,25742.7614295,25742.7614295,25742.7614295,25742.7614295,25742.7614295,25742.7614295,25742.7614295,25742.7614295,25742.7614295,25742.7614295,25742.7614295,25742.7614295,25742.7614295,25742.7614295,25742.7614295,25742.7614295,25742.7614295,25742.7614295,25742.7614295,25742.7614295,25742.7614295,25742.7614295,25742.7614295,25742.7614295,25742.7614295,25742.7614295,25742.7614295,25742.7614295,25742.7614295,25742.7614295,25742.7614295,25742.7614295,25742.7614295,25742.7614295,25742.7614295,25742.7614295,25742.7614295,25742.7614295,25742.7614295,25742.7614295,25742.7614295,25742.7614295,25742.7614295,25742.7614295,25742.7614295,25742.7614295,25742.7614295,25742.7614295,25742.7614295,25742.7614295,25742.7614295,25742.7614295,25742.7614295,25742.7614295,25742.7614295,25742.7614295,25742.7614295,25742.7614295,25742.7614295,25742.7614295,25742.7614295,25742.7614295,25742.7614295,25742.7614295,25742.7614295,25742.7614295,25742.7614295,25742.7614295,25742.7614295,25742.7614295,25742.7614295,25742.7614295,25742.7614295,25742.7614295,25742.7614295,25742.7614295,25742.7614295,25742.7614295,25742.7614295,25742.7614295,25742.7614295,25742.7614295,25742.7614295,25742.7614295,25742.7614295,25742.7614295,25742.7614295,25742.7614295,25742.7614295,25742.7614295,25742.7614295,25742.7614295,25742.7614295,25742.7614295,25742.7614295,25742.7614295,25742.7614295,25742.7614295,25742.7614295,25742.7614295,25742.7614295,25742.7614295,25742.7614295,25742.7614295,25742.7614295,25742.7614295,25742.7614295,25742.7614295,25742.7614295,25742.7614295,25742.7614295,25742.7614295,25742.7614295,25742.7614295,25742.7614295,25742.7614295,25742.7614295,25742.7614295,25742.7614295,25742.7614295,25742.7614295,25742.7614295,25742.7614295,25742.7614295,25742.7614295,25742.7614295,25742.7614295,25742.7614295,25742.7614295,25742.7614295,25742.7614295,25742.7614295,25742.7614295,25742.7614295,25742.7614295,25742.7614295,25742.7614295,25742.7614295,25742.7614295,25742.7614295,25742.7614295,25742.7614295,25742.7614295,25742.7614295,25742.7614295,25742.7614295,25742.7614295,25742.7614295,25742.7614295,25742.7614295,25742.7614295,25742.7614295,25742.7614295,25742.7614295,25742.7614295,25742.7614295,25742.7614295,25742.7614295,25742.7614295,25742.7614295,25742.7614295,25742.7614295,25742.7614295,25742.7614295,25742.7614295,25742.7614295,25742.7614295,25742.7614295,25742.7614295,25742.7614295,25742.7614295,25742.7614295,25742.7614295,25742.7614295,25742.7614295,25742.7614295,25742.7614295,25742.7614295,25742.7614295,25742.7614295,25742.7614295,25742.7614295,25742.7614295,25742.7614295,25742.7614295,25742.7614295,25742.7614295,25742.7614295,25742.7614295,25742.7614295,25742.7614295,25742.7614295,25742.7614295,25742.7614295,25742.7614295,25742.7614295,25742.7614295,25742.7614295,25742.7614295,25742.7614295,25742.7614295,25742.7614295,25742.7614295,25742.7614295,25742.7614295,25742.7614295,25742.7614295,25742.7614295,25742.7614295,25742.7614295,25742.7614295,25742.7614295,25742.7614295,25742.7614295,25742.7614295,25742.7614295,25742.7614295,25742.7614295,25742.7614295,25742.7614295,25742.7614295,25742.7614295,25742.7614295,25742.7614295,25742.7614295,25742.7614295,25742.7614295,25742.7614295,25742.7614295,25742.7614295,25742.7614295,25742.7614295,25742.7614295,25742.7614295,25742.7614295,25742.7614295,25742.7614295,25742.7614295,25742.7614295,25742.7614295,25742.7614295,25742.7614295,25742.7614295,25742.7614295,25742.7614295,25742.7614295,25742.7614295,25742.7614295,25742.7614295,25742.7614295,25742.7614295,25742.7614295,25742.7614295,25742.7614295,25742.7614295,25742.7614295,25742.7614295,25742.7614295,25742.7614295,25742.7614295,25742.7614295,25742.7614295,25742.7614295,25742.7614295,25742.7614295,25742.7614295,25742.7614295,25742.7614295,25742.7614295,25742.7614295,25742.7614295,25742.7614295,25742.7614295,25742.7614295,25742.7614295,25742.7614295,25742.7614295,25742.7614295,25742.7614295,25742.7614295,25742.7614295,25742.7614295,25742.7614295,25742.7614295,25742.7614295,25742.7614295,25742.7614295,25742.7614295,25742.7614295,25742.7614295,25742.7614295,25742.7614295,25742.7614295,25742.7614295,25742.7614295,25742.7614295,25742.7614295,25742.7614295,25742.7614295,25742.7614295,25742.7614295,25742.7614295,25742.7614295,25742.7614295,25742.7614295,25742.7614295,25742.7614295,25742.7614295,25742.7614295,25742.7614295,25742.7614295,25742.7614295,25742.7614295,25742.7614295,25742.7614295,25742.7614295,25742.7614295,25742.7614295,25742.7614295,25742.7614295,25742.7614295,25742.7614295,25742.7614295,25742.7614295,25742.7614295,25742.7614295,25742.7614295,25742.7614295,25742.7614295,25742.7614295,25742.7614295,25742.7614295,25742.7614295,25742.7614295,25742.7614295,25742.7614295,25742.7614295,25742.7614295,25742.7614295,25742.7614295,25742.7614295,25742.7614295,25742.7614295,25742.7614295,25742.7614295,25742.7614295,25742.7614295,25742.7614295,25742.7614295,25742.7614295,25742.7614295,25742.7614295,25742.7614295,25742.7614295,25742.7614295,25742.7614295,25742.7614295,25742.7614295,25742.7614295,25742.7614295,25742.7614295,25742.7614295,25742.7614295,25742.7614295,25742.7614295,25742.7614295,25742.7614295,25742.7614295,25742.7614295,25742.7614295,25742.7614295,25742.7614295,25742.7614295,25742.7614295,25742.7614295,25742.7614295,25742.7614295,25742.7614295,25742.7614295,25742.7614295,25742.7614295,25742.7614295,25742.7614295,25742.7614295,25742.7614295,25742.7614295,25742.7614295,25742.7614295,25742.7614295,25742.7614295,25742.7614295,25742.7614295,25742.7614295,25742.7614295,25742.7614295,25742.7614295,25742.7614295,25742.7614295,25742.7614295,25742.7614295,25742.7614295,25742.7614295,25742.7614295,25742.7614295,25742.7614295,25742.7614295,25742.7614295,25742.7614295,25742.7614295,25742.7614295,25742.7614295,25742.7614295,25742.7614295,25742.7614295,25742.7614295,25742.7614295,25742.7614295,25742.7614295,25742.7614295,25742.7614295,25742.7614295,25742.7614295,25742.7614295,25742.7614295,25742.7614295,25742.7614295,25742.7614295,25742.7614295,25742.7614295,25742.7614295,25742.7614295,25742.7614295,25742.7614295,25742.7614295,25742.7614295,25742.7614295,25742.7614295,25742.7614295,25742.7614295,25742.7614295,25742.7614295,25742.7614295,25742.7614295,25742.7614295,25742.7614295,25742.7614295,25742.7614295,25742.7614295,25742.7614295,25742.7614295,25742.7614295,25742.7614295,25742.7614295,25742.7614295,25742.7614295,25742.7614295,25742.7614295,25742.7614295,25742.7614295,25742.7614295,25742.7614295,25742.7614295,25742.7614295,25742.7614295,25742.7614295,25742.7614295,25742.7614295,25742.7614295,25742.7614295,25742.7614295,25742.7614295,25742.7614295,25742.7614295,25742.7614295,25742.7614295,25742.7614295,25742.7614295,25742.7614295,25742.7614295,25742.7614295,25742.7614295,25742.7614295,25742.7614295,25742.7614295,25742.7614295,25742.7614295,25742.7614295,25742.7614295,25742.7614295,25742.7614295,25742.7614295,25742.7614295,25742.7614295,25742.7614295,25742.7614295,25742.7614295,25742.7614295,25742.7614295,25742.7614295,25742.7614295,25742.7614295,25742.7614295,25742.7614295,25742.7614295,25742.7614295,25742.7614295,25742.7614295,25742.7614295,25742.7614295,25742.7614295,25742.7614295,25742.7614295,25742.7614295,25742.7614295,25742.7614295,25742.7614295,25742.7614295,25742.7614295,25742.7614295,25742.7614295,25742.7614295,25742.7614295,25742.7614295,25742.7614295,25742.7614295,25742.7614295,25742.7614295,25742.7614295,25742.7614295,25742.7614295,25742.7614295,25742.7614295,25742.7614295,25742.7614295,25742.7614295,25742.7614295,25742.7614295,25742.7614295,25742.7614295,25742.7614295,25742.7614295,25742.7614295,25742.7614295,25742.7614295,25742.7614295,25742.7614295,25742.7614295,25742.7614295,25742.7614295,25742.7614295,25742.7614295,25742.7614295,25742.7614295,25742.7614295,25742.7614295,25742.7614295,25742.7614295,25742.7614295,25742.7614295,25742.7614295,25742.7614295,25742.7614295,25742.7614295,25742.7614295,25742.7614295,25742.7614295,25742.7614295,25742.7614295,25742.7614295,25742.7614295,25742.7614295,25742.7614295,25742.7614295,25742.7614295,25742.7614295,25742.7614295,25742.7614295,25742.7614295,25742.7614295,25742.7614295,25742.7614295,25742.7614295,25742.7614295,25742.7614295,25742.7614295,25742.7614295,25742.7614295,25742.7614295,25742.7614295,25742.7614295,25742.7614295,25742.7614295,25742.7614295,25742.7614295,25742.7614295,25742.7614295,25742.7614295,25742.7614295,25742.7614295,25742.7614295,25742.7614295,25742.7614295,25742.7614295,25742.7614295,25742.7614295,25742.7614295,25742.7614295,25742.7614295,25742.7614295,25742.7614295,25742.7614295,25742.7614295,25742.7614295,25742.7614295,25742.7614295,25742.7614295,25742.7614295,25742.7614295,25742.7614295,25742.7614295,25742.7614295,25742.7614295,25742.7614295,25742.7614295,25742.7614295,25742.7614295,25742.7614295,25742.7614295,25742.7614295,25742.7614295,25742.7614295,25742.7614295,25742.7614295,25742.7614295,25742.7614295,25742.7614295,25742.7614295,25742.7614295,25742.7614295,25742.7614295,25742.7614295,25742.7614295,25742.7614295,25742.7614295,25742.7614295,25742.7614295,25742.7614295,25742.7614295,25742.7614295,25742.7614295,25742.7614295,25742.7614295,25742.7614295,25742.7614295,25742.7614295,25742.7614295,25742.7614295,25742.7614295,25742.7614295,25742.7614295,25742.7614295,25742.7614295,25742.7614295,25742.7614295,25742.7614295,25742.7614295,25742.7614295,25742.7614295,25742.7614295,25742.7614295,25742.7614295,25742.7614295,25742.7614295,25742.7614295,25742.7614295,25742.7614295,25742.7614295,25742.7614295,25742.7614295,25742.7614295,25742.7614295,25742.7614295,25742.7614295,25742.7614295,25742.7614295,25742.7614295,25742.7614295,25742.7614295,25742.7614295,25742.7614295,25742.7614295,25742.7614295,25742.7614295,25742.7614295,25742.7614295,25742.7614295,25742.7614295,25742.7614295,25742.7614295,25742.7614295,25742.7614295,25742.7614295,25742.7614295,25742.7614295,25742.7614295,25742.7614295,25742.7614295,25742.7614295,25742.7614295,25742.7614295,25742.7614295,25742.7614295,25742.7614295,25742.7614295,25742.7614295,25742.7614295,25742.7614295,25742.7614295,25742.7614295,25742.7614295,25742.7614295,25742.7614295,25742.7614295,25742.7614295,25742.7614295,25742.7614295,25742.7614295,25742.7614295,25742.7614295,25742.7614295,25742.7614295,25742.7614295,25742.7614295,25742.7614295,25742.7614295,25742.7614295,25742.7614295,25742.7614295,25742.7614295,25742.7614295,25742.7614295,25742.7614295,25742.7614295,25742.7614295,25742.7614295,25742.7614295,25742.7614295,25742.7614295,25742.7614295,25742.7614295,25742.7614295,25742.7614295,25742.7614295,25742.7614295,25742.7614295,25742.7614295,25742.7614295,25742.7614295,25742.7614295,25742.7614295,25742.7614295,25742.7614295,25742.7614295,25742.7614295,25742.7614295,25742.7614295,25742.7614295,25742.7614295,25742.7614295,25742.7614295,25742.7614295,25742.7614295,25742.7614295,25742.7614295,25742.7614295,25742.7614295,25742.7614295,25742.7614295,25742.7614295,25742.7614295,25742.7614295,25742.7614295,25742.7614295,25742.7614295,25742.7614295,25742.7614295,25742.7614295,25742.7614295,25742.7614295,25742.7614295,25742.7614295,25742.7614295,25742.7614295,25742.7614295,25742.7614295,25742.7614295,25742.7614295,25742.7614295,25742.7614295,25742.7614295,25742.7614295,25742.7614295,25742.7614295,25742.7614295,25742.7614295,25742.7614295,25742.7614295,25742.7614295,25742.7614295,25742.7614295,25742.7614295,25742.7614295,25742.7614295,25742.7614295,25742.7614295,25742.7614295,25742.7614295,25742.7614295,25742.7614295,25742.7614295,25742.7614295,25742.7614295,25742.7614295,25742.7614295,25742.7614295,25742.7614295,25742.7614295,25742.7614295,25742.7614295,25742.7614295,25742.7614295,25742.7614295,25742.7614295,25742.7614295,25742.7614295,25742.7614295,25742.7614295,25742.7614295,25742.7614295,25742.7614295,25742.7614295,25742.7614295,25742.7614295,25742.7614295,25742.7614295,25742.7614295,25742.7614295,25742.7614295,25742.7614295,25742.7614295,25742.7614295,25742.7614295,25742.7614295,25742.7614295,25742.7614295,25742.7614295,25742.7614295,25742.7614295,25742.7614295,25742.7614295,25742.7614295,25742.7614295,25742.7614295,25742.7614295,25742.7614295,25742.7614295,25742.7614295,25742.7614295,25742.7614295,25742.7614295,25742.7614295,25742.7614295,25742.7614295,25742.7614295,25742.7614295,25742.7614295,25742.7614295,25742.7614295,25742.7614295,25742.7614295,25742.7614295,25742.7614295,25742.7614295,25742.7614295,25742.7614295,25742.7614295,25742.7614295,25742.7614295,25742.7614295,25742.7614295,25742.7614295,25742.7614295,25742.7614295,25742.7614295,25742.7614295,25742.7614295,25742.7614295,25742.7614295,25742.7614295,25742.7614295,25742.7614295,25742.7614295,25742.7614295,25742.7614295,25742.7614295,25742.7614295,25742.7614295,25742.7614295,25742.7614295,25742.7614295,25742.7614295,25742.7614295,25742.7614295,25742.7614295,25742.7614295,25742.7614295,25742.7614295,25742.7614295,25742.7614295,25742.7614295,25742.7614295,25742.7614295,25742.7614295,25742.7614295,25742.7614295,25742.7614295,25742.7614295,25742.7614295,25742.7614295,25742.7614295,25742.7614295,25742.7614295,25742.7614295,25742.7614295,25742.7614295,25742.7614295,25742.7614295,25742.7614295,25742.7614295,25742.7614295,25742.7614295,25742.7614295,25742.7614295,25742.7614295,25742.7614295,25742.7614295,25742.7614295,25742.7614295,25742.7614295,25742.7614295,25742.7614295,25742.7614295,25742.7614295,25742.7614295,25742.7614295,25742.7614295,25742.7614295,25742.7614295,25742.7614295,25742.7614295,25742.7614295,25742.7614295,25742.7614295,25742.7614295,25742.7614295,25742.7614295,25742.7614295,25742.7614295,25742.7614295,25742.7614295,25742.7614295,25742.7614295,25742.7614295,25742.7614295,25742.7614295,25742.7614295,25742.7614295,25742.7614295,25742.7614295,25742.7614295,25742.7614295,25742.7614295,25742.7614295,25742.7614295,25742.7614295,25742.7614295,25742.7614295,25742.7614295,25742.7614295,25742.7614295,25742.7614295,25742.7614295,25742.7614295,25742.7614295,25742.7614295,25742.7614295,25742.7614295,25742.7614295,25742.7614295,25742.7614295,25742.7614295,25742.7614295,25742.7614295,25742.7614295,25742.7614295,25742.7614295,25742.7614295,25742.7614295,25742.7614295,25742.7614295,25742.7614295,25742.7614295,25742.7614295,25742.7614295,25742.7614295,25742.7614295,25742.7614295,25742.7614295,25742.7614295,25742.7614295,25742.7614295,25742.7614295,25742.7614295,25742.7614295,25742.7614295,25742.7614295,25742.7614295,25742.7614295,25742.7614295,25742.7614295,25742.7614295,25742.7614295,25742.7614295,25742.7614295,25742.7614295,25742.7614295,25742.7614295,25742.7614295,25742.7614295,25742.7614295,25742.7614295,25742.7614295,25742.7614295,25742.7614295,25742.7614295,25742.7614295,25742.7614295,25742.7614295,25742.7614295,25742.7614295,25742.7614295,25742.7614295,25742.7614295,25742.7614295,25742.7614295,25742.7614295,25742.7614295,25742.7614295,25742.7614295,25742.7614295,25742.7614295,25742.7614295,25742.7614295,25742.7614295,25742.7614295,25742.7614295,25742.7614295,25742.7614295,25742.7614295,25742.7614295,25742.7614295,25742.7614295,25742.7614295,25742.7614295,25742.7614295,25742.7614295,25742.7614295,25742.7614295,25742.7614295,25742.7614295,25742.7614295,25742.7614295,25742.7614295,25742.7614295,25742.7614295,25742.7614295,25742.7614295,25742.7614295,25742.7614295,25742.7614295,25742.7614295,25742.7614295,25742.7614295,25742.7614295,25742.7614295,25742.7614295,25742.7614295,25742.7614295,25742.7614295,25742.7614295,25742.7614295,25742.7614295,25742.7614295,25742.7614295,25742.7614295,25742.7614295,25742.7614295,25742.7614295,25742.7614295,25742.7614295,25742.7614295,25742.7614295,25742.7614295,25742.7614295,25742.7614295,25742.7614295,25742.7614295,25742.7614295,25742.7614295,25742.7614295,25742.7614295,25742.7614295,25742.7614295,25742.7614295,25742.7614295,25742.7614295,25742.7614295,25742.7614295,25742.7614295,25742.7614295,25742.7614295,25742.7614295,25742.7614295,25742.7614295,25742.7614295,25742.7614295,25742.7614295,25742.7614295,25742.7614295,25742.7614295,25742.7614295,25742.7614295,25742.7614295,25742.7614295,25742.7614295,25742.7614295,25742.7614295,25742.7614295,25742.7614295,25742.7614295,25742.7614295,25742.7614295,25742.7614295,25742.7614295,25742.7614295,25742.7614295,25742.7614295,25742.7614295,25742.7614295,25742.7614295,25742.7614295,25742.7614295,25742.7614295,25742.7614295,25742.7614295,25742.7614295,25742.7614295,25742.7614295,25742.7614295,25742.7614295,25742.7614295,25742.7614295,25742.7614295,25742.7614295,25742.7614295,25742.7614295,25742.7614295,25742.7614295,25742.7614295,25742.7614295,25742.7614295,25742.7614295,25742.7614295,25742.7614295,25742.7614295,25742.7614295,25742.7614295,25742.7614295,25742.7614295,25742.7614295,25742.7614295,25742.7614295,25742.7614295,25742.7614295,25742.7614295,25742.7614295,25742.7614295,25742.7614295,25742.7614295,25742.7614295,25742.7614295,25742.7614295,25742.7614295,25742.7614295,25742.7614295,25742.7614295,25742.7614295,25742.7614295,25742.7614295,25742.7614295,25742.7614295,25742.7614295,25742.7614295,25742.7614295,25742.7614295,25742.7614295,25742.7614295,25742.7614295,25742.7614295,25742.7614295,25742.7614295,25742.7614295,25742.7614295,25742.7614295,25742.7614295,25742.7614295,25742.7614295,25742.7614295,25742.7614295,25742.7614295,25742.7614295,25742.7614295,25742.7614295,25742.7614295,25742.7614295,25742.7614295,25742.7614295,25742.7614295,25742.7614295,25742.7614295,25742.7614295,25742.7614295,25742.7614295,25742.7614295,25742.7614295,25742.7614295,25742.7614295,25742.7614295,25742.7614295,25742.7614295,25742.7614295,25742.7614295,25742.7614295,25742.7614295,25742.7614295,25742.7614295,25742.7614295,25742.7614295,25742.7614295,25742.7614295,25742.7614295,25742.7614295,25742.7614295,25742.7614295,25742.7614295,25742.7614295,25742.7614295,25742.7614295,25742.7614295,25742.7614295,25742.7614295,25742.7614295,25742.7614295,25742.7614295,25742.7614295,25742.7614295,25742.7614295,25742.7614295,25742.7614295,25742.7614295,25742.7614295,25742.7614295,25742.7614295,25742.7614295,25742.7614295,25742.7614295,25742.7614295,25742.7614295,25742.7614295,25742.7614295,25742.7614295,25742.7614295,25742.7614295,25742.7614295,25742.7614295,25742.7614295,25742.7614295,25742.7614295,25742.7614295,25742.7614295,25742.7614295,25742.7614295,25742.7614295,25742.7614295,25742.7614295,25742.7614295,25742.7614295,25742.7614295,25742.7614295,25742.7614295,25742.7614295,25742.7614295,25742.7614295,25742.7614295,25742.7614295,25742.7614295,25742.7614295,25742.7614295,25742.7614295,25742.7614295,25742.7614295,25742.7614295,25742.7614295,25742.7614295,25742.7614295,25742.7614295,25742.7614295,25742.7614295,25742.7614295,25742.7614295,25742.7614295,25742.7614295,25742.7614295,25742.7614295,25742.7614295,25742.7614295,25742.7614295,25742.7614295,25742.7614295,25742.7614295,25742.7614295,25742.7614295,25742.7614295,25742.7614295,25742.7614295,25742.7614295,25742.7614295,25742.7614295,25742.7614295,25742.7614295,25742.7614295,25742.7614295,25742.7614295,25742.7614295,25742.7614295,25742.7614295,25742.7614295,25742.7614295,25742.7614295,25742.7614295,25742.7614295,25742.7614295,25742.7614295,25742.7614295,25742.7614295,25742.7614295,25742.7614295,25742.7614295,25742.7614295,25742.7614295,25742.7614295,25742.7614295,25742.7614295,25742.7614295,25742.7614295,25742.7614295,25742.7614295,25742.7614295,25742.7614295,25742.7614295,25742.7614295,25742.7614295,25742.7614295,25742.7614295,25742.7614295,25742.7614295,25742.7614295,25742.7614295,25742.7614295,25742.7614295,25742.7614295,25742.7614295,25742.7614295,25742.7614295,25742.7614295,25742.7614295,25742.7614295,25742.7614295,25742.7614295,25742.7614295,25742.7614295,25742.7614295,25742.7614295,25742.7614295,25742.7614295,25742.7614295,25742.7614295,25742.7614295,25742.7614295,25742.7614295,25742.7614295,25742.7614295,25742.7614295,25742.7614295,25742.7614295,25742.7614295,25742.7614295,25742.7614295,25742.7614295,25742.7614295,25742.7614295,25742.7614295,25742.7614295,25742.7614295,25742.7614295,25742.7614295,25742.7614295,25742.7614295,25742.7614295,25742.7614295,25742.7614295,25742.7614295,25742.7614295,25742.7614295,25742.7614295,25742.7614295,25742.7614295,25742.7614295,25742.7614295,25742.7614295,25742.7614295,25742.7614295,25742.7614295,25742.7614295,25742.7614295,25742.7614295,25742.7614295,25742.7614295,25742.7614295,25742.7614295,25742.7614295,25742.7614295,25742.7614295,25742.7614295,25742.7614295,25742.7614295,25742.7614295,25742.7614295,25742.7614295,25742.7614295,25742.7614295,25742.7614295,25742.7614295,25742.7614295,25742.7614295,25742.7614295,25742.7614295,25742.7614295,25742.7614295,25742.7614295,25742.7614295,25742.7614295,25742.7614295,25742.7614295,25742.7614295,25742.7614295,25742.7614295,25742.7614295,25742.7614295,25742.7614295,25742.7614295,25742.7614295,25742.7614295,25742.7614295,25742.7614295,25742.7614295,25742.7614295,25742.7614295,25742.7614295,25742.7614295,25742.7614295,25742.7614295,25742.7614295,25742.7614295,25742.7614295,25742.7614295,25742.7614295,25742.7614295,25742.7614295,25742.7614295,25742.7614295,25742.7614295,25742.7614295,25742.7614295,25742.7614295,25742.7614295,25742.7614295,25742.7614295,25742.7614295,25742.7614295,25742.7614295,25742.7614295,25742.7614295,25742.7614295,25742.7614295,25742.7614295,25742.7614295,25742.7614295,25742.7614295,25742.7614295,25742.7614295,25742.7614295,25742.7614295,25742.7614295,25742.7614295,25742.7614295,25742.7614295,25742.7614295,25742.7614295,25742.7614295,25742.7614295,25742.7614295,25742.7614295,25742.7614295,25742.7614295,25742.7614295,25742.7614295,25742.7614295,25742.7614295,25742.7614295,25742.7614295,25742.7614295,25742.7614295,25742.7614295,25742.7614295,25742.7614295,25742.7614295,25742.7614295,25742.7614295,25742.7614295,25742.7614295,25742.7614295,25742.7614295,25742.7614295,25742.7614295,25742.7614295,25742.7614295,25742.7614295,25742.7614295,25742.7614295,25742.7614295,25742.7614295,25742.7614295,25742.7614295,25742.7614295,25742.7614295,25742.7614295,25742.7614295,25742.7614295,25742.7614295,25742.7614295,25742.7614295,25742.7614295,25742.7614295,25742.7614295,25742.7614295,25742.7614295,25742.7614295,25742.7614295,25742.7614295,25742.7614295,25742.7614295,25742.7614295,25742.7614295,25742.7614295,25742.7614295,25742.7614295,25742.7614295,25742.7614295,25742.7614295,25742.7614295,25742.7614295,25742.7614295,25742.7614295,25742.7614295,25742.7614295,25742.7614295,25742.7614295,25742.7614295,25742.7614295,25742.7614295,25742.7614295,25742.7614295,25742.7614295,25742.7614295,25742.7614295,25742.7614295,25742.7614295,25742.7614295,25742.7614295,25742.7614295,25742.7614295,25742.7614295,25742.7614295,25742.7614295,25742.7614295,25742.7614295,25742.7614295,25742.7614295,25742.7614295,25742.7614295,25742.7614295,25742.7614295,25742.7614295,25742.7614295,25742.7614295,25742.7614295,25742.7614295,25742.7614295,25742.7614295,25742.7614295,25742.7614295,25742.7614295,25742.7614295,25742.7614295,25742.7614295,25742.7614295,25742.7614295,25742.7614295,25742.7614295,25742.7614295,25742.7614295,25742.7614295,25742.7614295,25742.7614295,25742.7614295,25742.7614295,25742.7614295,25742.7614295,25742.7614295,25742.7614295,25742.7614295,25742.7614295,25742.7614295,25742.7614295,25742.7614295,25742.7614295,25742.7614295,25742.7614295,25742.7614295,25742.7614295,25742.7614295,25742.7614295,25742.7614295,25742.7614295,25742.7614295,25742.7614295,25742.7614295,25742.7614295,25742.7614295,25742.7614295,25742.7614295,25742.7614295,25742.7614295,25742.7614295,25742.7614295,25742.7614295,25742.7614295,25742.7614295,25742.7614295,25742.7614295,25742.7614295,25742.7614295,25742.7614295,25742.7614295,25742.7614295,25742.7614295,25742.7614295,25742.7614295,25742.7614295,25742.7614295,25742.7614295,25742.7614295,25742.7614295,25742.7614295,25742.7614295,25742.7614295,25742.7614295,25742.7614295,25742.7614295,25742.7614295,25742.7614295,25742.7614295,25742.7614295,25742.7614295,25742.7614295,25742.7614295,25742.7614295,25742.7614295,25742.7614295,25742.7614295,25742.7614295,25742.7614295,25742.7614295,25742.7614295,25742.7614295,25742.7614295,25742.7614295,25742.7614295,25742.7614295,25742.7614295,25742.7614295,25742.7614295,25742.7614295,25742.7614295,25742.7614295,25742.7614295,25742.7614295,25742.7614295,25742.7614295,25742.7614295,25742.7614295,25742.7614295,25742.7614295,25742.7614295,25742.7614295,25742.7614295,25742.7614295,25742.7614295,25742.7614295,25742.7614295,25742.7614295,25742.7614295,25742.7614295,25742.7614295,25742.7614295,25742.7614295,25742.7614295,25742.7614295,25742.7614295,25742.7614295,25742.7614295,25742.7614295,25742.7614295,25742.7614295,25742.7614295,25742.7614295,25742.7614295,25742.7614295,25742.7614295,25742.7614295,25742.7614295,25742.7614295,25742.7614295,25742.7614295,25742.7614295,25742.7614295,25742.7614295,25742.7614295,25742.7614295,25742.7614295,25742.7614295,25742.7614295,25742.7614295,25742.7614295,25742.7614295,25742.7614295,25742.7614295,25742.7614295,25742.7614295,25742.7614295,25742.7614295,25742.7614295,25742.7614295,25742.7614295,25742.7614295,25742.7614295,25742.7614295,25742.7614295,25742.7614295,25742.7614295,25742.7614295,25742.7614295,25742.7614295,25742.7614295,25742.7614295,25742.7614295,25742.7614295,25742.7614295,25742.7614295,25742.7614295,25742.7614295,25742.7614295,25742.7614295,25742.7614295,25742.7614295,25742.7614295,25742.7614295,25742.7614295,25742.7614295,25742.7614295,25742.7614295,25742.7614295,25742.7614295,25742.7614295,25742.7614295,25742.7614295,25742.7614295,25742.7614295,25742.7614295,25742.7614295,25742.7614295,25742.7614295,25742.7614295,25742.7614295,25742.7614295,25742.7614295,25742.7614295,25742.7614295,25742.7614295,25742.7614295,25742.7614295,25742.7614295,25742.7614295,25742.7614295,25742.7614295,25742.7614295,25742.7614295,25742.7614295,25742.7614295,25742.7614295,25742.7614295,25742.7614295,25742.7614295,25742.7614295,25742.7614295,25742.7614295,25742.7614295,25742.7614295,25742.7614295,25742.7614295,25742.7614295,25742.7614295,25742.7614295,25742.7614295,25742.7614295,25742.7614295,25742.7614295,25742.7614295,25742.7614295,25742.7614295,25742.7614295,25742.7614295,25742.7614295,25742.7614295,25742.7614295,25742.7614295,25742.7614295,25742.7614295,25742.7614295,25742.7614295,25742.7614295,25742.7614295,25742.7614295,25742.7614295,25742.7614295,25742.7614295,25742.7614295,25742.7614295,25742.7614295,25742.7614295,25742.7614295,25742.7614295,25742.7614295,25742.7614295,25742.7614295,25742.7614295,25742.7614295,25742.7614295,25742.7614295,25742.7614295,25742.7614295,25742.7614295,25742.7614295,25742.7614295,25742.7614295,25742.7614295,25742.7614295,25742.7614295,25742.7614295,25742.7614295,25742.7614295,25742.7614295,25742.7614295,25742.7614295,25742.7614295,25742.7614295,25742.7614295,25742.7614295,25742.7614295,25742.7614295,25742.7614295,25742.7614295,25742.7614295,25742.7614295,25742.7614295,25742.7614295,25742.7614295,25742.7614295,25742.7614295,25742.7614295,25742.7614295,25742.7614295,25742.7614295,25742.7614295,25742.7614295,25742.7614295,25742.7614295,25742.7614295,25742.7614295,25742.7614295,25742.7614295,25742.7614295,25742.7614295,25742.7614295,25742.7614295,25742.7614295,25742.7614295,25742.7614295,25742.7614295,25742.7614295,25742.7614295,25742.7614295,25742.7614295,25742.7614295,25742.7614295,25742.7614295,25742.7614295,25742.7614295,25742.7614295,25742.7614295,25742.7614295,25742.7614295,25742.7614295,25742.7614295,25742.7614295,25742.7614295,25742.7614295,25742.7614295,25742.7614295,25742.7614295,25742.7614295,25742.7614295,25742.7614295,25742.7614295,25742.7614295,25742.7614295,25742.7614295,25742.7614295,25742.7614295,25742.7614295,25742.7614295,25742.7614295,25742.7614295,25742.7614295,25742.7614295,25742.7614295,25742.7614295,25742.7614295,25742.7614295,25742.7614295,25742.7614295,25742.7614295,25742.7614295,25742.7614295,25742.7614295,25742.7614295,25742.7614295,25742.7614295,25742.7614295,25742.7614295,25742.7614295,25742.7614295,25742.7614295,25742.7614295,25742.7614295,25742.7614295,25742.7614295,25742.7614295,25742.7614295,25742.7614295,25742.7614295,25742.7614295,25742.7614295,25742.7614295,25742.7614295,25742.7614295,25742.7614295,25742.7614295,25742.7614295,25742.7614295,25742.7614295,25742.7614295,25742.7614295,25742.7614295,25742.7614295,25742.7614295,25742.7614295,25742.7614295,25742.7614295,25742.7614295,25742.7614295,25742.7614295,25742.7614295,25742.7614295,25742.7614295,25742.7614295,25742.7614295,25742.7614295,25742.7614295,25742.7614295,25742.7614295,25742.7614295,25742.7614295,25742.7614295,25742.7614295,25742.7614295,25742.7614295,25742.7614295,25742.7614295,25742.7614295,25742.7614295,25742.7614295,25742.7614295,25742.7614295,25742.7614295,25742.7614295,25742.7614295,25742.7614295,25742.7614295,25742.7614295,25742.7614295,25742.7614295,25742.7614295,25742.7614295,25742.7614295,25742.7614295,25742.7614295,25742.7614295,25742.7614295,25742.7614295,25742.7614295,25742.7614295,25742.7614295,25742.7614295,25742.7614295,25742.7614295,25742.7614295,25742.7614295,25742.7614295,25742.7614295,25742.7614295,25742.7614295,25742.7614295,25742.7614295,25742.7614295,25742.7614295,25742.7614295,25742.7614295,25742.7614295,25742.7614295,25742.7614295,25742.7614295,25742.7614295,25742.7614295,25742.7614295,25742.7614295,25742.7614295,25742.7614295,25742.7614295,25742.7614295,25742.7614295,25742.7614295,25742.7614295,25742.7614295,25742.7614295,25742.7614295,25742.7614295,25742.7614295,25742.7614295,25742.7614295,25742.7614295,25742.7614295,25742.7614295,25742.7614295,25742.7614295,25742.7614295,25742.7614295,25742.7614295,25742.7614295,25742.7614295,25742.7614295,25742.7614295,25742.7614295,25742.7614295,25742.7614295,25742.7614295,25742.7614295,25742.7614295,25742.7614295,25742.7614295,25742.7614295,25742.7614295,25742.7614295,25742.7614295,25742.7614295,25742.7614295,25742.7614295,25742.7614295,25742.7614295,25742.7614295,25742.7614295,25742.7614295,25742.7614295,25742.7614295,25742.7614295,25742.7614295,25742.7614295,25742.7614295,25742.7614295,25742.7614295,25742.7614295,25742.7614295,25742.7614295,25742.7614295,25742.7614295,25742.7614295,25742.7614295,25742.7614295,25742.7614295,25742.7614295,25742.7614295,25742.7614295,25742.7614295,25742.7614295,25742.7614295,25742.7614295,25742.7614295,25742.7614295,25742.7614295,25742.7614295,25742.7614295,25742.7614295,25742.7614295,25742.7614295,25742.7614295,25742.7614295,25742.7614295,25742.7614295,25742.7614295,25742.7614295,25742.7614295,25742.7614295,25742.7614295,25742.7614295,25742.7614295,25742.7614295,25742.7614295,25742.7614295,25742.7614295,25742.7614295,25742.7614295,25742.7614295,25742.7614295,25742.7614295,25742.7614295,25742.7614295,25742.7614295,25742.7614295,25742.7614295,25742.7614295,25742.7614295,25742.7614295,25742.7614295,25742.7614295,25742.7614295,25742.7614295,25742.7614295,25742.7614295,25742.7614295,25742.7614295,25742.7614295,25742.7614295,25742.7614295,25742.7614295,25742.7614295,25742.7614295,25742.7614295,25742.7614295,25742.7614295,25742.7614295,25742.7614295,25742.7614295,25742.7614295,25742.7614295,25742.7614295,25742.7614295,25742.7614295,25742.7614295,25742.7614295,25742.7614295,25742.7614295,25742.7614295,25742.7614295,25742.7614295,25742.7614295,25742.7614295,25742.7614295,25742.7614295,25742.7614295,25742.7614295,25742.7614295,25742.7614295,25742.7614295,25742.7614295,25742.7614295,25742.7614295,25742.7614295,25742.7614295,25742.7614295,25742.7614295,25742.7614295,25742.7614295,25742.7614295,25742.7614295,25742.7614295,25742.7614295,25742.7614295,25742.7614295,25742.7614295,25742.7614295,25742.7614295,25742.7614295,25742.7614295,25742.7614295,25742.7614295,25742.7614295,25742.7614295,25742.7614295,25742.7614295,25742.7614295,25742.7614295,25742.7614295,25742.7614295,25742.7614295,25742.7614295,25742.7614295,25742.7614295,25742.7614295,25742.7614295,25742.7614295,25742.7614295,25742.7614295,25742.7614295,25742.7614295,25742.7614295,25742.7614295,25742.7614295,25742.7614295,25742.7614295,25742.7614295,25742.7614295,25742.7614295,25742.7614295,25742.7614295,25742.7614295,25742.7614295,25742.7614295,25742.7614295,25742.7614295,25742.7614295,25742.7614295,25742.7614295,25742.7614295,25742.7614295,25742.7614295,25742.7614295,25742.7614295,25742.7614295,25742.7614295,25742.7614295,25742.7614295,25742.7614295,25742.7614295,25742.7614295,25742.7614295,25742.7614295,25742.7614295,25742.7614295,25742.7614295,25742.7614295,25742.7614295,25742.7614295,25742.7614295,25742.7614295,25742.7614295,25742.7614295,25742.7614295,25742.7614295,25742.7614295,25742.7614295,25742.7614295,25742.7614295,25742.7614295,25742.7614295,25742.7614295,25742.7614295,25742.7614295,25742.7614295,25742.7614295,25742.7614295,25742.7614295,25742.7614295,25742.7614295,25742.7614295,25742.7614295,25742.7614295,25742.7614295,25742.7614295,25742.7614295,25742.7614295,25742.7614295,25742.7614295,25742.7614295,25742.7614295,25742.7614295,25742.7614295,25742.7614295,25742.7614295,25742.7614295,25742.7614295,25742.7614295,25742.7614295,25742.7614295,25742.7614295,25742.7614295,25742.7614295,25742.7614295,25742.7614295,25742.7614295,25742.7614295,25742.7614295,25742.7614295,25742.7614295,25742.7614295,25742.7614295,25742.7614295,25742.7614295,25742.7614295,25742.7614295,25742.7614295,25742.7614295,25742.7614295,25742.7614295,25742.7614295,25742.7614295,25742.7614295,25742.7614295,25742.7614295,25742.7614295,25742.7614295,25742.7614295,25742.7614295,25742.7614295,25742.7614295,25742.7614295,25742.7614295,25742.7614295,25742.7614295,25742.7614295,25742.7614295,25742.7614295,25742.7614295,25742.7614295,25742.7614295,25742.7614295,25742.7614295,25742.7614295,25742.7614295,25742.7614295,25742.7614295,25742.7614295,25742.7614295,25742.7614295,25742.7614295,25742.7614295,25742.7614295,25742.7614295,25742.7614295,25742.7614295,25742.7614295,25742.7614295,25742.7614295,25742.7614295,25742.7614295,25742.7614295,25742.7614295,25742.7614295,25742.7614295,25742.7614295,25742.7614295,25742.7614295,25742.7614295,25742.7614295,25742.7614295,25742.7614295,25742.7614295,25742.7614295,25742.7614295,25742.7614295,25742.7614295,25742.7614295,25742.7614295,25742.7614295,25742.7614295,25742.7614295,25742.7614295,25742.7614295,25742.7614295,25742.7614295,25742.7614295,25742.7614295,25742.7614295,25742.7614295,25742.7614295,25742.7614295,25742.7614295,25742.7614295,25742.7614295,25742.7614295,25742.7614295,25742.7614295,25742.7614295,25742.7614295,25742.7614295,25742.7614295,25742.7614295,25742.7614295,25742.7614295,25742.7614295,25742.7614295,25742.7614295,25742.7614295,25742.7614295,25742.7614295,25742.7614295,25742.7614295,25742.7614295,25742.7614295,25742.7614295,25742.7614295,25742.7614295,25742.7614295,25742.7614295,25742.7614295,25742.7614295,25742.7614295,25742.7614295,25742.7614295,25742.7614295,25742.7614295,25742.7614295,25742.7614295,25742.7614295,25742.7614295,25742.7614295,25742.7614295,25742.7614295,25742.7614295,25742.7614295,25742.7614295,25742.7614295,25742.7614295,25742.7614295,25742.7614295,25742.7614295,25742.7614295,25742.7614295,25742.7614295,25742.7614295,25742.7614295,25742.7614295,25742.7614295,25742.7614295,25742.7614295,25742.7614295,25742.7614295,25742.7614295,25742.7614295,25742.7614295,25742.7614295,25742.7614295,25742.7614295,25742.7614295,25742.7614295,25742.7614295,25742.7614295,25742.7614295,25742.7614295,25742.7614295,25742.7614295,25742.7614295,25742.7614295,25742.7614295,25742.7614295,25742.7614295,25742.7614295,25742.7614295,25742.7614295,25742.7614295,25742.7614295,25742.7614295,25742.7614295,25742.7614295,25742.7614295,25742.7614295,25742.7614295,25742.7614295,25742.7614295,25742.7614295,25742.7614295,25742.7614295,25742.7614295,25742.7614295,25742.7614295,25742.7614295,25742.7614295,25742.7614295,25742.7614295,25742.7614295,25742.7614295,25742.7614295,25742.7614295,25742.7614295,25742.7614295,25742.7614295,25742.7614295,25742.7614295,25742.7614295,25742.7614295,25742.7614295,25742.7614295,25742.7614295,25742.7614295,25742.7614295,25742.7614295,25742.7614295,25742.7614295,25742.7614295,25742.7614295,25742.7614295,25742.7614295,25742.7614295,25742.7614295,25742.7614295,25742.7614295,25742.7614295,25742.7614295,25742.7614295,25742.7614295,25742.7614295,25742.7614295,25742.7614295,25742.7614295,25742.7614295,25742.7614295,25742.7614295,25742.7614295,25742.7614295,25742.7614295,25742.7614295,25742.7614295,25742.7614295,25742.7614295,25742.7614295,25742.7614295,25742.7614295,25742.7614295,25742.7614295,25742.7614295,25742.7614295,25742.7614295,25742.7614295,25742.7614295,25742.7614295,25742.7614295,25742.7614295,25742.7614295,25742.7614295,25742.7614295,25742.7614295,25742.7614295,25742.7614295,25742.7614295,25742.7614295,25742.7614295,25742.7614295,25742.7614295,25742.7614295,25742.7614295,25742.7614295,25742.7614295,25742.7614295,25742.7614295,25742.7614295,25742.7614295,25742.7614295,25742.7614295,25742.7614295,25742.7614295,25742.7614295,25742.7614295,25742.7614295,25742.7614295,25742.7614295,25742.7614295,25742.7614295,25742.7614295,25742.7614295,25742.7614295,25742.7614295,25742.7614295,25742.7614295,25742.7614295,25742.7614295,25742.7614295,25742.7614295,25742.7614295,25742.7614295,25742.7614295,25742.7614295,25742.7614295,25742.7614295,25742.7614295,25742.7614295,25742.7614295,25742.7614295,25742.7614295,25742.7614295,25742.7614295,25742.7614295,25742.7614295,25742.7614295,25742.7614295,25742.7614295,25742.7614295,25742.7614295,25742.7614295,25742.7614295,25742.7614295,25742.7614295,25742.7614295,25742.7614295,25742.7614295,25742.7614295,25742.7614295,25742.7614295,25742.7614295,25742.7614295,25742.7614295,25742.7614295,25742.7614295,25742.7614295,25742.7614295,25742.7614295,25742.7614295,25742.7614295,25742.7614295,25742.7614295,25742.7614295,25742.7614295,25742.7614295,25742.7614295,25742.7614295,25742.7614295,25742.7614295,25742.7614295,25742.7614295,25742.7614295,25742.7614295,25742.7614295,25742.7614295,25742.7614295,25742.7614295,25742.7614295,25742.7614295,25742.7614295,25742.7614295,25742.7614295,25742.7614295,25742.7614295,25742.7614295,25742.7614295,25742.7614295,25742.7614295,25742.7614295,25742.7614295,25742.7614295,25742.7614295,25742.7614295,25742.7614295,25742.7614295,25742.7614295,25742.7614295,25742.7614295,25742.7614295,25742.7614295,25742.7614295,25742.7614295,25742.7614295,25742.7614295,25742.7614295,25742.7614295,25742.7614295,25742.7614295,25742.7614295,25742.7614295,25742.7614295,25742.7614295,25742.7614295,25742.7614295,25742.7614295,25742.7614295,25742.7614295,25742.7614295,25742.7614295,25742.7614295,25742.7614295,25742.7614295,25742.7614295,25742.7614295,25742.7614295,25742.7614295,25742.7614295,25742.7614295,25742.7614295,25742.7614295,25742.7614295,25742.7614295,25742.7614295,25742.7614295,25742.7614295,25742.7614295,25742.7614295,25742.7614295,25742.7614295,25742.7614295,25742.7614295,25742.7614295,25742.7614295,25742.7614295,25742.7614295,25742.7614295,25742.7614295,25742.7614295,25742.7614295,25742.7614295,25742.7614295,25742.7614295,25742.7614295,25742.7614295,25742.7614295,25742.7614295,25742.7614295,25742.7614295,25742.7614295,25742.7614295,25742.7614295,25742.7614295,25742.7614295,25742.7614295,25742.7614295,25742.7614295,25742.7614295,25742.7614295,25742.7614295,25742.7614295,25742.7614295,25742.7614295,25742.7614295,25742.7614295,25742.7614295,25742.7614295,25742.7614295,25742.7614295,25742.7614295,25742.7614295,25742.7614295,25742.7614295,25742.7614295,25742.7614295,25742.7614295,25742.7614295,25742.7614295,25742.7614295,25742.7614295,25742.7614295,25742.7614295,25742.7614295,25742.7614295,25742.7614295,25742.7614295,25742.7614295,25742.7614295,25742.7614295,25742.7614295,25742.7614295,25742.7614295,25742.7614295,25742.7614295,25742.7614295,25742.7614295,25742.7614295,25742.7614295,25742.7614295,25742.7614295,25742.7614295,25742.7614295,25742.7614295,25742.7614295,25742.7614295,25742.7614295,25742.7614295,25742.7614295,25742.7614295,25742.7614295,25742.7614295,25742.7614295,25742.7614295,25742.7614295,25742.7614295,25742.7614295,25742.7614295,25742.7614295,25742.7614295,25742.7614295,25742.7614295,25742.7614295,25742.7614295,25742.7614295,25742.7614295,25742.7614295,25742.7614295,25742.7614295,25742.7614295,25742.7614295,25742.7614295,25742.7614295,25742.7614295,25742.7614295,25742.7614295,25742.7614295,25742.7614295,25742.7614295,25742.7614295,25742.7614295,25742.7614295,25742.7614295,25742.7614295,25742.7614295,25742.7614295,25742.7614295,25742.7614295,25742.7614295,25742.7614295,25742.7614295,25742.7614295,25742.7614295,25742.7614295,25742.7614295,25742.7614295,25742.7614295,25742.7614295,25742.7614295,25742.7614295,25742.7614295,25742.7614295,25742.7614295,25742.7614295,25742.7614295,25742.7614295,25742.7614295,25742.7614295,25742.7614295,25742.7614295,25742.7614295,25742.7614295,25742.7614295,25742.7614295,25742.7614295,25742.7614295,25742.7614295,25742.7614295,25742.7614295,25742.7614295,25742.7614295,25742.7614295,25742.7614295,25742.7614295,25742.7614295,25742.7614295,25742.7614295,25742.7614295,25742.7614295,25742.7614295,25742.7614295,25742.7614295,25742.7614295,25742.7614295,25742.7614295,25742.7614295,25742.7614295,25742.7614295,25742.7614295,25742.7614295,25742.7614295,25742.7614295,25742.7614295,25742.7614295,25742.7614295,25742.7614295,25742.7614295,25742.7614295,25742.7614295,25742.7614295,25742.7614295,25742.7614295,25742.7614295,25742.7614295,25742.7614295,25742.7614295,25742.7614295,25742.7614295,25742.7614295,25742.7614295,25742.7614295,25742.7614295,25742.7614295,25742.7614295,25742.7614295,25742.7614295,25742.7614295,25742.7614295,25742.7614295,25742.7614295,25742.7614295,25742.7614295,25742.7614295,25742.7614295,25742.7614295,25742.7614295,25742.7614295,25742.7614295,25742.7614295,25742.7614295,25742.7614295,25742.7614295,25742.7614295,25742.7614295,25742.7614295,25742.7614295,25742.7614295,25742.7614295,25742.7614295,25742.7614295,25742.7614295,25742.7614295,25742.7614295,25742.7614295,25742.7614295,25742.7614295,25742.7614295,25742.7614295,25742.7614295,25742.7614295,25742.7614295,25742.7614295,25742.7614295,25742.7614295,25742.7614295,25742.7614295,25742.7614295,25742.7614295,25742.7614295,25742.7614295,25742.7614295,25742.7614295,25742.7614295,25742.7614295,25742.7614295,25742.7614295,25742.7614295,25742.7614295,25742.7614295,25742.7614295,25742.7614295,25742.7614295,25742.7614295,25742.7614295,25742.7614295,25742.7614295,25742.7614295,25742.7614295,25742.7614295,25742.7614295,25742.7614295,25742.7614295,25742.7614295,25742.7614295,25742.7614295,25742.7614295,25742.7614295,25742.7614295,25742.7614295,25742.7614295,25742.7614295,25742.7614295,25742.7614295,25742.7614295,25742.7614295,25742.7614295,25742.7614295,25742.7614295,25742.7614295,25742.7614295,25742.7614295,25742.7614295,25742.7614295,25742.7614295,25742.7614295,25742.7614295,25742.7614295,25742.7614295,25742.7614295,25742.7614295,25742.7614295,25742.7614295,25742.7614295,25742.7614295,25742.7614295,25742.7614295,25742.7614295,25742.7614295,25742.7614295,25742.7614295,25742.7614295,25742.7614295,25742.7614295,25742.7614295,25742.7614295,25742.7614295,25742.7614295,25742.7614295,25742.7614295,25742.7614295,25742.7614295,25742.7614295,25742.7614295,25742.7614295,25742.7614295,25742.7614295,25742.7614295,25742.7614295,25742.7614295,25742.7614295,25742.7614295,25742.7614295,25742.7614295,25742.7614295,25742.7614295,25742.7614295,25742.7614295,25742.7614295,25742.7614295,25742.7614295,25742.7614295,25742.7614295,25742.7614295,25742.7614295,25742.7614295,25742.7614295,25742.7614295,25742.7614295,25742.7614295,25742.7614295,25742.7614295,25742.7614295,25742.7614295,25742.7614295,25742.7614295,25742.7614295,25742.7614295,25742.7614295,25742.7614295,25742.7614295,25742.7614295,25742.7614295,25742.7614295,25742.7614295,25742.7614295,25742.7614295,25742.7614295,25742.7614295,25742.7614295,25742.7614295,25742.7614295,25742.7614295,25742.7614295,25742.7614295,25742.7614295,25742.7614295,25742.7614295,25742.7614295,25742.7614295,25742.7614295,25742.7614295,25742.7614295,25742.7614295,25742.7614295,25742.7614295,25742.7614295,25742.7614295,25742.7614295,25742.7614295,25742.7614295,25742.7614295,25742.7614295,25742.7614295,25742.7614295,25742.7614295,25742.7614295,25742.7614295,25742.7614295,25742.7614295,25742.7614295,25742.7614295,25742.7614295,25742.7614295,25742.7614295,25742.7614295,25742.7614295,25742.7614295,25742.7614295,25742.7614295,25742.7614295,25742.7614295,25742.7614295,25742.7614295,25742.7614295,25742.7614295,25742.7614295,25742.7614295,25742.7614295,25742.7614295,25742.7614295,25742.7614295,25742.7614295,25742.7614295,25742.7614295,25742.7614295,25742.7614295,25742.7614295,25742.7614295,25742.7614295,25742.7614295,25742.7614295,25742.7614295,25742.7614295,25742.7614295,25742.7614295,25742.7614295,25742.7614295,25742.7614295,25742.7614295,25742.7614295,25742.7614295,25742.7614295,25742.7614295,25742.7614295,25742.7614295,25742.7614295,25742.7614295,25742.7614295,25742.7614295,25742.7614295,25742.7614295,25742.7614295,25742.7614295,25742.7614295,25742.7614295,25742.7614295,25742.7614295,25742.7614295,25742.7614295,25742.7614295,25742.7614295,25742.7614295,25742.7614295,25742.7614295,25742.7614295,25742.7614295,25742.7614295,25742.7614295,25742.7614295,25742.7614295,25742.7614295,25742.7614295,25742.7614295,25742.7614295,25742.7614295,25742.7614295,25742.7614295,25742.7614295,25742.7614295,25742.7614295,25742.7614295,25742.7614295,25742.7614295,25742.7614295,25742.7614295,25742.7614295,25742.7614295,25742.7614295,25742.7614295,25742.7614295,25742.7614295,25742.7614295,25742.7614295,25742.7614295,25742.7614295,25742.7614295,25742.7614295,25742.7614295,25742.7614295,25742.7614295,25742.7614295,25742.7614295,25742.7614295,25742.7614295,25742.7614295,25742.7614295,25742.7614295,25742.7614295,25742.7614295,25742.7614295,25742.7614295,25742.7614295,25742.7614295,25742.7614295,25742.7614295,25742.7614295,25742.7614295,25742.7614295,25742.7614295,25742.7614295,25742.7614295,25742.7614295,25742.7614295,25742.7614295,25742.7614295,25742.7614295,25742.7614295,25742.7614295,25742.7614295,25742.7614295,25742.7614295,25742.7614295,25742.7614295,25742.7614295,25742.7614295,25742.7614295,25742.7614295,25742.7614295,25742.7614295,25742.7614295,25742.7614295,25742.7614295,25742.7614295,25742.7614295,25742.7614295,25742.7614295,25742.7614295,25742.7614295,25742.7614295,25742.7614295,25742.7614295,25742.7614295,25742.7614295,25742.7614295,25742.7614295,25742.7614295,25742.7614295,25742.7614295,25742.7614295,25742.7614295,25742.7614295,25742.7614295,25742.7614295,25742.7614295,25742.7614295,25742.7614295,25742.7614295,25742.7614295,25742.7614295,25742.7614295,25742.7614295,25742.7614295,25742.7614295,25742.7614295,25742.7614295,25742.7614295,25742.7614295,25742.7614295,25742.7614295,25742.7614295,25742.7614295,25742.7614295,25742.7614295,25742.7614295,25742.7614295,25742.7614295,25742.7614295,25742.7614295,25742.7614295,25742.7614295,25742.7614295,25742.7614295,25742.7614295,25742.7614295,25742.7614295,25742.7614295,25742.7614295,25742.7614295,25742.7614295,25742.7614295,25742.7614295,25742.7614295,25742.7614295,25742.7614295,25742.7614295,25742.7614295,25742.7614295,25742.7614295,25742.7614295,25742.7614295,25742.7614295,25742.7614295,25742.7614295,25742.7614295,25742.7614295,25742.7614295,25742.7614295,25742.7614295,25742.7614295,25742.7614295,25742.7614295,25742.7614295,25742.7614295,25742.7614295,25742.7614295,25742.7614295,25742.7614295,25742.7614295,25742.7614295,25742.7614295,25742.7614295,25742.7614295,25742.7614295,25742.7614295,25742.7614295,25742.7614295,25742.7614295,25742.7614295,25742.7614295,25742.7614295,25742.7614295,25742.7614295,25742.7614295,25742.7614295,25742.7614295,25742.7614295,25742.7614295,25742.7614295,25742.7614295,25742.7614295,25742.7614295,25742.7614295,25742.7614295,25742.7614295,25742.7614295,25742.7614295,25742.7614295,25742.7614295,25742.7614295,25742.7614295,25742.7614295,25742.7614295,25742.7614295,25742.7614295,25742.7614295,25742.7614295,25742.7614295,25742.7614295,25742.7614295,25742.7614295,25742.7614295,25742.7614295,25742.7614295,25742.7614295,25742.7614295,25742.7614295,25742.7614295,25742.7614295,25742.7614295,25742.7614295,25742.7614295,25742.7614295,25742.7614295,25742.7614295,25742.7614295,25742.7614295,25742.7614295,25742.7614295,25742.7614295,25742.7614295,25742.7614295,25742.7614295,25742.7614295,25742.7614295,25742.7614295,25742.7614295,25742.7614295,25742.7614295,25742.7614295,25742.7614295,25742.7614295,25742.7614295,25742.7614295,25742.7614295,25742.7614295,25742.7614295,25742.7614295,25742.7614295,25742.7614295,25742.7614295,25742.7614295,25742.7614295,25742.7614295,25742.7614295,25742.7614295,25742.7614295,25742.7614295,25742.7614295,25742.7614295,25742.7614295,25742.7614295,25742.7614295,25742.7614295,25742.7614295,25742.7614295,25742.7614295,25742.7614295,25742.7614295,25742.7614295,25742.7614295,25742.7614295,25742.7614295,25742.7614295,25742.7614295,25742.7614295,25742.7614295,25742.7614295,25742.7614295,25742.7614295,25742.7614295,25742.7614295,25742.7614295,25742.7614295,25742.7614295,25742.7614295,25742.7614295,25742.7614295,25742.7614295,25742.7614295,25742.7614295,25742.7614295,25742.7614295,25742.7614295,25742.7614295,25742.7614295,25742.7614295,25742.7614295,25742.7614295,25742.7614295,25742.7614295,25742.7614295,25742.7614295,25742.7614295,25742.7614295,25742.7614295,25742.7614295,25742.7614295,25742.7614295,25742.7614295,25742.7614295,25742.7614295,25742.7614295,25742.7614295,25742.7614295,25742.7614295,25742.7614295,25742.7614295,25742.7614295,25742.7614295,25742.7614295,25742.7614295,25742.7614295,25742.7614295,25742.7614295,25742.7614295,25742.7614295,25742.7614295,25742.7614295,25742.7614295,25742.7614295,25742.7614295,25742.7614295,25742.7614295,25742.7614295,25742.7614295,25742.7614295,25742.7614295,25742.7614295,25742.7614295,25742.7614295,25742.7614295,25742.7614295,25742.7614295,25742.7614295,25742.7614295,25742.7614295,25742.7614295,25742.7614295,25742.7614295,25742.7614295,25742.7614295,25742.7614295,25742.7614295,25742.7614295,25742.7614295,25742.7614295,25742.7614295,25742.7614295,25742.7614295,25742.7614295,25742.7614295,25742.7614295,25742.7614295,25742.7614295,25742.7614295,25742.7614295,25742.7614295,25742.7614295,25742.7614295,25742.7614295,25742.7614295,25742.7614295,25742.7614295,25742.7614295,25742.7614295,25742.7614295,25742.7614295,25742.7614295,25742.7614295,25742.7614295,25742.7614295,25742.7614295,25742.7614295,25742.7614295,25742.7614295,25742.7614295,25742.7614295,25742.7614295,25742.7614295,25742.7614295,25742.7614295,25742.7614295,25742.7614295,25742.7614295,25742.7614295,25742.7614295,25742.7614295,25742.7614295,25742.7614295,25742.7614295,25742.7614295,25742.7614295,25742.7614295,25742.7614295,25742.7614295,25742.7614295,25742.7614295,25742.7614295,25742.7614295,25742.7614295,25742.7614295,25742.7614295,25742.7614295,25742.7614295,25742.7614295,25742.7614295,25742.7614295,25742.7614295,25742.7614295,25742.7614295,25742.7614295,25742.7614295,25742.7614295,25742.7614295,25742.7614295,25742.7614295,25742.7614295,25742.7614295,25742.7614295,25742.7614295,25742.7614295,25742.7614295,25742.7614295,25742.7614295,25742.7614295,25742.7614295,25742.7614295,25742.7614295,25742.7614295,25742.7614295,25742.7614295,25742.7614295,25742.7614295,25742.7614295,25742.7614295,25742.7614295,25742.7614295,25742.7614295,25742.7614295,25742.7614295,25742.7614295,25742.7614295,25742.7614295,25742.7614295,25742.7614295,25742.7614295,25742.7614295,25742.7614295,25742.7614295,25742.7614295,25742.7614295,25742.7614295,25742.7614295,25742.7614295,25742.7614295,25742.7614295,25742.7614295,25742.7614295,25742.7614295,25742.7614295,25742.7614295,25742.7614295,25742.7614295,25742.7614295,25742.7614295,25742.7614295,25742.7614295,25742.7614295,25742.7614295,25742.7614295,25742.7614295,25742.7614295,25742.7614295,25742.7614295,25742.7614295,25742.7614295,25742.7614295,25742.7614295,25742.7614295,25742.7614295,25742.7614295,25742.7614295,25742.7614295,25742.7614295,25742.7614295,25742.7614295,25742.7614295,25742.7614295,25742.7614295,25742.7614295,25742.7614295,25742.7614295,25742.7614295,25742.7614295,25742.7614295,25742.7614295,25742.7614295,25742.7614295,25742.7614295,25742.7614295,25742.7614295,25742.7614295,25742.7614295,25742.7614295,25742.7614295,25742.7614295,25742.7614295,25742.7614295,25742.7614295,25742.7614295,25742.7614295,25742.7614295,25742.7614295,25742.7614295,25742.7614295,25742.7614295,25742.7614295,25742.7614295,25742.7614295,25742.7614295,25742.7614295,25742.7614295,25742.7614295,25742.7614295,25742.7614295,25742.7614295,25742.7614295,25742.7614295,25742.7614295,25742.7614295,25742.7614295,25742.7614295,25742.7614295,25742.7614295,25742.7614295,25742.7614295,25742.7614295,25742.7614295,25742.7614295,25742.7614295,25742.7614295,25742.7614295,25742.7614295,25742.7614295,25742.7614295,25742.7614295,25742.7614295,25742.7614295,25742.7614295,25742.7614295,25742.7614295,25742.7614295,25742.7614295,25742.7614295,25742.7614295,25742.7614295,25742.7614295,25742.7614295,25742.7614295,25742.7614295,25742.7614295,25742.7614295,25742.7614295,25742.7614295,25742.7614295,25742.7614295,25742.7614295,25742.7614295,25742.7614295,25742.7614295,25742.7614295,25742.7614295,25742.7614295,25742.7614295,25742.7614295,25742.7614295,25742.7614295,25742.7614295,25742.7614295,25742.7614295,25742.7614295,25742.7614295,25742.7614295,25742.7614295,25742.7614295,25742.7614295,25742.7614295,25742.7614295,25742.7614295,25742.7614295,25742.7614295,25742.7614295,25742.7614295,25742.7614295,25742.7614295,25742.7614295,25742.7614295,25742.7614295,25742.7614295,25742.7614295,25742.7614295,25742.7614295,25742.7614295,25742.7614295,25742.7614295,25742.7614295,25742.7614295,25742.7614295,25742.7614295,25742.7614295,25742.7614295,25742.7614295,25742.7614295,25742.7614295,25742.7614295,25742.7614295,25742.7614295,25742.7614295,25742.7614295,25742.7614295,25742.7614295,25742.7614295,25742.7614295,25742.7614295,25742.7614295,25742.7614295,25742.7614295,25742.7614295,25742.7614295,25742.7614295,25742.7614295,25742.7614295,25742.7614295,25742.7614295,25742.7614295,25742.7614295,25742.7614295,25742.7614295,25742.7614295,25742.7614295,25742.7614295,25742.7614295,25742.7614295,25742.7614295,25742.7614295,25742.7614295,25742.7614295,25742.7614295,25742.7614295,25742.7614295,25742.7614295,25742.7614295,25742.7614295,25742.7614295,25742.7614295,25742.7614295,25742.7614295,25742.7614295,25742.7614295,25742.7614295,25742.7614295,25742.7614295,25742.7614295,25742.7614295,25742.7614295,25742.7614295,25742.7614295,25742.7614295,25742.7614295,25742.7614295,25742.7614295,25742.7614295,25742.7614295,25742.7614295,25742.7614295,25742.7614295,25742.7614295,25742.7614295,25742.7614295,25742.7614295,25742.7614295,25742.7614295,25742.7614295,25742.7614295,25742.7614295,25742.7614295,25742.7614295,25742.7614295,25742.7614295,25742.7614295,25742.7614295,25742.7614295,25742.7614295,25742.7614295,25742.7614295,25742.7614295,25742.7614295,25742.7614295,25742.7614295,25742.7614295,25742.7614295,25742.7614295,25742.7614295,25742.7614295,25742.7614295,25742.7614295,25742.7614295,25742.7614295,25742.7614295,25742.7614295,25742.7614295,25742.7614295,25742.7614295,25742.7614295,25742.7614295,25742.7614295,25742.7614295,25742.7614295,25742.7614295,25742.7614295,25742.7614295,25742.7614295,25742.7614295,25742.7614295,25742.7614295,25742.7614295,25742.7614295,25742.7614295,25742.7614295,25742.7614295,25742.7614295,25742.7614295,25742.7614295,25742.7614295,25742.7614295,25742.7614295,25742.7614295,25742.7614295,25742.7614295,25742.7614295,25742.7614295,25742.7614295,25742.7614295,25742.7614295,25742.7614295,25742.7614295,25742.7614295,25742.7614295,25742.7614295,25742.7614295,25742.7614295,25742.7614295,25742.7614295,25742.7614295,25742.7614295,25742.7614295,25742.7614295,25742.7614295,25742.7614295,25742.7614295,25742.7614295,25742.7614295,25742.7614295,25742.7614295,25742.7614295,25742.7614295,25742.7614295,25742.7614295,25742.7614295,25742.7614295,25742.7614295,25742.7614295,25742.7614295,25742.7614295,25742.7614295,25742.7614295,25742.7614295,25742.7614295,25742.7614295,25742.7614295,25742.7614295,25742.7614295,25742.7614295,25742.7614295,25742.7614295,25742.7614295,25742.7614295,25742.7614295,25742.7614295,25742.7614295,25742.7614295,25742.7614295,25742.7614295,25742.7614295,25742.7614295,25742.7614295,25742.7614295,25742.7614295,25742.7614295,25742.7614295,25742.7614295,25742.7614295,25742.7614295,25742.7614295,25742.7614295,25742.7614295,25742.7614295,25742.7614295,25742.7614295,25742.7614295,25742.7614295,25742.7614295,25742.7614295,25742.7614295,25742.7614295,25742.7614295,25742.7614295,25742.7614295,25742.7614295,25742.7614295,25742.7614295,25742.7614295,25742.7614295,25742.7614295,25742.7614295,25742.7614295,25742.7614295,25742.7614295,25742.7614295,25742.7614295,25742.7614295,25742.7614295,25742.7614295,25742.7614295,25742.7614295,25742.7614295,25742.7614295,25742.7614295,25742.7614295,25742.7614295,25742.7614295,25742.7614295,25742.7614295,25742.7614295,25742.7614295,25742.7614295,25742.7614295,25742.7614295,25742.7614295,25742.7614295,25742.7614295,25742.7614295,25742.7614295,25742.7614295,25742.7614295,25742.7614295,25742.7614295,25742.7614295,25742.7614295,25742.7614295,25742.7614295,25742.7614295,25742.7614295,25742.7614295,25742.7614295,25742.7614295,25742.7614295,25742.7614295,25742.7614295,25742.7614295,25742.7614295,25742.7614295,25742.7614295,25742.7614295,25742.7614295,25742.7614295,25742.7614295,25742.7614295,25742.7614295,25742.7614295,25742.7614295,25742.7614295,25742.7614295,25742.7614295,25742.7614295,25742.7614295,25742.7614295,25742.7614295,25742.7614295,25742.7614295,25742.7614295,25742.7614295,25742.7614295,25742.7614295,25742.7614295,25742.7614295,25742.7614295,25742.7614295,25742.7614295,25742.7614295,25742.7614295,25742.7614295,25742.7614295,25742.7614295,25742.7614295,25742.7614295,25742.7614295,25742.7614295,25742.7614295,25742.7614295,25742.7614295,25742.7614295,25742.7614295,25742.7614295,25742.7614295,25742.7614295,25742.7614295,25742.7614295,25742.7614295,25742.7614295,25742.7614295,25742.7614295,25742.7614295,25742.7614295,25742.7614295,25742.7614295,25742.7614295,25742.7614295,25742.7614295,25742.7614295,25742.7614295,25742.7614295,25742.7614295,25742.7614295,25742.7614295,25742.7614295,25742.7614295,25742.7614295,25742.7614295,25742.7614295,25742.7614295,25742.7614295,25742.7614295,25742.7614295,25742.7614295,25742.7614295,25742.7614295,25742.7614295,25742.7614295,25742.7614295,25742.7614295,25742.7614295,25742.7614295,25742.7614295,25742.7614295,25742.7614295,25742.7614295,25742.7614295,25742.7614295,25742.7614295,25742.7614295,25742.7614295,25742.7614295,25742.7614295,25742.7614295,25742.7614295,25742.7614295,25742.7614295,25742.7614295,25742.7614295,25742.7614295,25742.7614295,25742.7614295,25742.7614295,25742.7614295,25742.7614295,25742.7614295,25742.7614295,25742.7614295,25742.7614295,25742.7614295,25742.7614295,25742.7614295,25742.7614295,25742.7614295,25742.7614295,25742.7614295,25742.7614295,25742.7614295,25742.7614295,25742.7614295,25742.7614295,25742.7614295,25742.7614295,25742.7614295,25742.7614295,25742.7614295,25742.7614295,25742.7614295,25742.7614295,25742.7614295,25742.7614295,25742.7614295,25742.7614295,25742.7614295,25742.7614295,25742.7614295,25742.7614295,25742.7614295,25742.7614295,25742.7614295,25742.7614295,25742.7614295,25742.7614295,25742.7614295,25742.7614295,25742.7614295,25742.7614295,25742.7614295,25742.7614295,25742.7614295,25742.7614295,25742.7614295,25742.7614295,25742.7614295,25742.7614295,25742.7614295,25742.7614295,25742.7614295,25742.7614295,25742.7614295,25742.7614295,25742.7614295,25742.7614295,25742.7614295,25742.7614295,25742.7614295,25742.7614295,25742.7614295,25742.7614295,25742.7614295,25742.7614295,25742.7614295,25742.7614295,25742.7614295,25742.7614295,25742.7614295,25742.7614295,25742.7614295,25742.7614295,25742.7614295,25742.7614295,25742.7614295,25742.7614295,25742.7614295,25742.7614295,25742.7614295,25742.7614295,25742.7614295,25742.7614295,25742.7614295,25742.7614295,25742.7614295,25742.7614295,25742.7614295,25742.7614295,25742.7614295,25742.7614295,25742.7614295,25742.7614295,25742.7614295,25742.7614295,25742.7614295,25742.7614295,25742.7614295,25742.7614295,25742.7614295,25742.7614295,25742.7614295,25742.7614295,25742.7614295,25742.7614295,25742.7614295,25742.7614295,25742.7614295,25742.7614295,25742.7614295,25742.7614295,25742.7614295,25742.7614295,25742.7614295,25742.7614295,25742.7614295,25742.7614295,25742.7614295,25742.7614295,25742.7614295,25742.7614295,25742.7614295,25742.7614295,25742.7614295,25742.7614295,25742.7614295,25742.7614295,25742.7614295,25742.7614295,25742.7614295,25742.7614295,25742.7614295,25742.7614295,25742.7614295,25742.7614295,25742.7614295,25742.7614295,25742.7614295,25742.7614295,25742.7614295,25742.7614295,25742.7614295,25742.7614295,25742.7614295,25742.7614295,25742.7614295,25742.7614295,25742.7614295,25742.7614295,25742.7614295,25742.7614295,25742.7614295,25742.7614295,25742.7614295,25742.7614295,25742.7614295,25742.7614295,25742.7614295,25742.7614295,25742.7614295,25742.7614295,25742.7614295,25742.7614295,25742.7614295,25742.7614295,25742.7614295,25742.7614295,25742.7614295,25742.7614295,25742.7614295,25742.7614295,25742.7614295,25742.7614295,25742.7614295,25742.7614295,25742.7614295,25742.7614295,25742.7614295,25742.7614295,25742.7614295,25742.7614295,25742.7614295,25742.7614295,25742.7614295,25742.7614295,25742.7614295,25742.7614295,25742.7614295,25742.7614295,25742.7614295,25742.7614295,25742.7614295,25742.7614295,25742.7614295,25742.7614295,25742.7614295,25742.7614295,25742.7614295,25742.7614295,25742.7614295,25742.7614295,25742.7614295,25742.7614295,25742.7614295,25742.7614295,25742.7614295,25742.7614295,25742.7614295,25742.7614295,25742.7614295,25742.7614295,25742.7614295,25742.7614295,25742.7614295,25742.7614295,25742.7614295,25742.7614295,25742.7614295,25742.7614295,25742.7614295,25742.7614295,25742.7614295,25742.7614295,25742.7614295,25742.7614295,25742.7614295,25742.7614295,25742.7614295,25742.7614295,25742.7614295,25742.7614295,25742.7614295,25742.7614295,25742.7614295,25742.7614295,25742.7614295,25742.7614295,25742.7614295,25742.7614295,25742.7614295,25742.7614295,25742.7614295,25742.7614295,25742.7614295,25742.7614295,25742.7614295,25742.7614295,25742.7614295,25742.7614295,25742.7614295,25742.7614295,25742.7614295,25742.7614295,25742.7614295,25742.7614295,25742.7614295,25742.7614295,25742.7614295,25742.7614295,25742.7614295,25742.7614295,25742.7614295,25742.7614295,25742.7614295,25742.7614295,25742.7614295,25742.7614295,25742.7614295,25742.7614295,25742.7614295,25742.7614295,25742.7614295,25742.7614295,25742.7614295,25742.7614295,25742.7614295,25742.7614295,25742.7614295,25742.7614295,25742.7614295,25742.7614295,25742.7614295,25742.7614295,25742.7614295,25742.7614295,25742.7614295,25742.7614295,25742.7614295,25742.7614295,25742.7614295,25742.7614295,25742.7614295,25742.7614295,25742.7614295,25742.7614295,25742.7614295,25742.7614295,25742.7614295,25742.7614295,25742.7614295,25742.7614295,25742.7614295,25742.7614295,25742.7614295,25742.7614295,25742.7614295,25742.7614295,25742.7614295,25742.7614295,25742.7614295,25742.7614295,25742.7614295,25742.7614295,25742.7614295,25742.7614295,25742.7614295,25742.7614295,25742.7614295,25742.7614295,25742.7614295,25742.7614295,25742.7614295,25742.7614295,25742.7614295,25742.7614295,25742.7614295,25742.7614295,25742.7614295,25742.7614295,25742.7614295,25742.7614295,25742.7614295,25742.7614295,25742.7614295,25742.7614295,25742.7614295,25742.7614295,25742.7614295,25742.7614295,25742.7614295,25742.7614295,25742.7614295,25742.7614295,25742.7614295,25742.7614295,25742.7614295,25742.7614295,25742.7614295,25742.7614295,25742.7614295,25742.7614295,25742.7614295,25742.7614295,25742.7614295,25742.7614295,25742.7614295,25742.7614295,25742.7614295,25742.7614295,25742.7614295,25742.7614295,25742.7614295,25742.7614295,25742.7614295,25742.7614295,25742.7614295,25742.7614295,25742.7614295,25742.7614295,25742.7614295,25742.7614295,25742.7614295,25742.7614295,25742.7614295,25742.7614295,25742.7614295,25742.7614295,25742.7614295,25742.7614295,25742.7614295,25742.7614295,25742.7614295,25742.7614295,25742.7614295,25742.7614295,25742.7614295,25742.7614295,25742.7614295,25742.7614295,25742.7614295,25742.7614295,25742.7614295,25742.7614295,25742.7614295,25742.7614295,25742.7614295,25742.7614295,25742.7614295,25742.7614295,25742.7614295,25742.7614295,25742.7614295,25742.7614295,25742.7614295,25742.7614295,25742.7614295,25742.7614295,25742.7614295,25742.7614295,25742.7614295,25742.7614295,25742.7614295,25742.7614295,25742.7614295,25742.7614295,25742.7614295,25742.7614295,25742.7614295,25742.7614295,25742.7614295,25742.7614295,25742.7614295,25742.7614295,25742.7614295,25742.7614295,25742.7614295,25742.7614295,25742.7614295,25742.7614295,25742.7614295,25742.7614295,25742.7614295,25742.7614295,25742.7614295,25742.7614295,25742.7614295,25742.7614295,25742.7614295,25742.7614295,25742.7614295,25742.7614295,25742.7614295,25742.7614295,25742.7614295,25742.7614295,25742.7614295,25742.7614295,25742.7614295,25742.7614295,25742.7614295,25742.7614295,25742.7614295,25742.7614295,25742.7614295,25742.7614295,25742.7614295,25742.7614295,25742.7614295,25742.7614295,25742.7614295,25742.7614295,25742.7614295,25742.7614295,25742.7614295,25742.7614295,25742.7614295,25742.7614295,25742.7614295,25742.7614295,25742.7614295,25742.7614295,25742.7614295,25742.7614295,25742.7614295,25742.7614295,25742.7614295,25742.7614295,25742.7614295,25742.7614295,25742.7614295,25742.7614295,25742.7614295,25742.7614295,25742.7614295,25742.7614295,25742.7614295,25742.7614295,25742.7614295,25742.7614295,25742.7614295,25742.7614295,25742.7614295,25742.7614295,25742.7614295,25742.7614295,25742.7614295,25742.7614295,25742.7614295,25742.7614295,25742.7614295,25742.7614295,25742.7614295,25742.7614295,25742.7614295,25742.7614295,25742.7614295,25742.7614295,25742.7614295,25742.7614295,25742.7614295,25742.7614295,25742.7614295,25742.7614295,25742.7614295,25742.7614295,25742.7614295,25742.7614295,25742.7614295,25742.7614295,25742.7614295,25742.7614295,25742.7614295,25742.7614295,25742.7614295,25742.7614295,25742.7614295,25742.7614295,25742.7614295,25742.7614295,25742.7614295,25742.7614295,25742.7614295,25742.7614295,25742.7614295,25742.7614295,25742.7614295,25742.7614295,25742.7614295,25742.7614295,25742.7614295,25742.7614295,25742.7614295,25742.7614295,25742.7614295,25742.7614295,25742.7614295,25742.7614295,25742.7614295,25742.7614295,25742.7614295,25742.7614295,25742.7614295,25742.7614295,25742.7614295,25742.7614295,25742.7614295,25742.7614295,25742.7614295,25742.7614295,25742.7614295,25742.7614295,25742.7614295,25742.7614295,25742.7614295,25742.7614295,25742.7614295,25742.7614295,25742.7614295,25742.7614295,25742.7614295,25742.7614295,25742.7614295,25742.7614295,25742.7614295,25742.7614295,25742.7614295,25742.7614295,25742.7614295,25742.7614295,25742.7614295,25742.7614295,25742.7614295,25742.7614295,25742.7614295,25742.7614295,25742.7614295,25742.7614295,25742.7614295,25742.7614295,25742.7614295,25742.7614295,25742.7614295,25742.7614295,25742.7614295,25742.7614295,25742.7614295,25742.7614295,25742.7614295,25742.7614295,25742.7614295,25742.7614295,25742.7614295,25742.7614295,25742.7614295,25742.7614295,25742.7614295,25742.7614295,25742.7614295,25742.7614295,25742.7614295,25742.7614295,25742.7614295,25742.7614295,25742.7614295,25742.7614295,25742.7614295,25742.7614295,25742.7614295,25742.7614295,25742.7614295,25742.7614295,25742.7614295,25742.7614295,25742.7614295,25742.7614295,25742.7614295,25742.7614295,25742.7614295,25742.7614295,25742.7614295,25742.7614295,25742.7614295,25742.7614295,25742.7614295,25742.7614295,25742.7614295,25742.7614295,25742.7614295,25742.7614295,25742.7614295,25742.7614295,25742.7614295,25742.7614295,25742.7614295,25742.7614295,25742.7614295,25742.7614295,25742.7614295,25742.7614295,25742.7614295,25742.7614295,25742.7614295,25742.7614295,25742.7614295,25742.7614295,25742.7614295,25742.7614295,25742.7614295,25742.7614295,25742.7614295,25742.7614295,25742.7614295,25742.7614295,25742.7614295,25742.7614295,25742.7614295,25742.7614295,25742.7614295,25742.7614295,25742.7614295,25742.7614295,25742.7614295,25742.7614295,25742.7614295,25742.7614295,25742.7614295,25742.7614295,25742.7614295,25742.7614295,25742.7614295,25742.7614295,25742.7614295,25742.7614295,25742.7614295,25742.7614295,25742.7614295,25742.7614295,25742.7614295,25742.7614295,25742.7614295,25742.7614295,25742.7614295,25742.7614295,25742.7614295,25742.7614295,25742.7614295,25742.7614295,25742.7614295,25742.7614295,25742.7614295,25742.7614295,25742.7614295,25742.7614295,25742.7614295,25742.7614295,25742.7614295,25742.7614295,25742.7614295,25742.7614295,25742.7614295,25742.7614295,25742.7614295,25742.7614295,25742.7614295,25742.7614295,25742.7614295,25742.7614295,25742.7614295,25742.7614295,25742.7614295,25742.7614295,25742.7614295,25742.7614295,25742.7614295,25742.7614295,25742.7614295,25742.7614295,25742.7614295,25742.7614295,25742.7614295,25742.7614295,25742.7614295,25742.7614295,25742.7614295,25742.7614295,25742.7614295,25742.7614295,25742.7614295,25742.7614295,25742.7614295,25742.7614295,25742.7614295,25742.7614295,25742.7614295,25742.7614295,25742.7614295,25742.7614295,25742.7614295,25742.7614295,25742.7614295,25742.7614295,25742.7614295,25742.7614295,25742.7614295,25742.7614295,25742.7614295,25742.7614295,25742.7614295,25742.7614295,25742.7614295,25742.7614295,25742.7614295,25742.7614295,25742.7614295,25742.7614295,25742.7614295,25742.7614295,25742.7614295,25742.7614295,25742.7614295,25742.7614295,25742.7614295,25742.7614295,25742.7614295,25742.7614295,25742.7614295,25742.7614295,25742.7614295,25742.7614295,25742.7614295,25742.7614295,25742.7614295,25742.7614295,25742.7614295,25742.7614295,25742.7614295,25742.7614295,25742.7614295,25742.7614295,25742.7614295,25742.7614295,25742.7614295,25742.7614295,25742.7614295,25742.7614295,25742.7614295,25742.7614295,25742.7614295,25742.7614295,25742.7614295,25742.7614295,25742.7614295,25742.7614295,25742.7614295,25742.7614295,25742.7614295,25742.7614295,25742.7614295,25742.7614295,25742.7614295,25742.7614295,25742.7614295,25742.7614295,25742.7614295,25742.7614295,25742.7614295,25742.7614295,25742.7614295,25742.7614295,25742.7614295,25742.7614295,25742.7614295,25742.7614295,25742.7614295,25742.7614295,25742.7614295,25742.7614295,25742.7614295,25742.7614295,25742.7614295,25742.7614295,25742.7614295,25742.7614295,25742.7614295,25742.7614295,25742.7614295,25742.7614295,25742.7614295,25742.7614295,25742.7614295,25742.7614295,25742.7614295,25742.7614295,25742.7614295,25742.7614295,25742.7614295,25742.7614295,25742.7614295,25742.7614295,25742.7614295,25742.7614295,25742.7614295,25742.7614295,25742.7614295,25742.7614295,25742.7614295,25742.7614295,25742.7614295,25742.7614295,25742.7614295,25742.7614295,25742.7614295,25742.7614295,25742.7614295,25742.7614295,25742.7614295,25742.7614295,25742.7614295,25742.7614295,25742.7614295,25742.7614295,25742.7614295,25742.7614295,25742.7614295,25742.7614295,25742.7614295,25742.7614295,25742.7614295,25742.7614295,25742.7614295,25742.7614295,25742.7614295,25742.7614295,25742.7614295,25742.7614295,25742.7614295,25742.7614295,25742.7614295,25742.7614295,25742.7614295,25742.7614295,25742.7614295,25742.7614295,25742.7614295,25742.7614295,25742.7614295,25742.7614295,25742.7614295,25742.7614295,25742.7614295,25742.7614295,25742.7614295,25742.7614295,25742.7614295,25742.7614295,25742.7614295,25742.7614295,25742.7614295,25742.7614295,25742.7614295,25742.7614295,25742.7614295,25742.7614295,25742.7614295,25742.7614295,25742.7614295,25742.7614295,25742.7614295,25742.7614295,25742.7614295,25742.7614295,25742.7614295,25742.7614295,25742.7614295,25742.7614295,25742.7614295,25742.7614295,25742.7614295,25742.7614295,25742.7614295,25742.7614295,25742.7614295,25742.7614295,25742.7614295,25742.7614295,25742.7614295,25742.7614295,25742.7614295,25742.7614295,25742.7614295,25742.7614295,25742.7614295,25742.7614295,25742.7614295,25742.7614295,25742.7614295,25742.7614295,25742.7614295,25742.7614295,25742.7614295,25742.7614295,25742.7614295,25742.7614295,25742.7614295,25742.7614295,25742.7614295,25742.7614295,25742.7614295,25742.7614295,25742.7614295,25742.7614295,25742.7614295,25742.7614295,25742.7614295,25742.7614295,25742.7614295,25742.7614295,25742.7614295,25742.7614295,25742.7614295,25742.7614295,25742.7614295,25742.7614295,25742.7614295,25742.7614295,25742.7614295,25742.7614295,25742.7614295,25742.7614295,25742.7614295,25742.7614295,25742.7614295,25742.7614295,25742.7614295,25742.7614295,25742.7614295,25742.7614295,25742.7614295,25742.7614295,25742.7614295,25742.7614295,25742.7614295,25742.7614295,25742.7614295,25742.7614295,25742.7614295,25742.7614295,25742.7614295,25742.7614295,25742.7614295,25742.7614295,25742.7614295,25742.7614295,25742.7614295,25742.7614295,25742.7614295,25742.7614295,25742.7614295,25742.7614295,25742.7614295,25742.7614295,25742.7614295,25742.7614295,25742.7614295,25742.7614295,25742.7614295,25742.7614295,25742.7614295,25742.7614295,25742.7614295,25742.7614295,25742.7614295,25742.7614295,25742.7614295,25742.7614295,25742.7614295,25742.7614295,25742.7614295,25742.7614295,25742.7614295,25742.7614295,25742.7614295,25742.7614295,25742.7614295,25742.7614295,25742.7614295,25742.7614295,25742.7614295,25742.7614295,25742.7614295,25742.7614295,25742.7614295,25742.7614295,25742.7614295,25742.7614295,25742.7614295,25742.7614295,25742.7614295,25742.7614295,25742.7614295,25742.7614295,25742.7614295,25742.7614295,25742.7614295,25742.7614295,25742.7614295,25742.7614295,25742.7614295,25742.7614295,25742.7614295,25742.7614295,25742.7614295,25742.7614295,25742.7614295,25742.7614295,25742.7614295,25742.7614295,25742.7614295,25742.7614295,25742.7614295,25742.7614295,25742.7614295,25742.7614295,25742.7614295,25742.7614295,25742.7614295,25742.7614295,25742.7614295,25742.7614295,25742.7614295,25742.7614295,25742.7614295,25742.7614295,25742.7614295,25742.7614295,25742.7614295,25742.7614295,25742.7614295,25742.7614295,25742.7614295,25742.7614295,25742.7614295,25742.7614295,25742.7614295,25742.7614295,25742.7614295,25742.7614295,25742.7614295,25742.7614295,25742.7614295,25742.7614295,25742.7614295,25742.7614295,25742.7614295,25742.7614295,25742.7614295,25742.7614295,25742.7614295,25742.7614295,25742.7614295,25742.7614295,25742.7614295,25742.7614295,25742.7614295,25742.7614295,25742.7614295,25742.7614295,25742.7614295,25742.7614295,25742.7614295,25742.7614295,25742.7614295,25742.7614295,25742.7614295,25742.7614295,25742.7614295,25742.7614295,25742.7614295,25742.7614295,25742.7614295,25742.7614295,25742.7614295,25742.7614295,25742.7614295,25742.7614295,25742.7614295,25742.7614295,25742.7614295,25742.7614295,25742.7614295,25742.7614295,25742.7614295,25742.7614295,25742.7614295,25742.7614295,25742.7614295,25742.7614295,25742.7614295,25742.7614295,25742.7614295,25742.7614295,25742.7614295,25742.7614295,25742.7614295,25742.7614295,25742.7614295,25742.7614295,25742.7614295,25742.7614295,25742.7614295,25742.7614295,25742.7614295,25742.7614295,25742.7614295,25742.7614295,25742.7614295,25742.7614295,25742.7614295,25742.7614295,25742.7614295,25742.7614295,25742.7614295,25742.7614295,25742.7614295,25742.7614295,25742.7614295,25742.7614295,25742.7614295,25742.7614295,25742.7614295,25742.7614295,25742.7614295,25742.7614295,25742.7614295,25742.7614295,25742.7614295,25742.7614295,25742.7614295,25742.7614295,25742.7614295,25742.7614295,25742.7614295,25742.7614295,25742.7614295,25742.7614295,25742.7614295,25742.7614295,25742.7614295,25742.7614295,25742.7614295,25742.7614295,25742.7614295,25742.7614295,25742.7614295,25742.7614295,25742.7614295,25742.7614295,25742.7614295,25742.7614295,25742.7614295,25742.7614295,25742.7614295,25742.7614295,25742.7614295,25742.7614295,25742.7614295,25742.7614295,25742.7614295,25742.7614295,25742.7614295,25742.7614295,25742.7614295,25742.7614295,25742.7614295,25742.7614295,25742.7614295,25742.7614295,25742.7614295,25742.7614295,25742.7614295,25742.7614295,25742.7614295,25742.7614295,25742.7614295,25742.7614295,25742.7614295,25742.7614295,25742.7614295,25742.7614295,25742.7614295,25742.7614295,25742.7614295,25742.7614295,25742.7614295,25742.7614295,25742.7614295,25742.7614295,25742.7614295,25742.7614295,25742.7614295,25742.7614295,25742.7614295,25742.7614295,25742.7614295,25742.7614295,25742.7614295,25742.7614295,25742.7614295,25742.7614295,25742.7614295,25742.7614295,25742.7614295,25742.7614295,25742.7614295,25742.7614295,25742.7614295,25742.7614295,25742.7614295,25742.7614295,25742.7614295,25742.7614295,25742.7614295,25742.7614295,25742.7614295,25742.7614295,25742.7614295,25742.7614295,25742.7614295,25742.7614295,25742.7614295,25742.7614295,25742.7614295,25742.7614295,25742.7614295,25742.7614295,25742.7614295,25742.7614295,25742.7614295,25742.7614295,25742.7614295,25742.7614295,25742.7614295,25742.7614295,25742.7614295,25742.7614295,25742.7614295,25742.7614295,25742.7614295,25742.7614295,25742.7614295,25742.7614295,25742.7614295,25742.7614295,25742.7614295,25742.7614295,25742.7614295,25742.7614295,25742.7614295,25742.7614295,25742.7614295,25742.7614295,25742.7614295,25742.7614295,25742.7614295,25742.7614295,25742.7614295,25742.7614295,25742.7614295,25742.7614295,25742.7614295,25742.7614295,25742.7614295,25742.7614295,25742.7614295,25742.7614295,25742.7614295,25742.7614295,25742.7614295,25742.7614295,25742.7614295,25742.7614295,25742.7614295,25742.7614295,25742.7614295,25742.7614295,25742.7614295,25742.7614295,25742.7614295,25742.7614295,25742.7614295,25742.7614295,25742.7614295,25742.7614295,25742.7614295,25742.7614295,25742.7614295,25742.7614295,25742.7614295,25742.7614295,25742.7614295,25742.7614295,25742.7614295,25742.7614295,25742.7614295,25742.7614295,25742.7614295,25742.7614295,25742.7614295,25742.7614295,25742.7614295,25742.7614295,25742.7614295,25742.7614295,25742.7614295,25742.7614295,25742.7614295,25742.7614295,25742.7614295,25742.7614295,25742.7614295,25742.7614295,25742.7614295,25742.7614295,25742.7614295,25742.7614295,25742.7614295,25742.7614295,25742.7614295,25742.7614295,25742.7614295,25742.7614295,25742.7614295,25742.7614295,25742.7614295,25742.7614295,25742.7614295,25742.7614295,25742.7614295,25742.7614295,25742.7614295,25742.7614295,25742.7614295,25742.7614295,25742.7614295,25742.7614295,25742.7614295,25742.7614295,25742.7614295,25742.7614295,25742.7614295,25742.7614295,25742.7614295,25742.7614295,25742.7614295,25742.7614295,25742.7614295,25742.7614295,25742.7614295,25742.7614295,25742.7614295,25742.7614295,25742.7614295,25742.7614295,25742.7614295,25742.7614295,25742.7614295,25742.7614295,25742.7614295,25742.7614295,25742.7614295,25742.7614295,25742.7614295,25742.7614295,25742.7614295,25742.7614295,25742.7614295,25742.7614295,25742.7614295,25742.7614295,25742.7614295,25742.7614295,25742.7614295,25742.7614295,25742.7614295,25742.7614295,25742.7614295,25742.7614295,25742.7614295,25742.7614295,25742.7614295,25742.7614295,25742.7614295,25742.7614295,25742.7614295,25742.7614295,25742.7614295,25742.7614295,25742.7614295,25742.7614295,25742.7614295,25742.7614295,25742.7614295,25742.7614295,25742.7614295,25742.7614295,25742.7614295,25742.7614295,25742.7614295,25742.7614295,25742.7614295,25742.7614295,25742.7614295,25742.7614295,25742.7614295,25742.7614295,25742.7614295,25742.7614295,25742.7614295,25742.7614295,25742.7614295,25742.7614295,25742.7614295,25742.7614295,25742.7614295,25742.7614295,25742.7614295,25742.7614295,25742.7614295,25742.7614295,25742.7614295,25742.7614295,25742.7614295,25742.7614295,25742.7614295,25742.7614295,25742.7614295,25742.7614295,25742.7614295,25742.7614295,25742.7614295,25742.7614295,25742.7614295,25742.7614295,25742.7614295,25742.7614295,25742.7614295,25742.7614295,25742.7614295,25742.7614295,25742.7614295,25742.7614295,25742.7614295,25742.7614295,25742.7614295,25742.7614295,25742.7614295,25742.7614295,25742.7614295,25742.7614295,25742.7614295,25742.7614295,25742.7614295,25742.7614295,25742.7614295,25742.7614295,25742.7614295,25742.7614295,25742.7614295,25742.7614295,25742.7614295,25742.7614295,25742.7614295,25742.7614295,25742.7614295,25742.7614295,25742.7614295,25742.7614295,25742.7614295,25742.7614295,25742.7614295,25742.7614295,25742.7614295,25742.7614295,25742.7614295,25742.7614295,25742.7614295,25742.7614295,25742.7614295,25742.7614295,25742.7614295,25742.7614295,25742.7614295,25742.7614295,25742.7614295,25742.7614295,25742.7614295,25742.7614295,25742.7614295,25742.7614295,25742.7614295,25742.7614295,25742.7614295,25742.7614295,25742.7614295,25742.7614295,25742.7614295,25742.7614295,25742.7614295,25742.7614295,25742.7614295,25742.7614295,25742.7614295,25742.7614295,25742.7614295,25742.7614295,25742.7614295,25742.7614295,25742.7614295,25742.7614295,25742.7614295,25742.7614295,25742.7614295,25742.7614295,25742.7614295,25742.7614295,25742.7614295,25742.7614295,25742.7614295,25742.7614295,25742.7614295,25742.7614295,25742.7614295,25742.7614295,25742.7614295,25742.7614295,25742.7614295,25742.7614295,25742.7614295,25742.7614295,25742.7614295,25742.7614295,25742.7614295,25742.7614295,25742.7614295,25742.7614295,25742.7614295,25742.7614295,25742.7614295,25742.7614295,25742.7614295,25742.7614295,25742.7614295,25742.7614295,25742.7614295,25742.7614295,25742.7614295,25742.7614295,25742.7614295,25742.7614295,25742.7614295,25742.7614295,25742.7614295,25742.7614295,25742.7614295,25742.7614295,25742.7614295,25742.7614295,25742.7614295,25742.7614295,25742.7614295,25742.7614295,25742.7614295,25742.7614295,25742.7614295,25742.7614295,25742.7614295,25742.7614295,25742.7614295,25742.7614295,25742.7614295,25742.7614295,25742.7614295,25742.7614295,25742.7614295,25742.7614295,25742.7614295,25742.7614295,25742.7614295,25742.7614295,25742.7614295,25742.7614295,25742.7614295,25742.7614295,25742.7614295,25742.7614295,25742.7614295,25742.7614295,25742.7614295,25742.7614295,25742.7614295,25742.7614295,25742.7614295,25742.7614295,25742.7614295,25742.7614295,25742.7614295,25742.7614295,25742.7614295,25742.7614295,25742.7614295,25742.7614295,25742.7614295,25742.7614295,25742.7614295,25742.7614295,25742.7614295,25742.7614295,25742.7614295,25742.7614295,25742.7614295,25742.7614295,25742.7614295,25742.7614295,25742.7614295,25742.7614295,25742.7614295,25742.7614295,25742.7614295,25742.7614295,25742.7614295,25742.7614295,25742.7614295,25742.7614295,25742.7614295,25742.7614295,25742.7614295,25742.7614295,25742.7614295,25742.7614295,25742.7614295,25742.7614295,25742.7614295,25742.7614295,25742.7614295,25742.7614295,25742.7614295,25742.7614295,25742.7614295,25742.7614295,25742.7614295,25742.7614295,25742.7614295,25742.7614295,25742.7614295,25742.7614295,25742.7614295,25742.7614295,25742.7614295,25742.7614295,25742.7614295,25742.7614295,25742.7614295,25742.7614295,25742.7614295,25742.7614295,25742.7614295,25742.7614295,25742.7614295,25742.7614295,25742.7614295,25742.7614295,25742.7614295,25742.7614295,25742.7614295,25742.7614295,25742.7614295,25742.7614295,25742.7614295,25742.7614295,25742.7614295,25742.7614295,25742.7614295,25742.7614295,25742.7614295,25742.7614295,25742.7614295,25742.7614295,25742.7614295,25742.7614295,25742.7614295,25742.7614295,25742.7614295,25742.7614295,25742.7614295,25742.7614295,25742.7614295,25742.7614295,25742.7614295,25742.7614295,25742.7614295,25742.7614295,25742.7614295,25742.7614295,25742.7614295,25742.7614295,25742.7614295,25742.7614295,25742.7614295,25742.7614295,25742.7614295,25742.7614295,25742.7614295,25742.7614295,25742.7614295,25742.7614295,25742.7614295,25742.7614295,25742.7614295,25742.7614295,25742.7614295,25742.7614295,25742.7614295,25742.7614295,25742.7614295,25742.7614295,25742.7614295,25742.7614295,25742.7614295,25742.7614295,25742.7614295,25742.7614295,25742.7614295,25742.7614295,25742.7614295,25742.7614295,25742.7614295,25742.7614295,25742.7614295,25742.7614295,25742.7614295,25742.7614295,25742.7614295,25742.7614295,25742.7614295,25742.7614295,25742.7614295,25742.7614295,25742.7614295,25742.7614295,25742.7614295,25742.7614295,25742.7614295,25742.7614295,25742.7614295,25742.7614295,25742.7614295,25742.7614295,25742.7614295,25742.7614295,25742.7614295,25742.7614295,25742.7614295,25742.7614295,25742.7614295,25742.7614295,25742.7614295,25742.7614295,25742.7614295,25742.7614295,25742.7614295,25742.7614295,25742.7614295,25742.7614295,25742.7614295,25742.7614295,25742.7614295,25742.7614295,25742.7614295,25742.7614295,25742.7614295,25742.7614295,25742.7614295,25742.7614295,25742.7614295,25742.7614295,25742.7614295,25742.7614295,25742.7614295,25742.7614295,25742.7614295,25742.7614295,25742.7614295,25742.7614295,25742.7614295,25742.7614295,25742.7614295,25742.7614295,25742.7614295,25742.7614295,25742.7614295,25742.7614295,25742.7614295,25742.7614295,25742.7614295,25742.7614295,25742.7614295,25742.7614295,25742.7614295,25742.7614295,25742.7614295,25742.7614295,25742.7614295,25742.7614295,25742.7614295,25742.7614295,25742.7614295,25742.7614295,25742.7614295,25742.7614295,25742.7614295,25742.7614295,25742.7614295,25742.7614295,25742.7614295,25742.7614295,25742.7614295,25742.7614295,25742.7614295,25742.7614295,25742.7614295,25742.7614295,25742.7614295,25742.7614295,25742.7614295,25742.7614295,25742.7614295,25742.7614295,25742.7614295,25742.7614295,25742.7614295,25742.7614295,25742.7614295,25742.7614295,25742.7614295,25742.7614295,25742.7614295,25742.7614295,25742.7614295,25742.7614295,25742.7614295,25742.7614295,25742.7614295,25742.7614295,25742.7614295,25742.7614295,25742.7614295,25742.7614295,25742.7614295,25742.7614295,25742.7614295,25742.7614295,25742.7614295,25742.7614295,25742.7614295,25742.7614295,25742.7614295,25742.7614295,25742.7614295,25742.7614295,25742.7614295,25742.7614295,25742.7614295,25742.7614295,25742.7614295,25742.7614295,25742.7614295,25742.7614295,25742.7614295,25742.7614295,25742.7614295,25742.7614295,25742.7614295,25742.7614295,25742.7614295,25742.7614295,25742.7614295,25742.7614295,25742.7614295,25742.7614295,25742.7614295,25742.7614295,25742.7614295,25742.7614295,25742.7614295,25742.7614295,25742.7614295,25742.7614295,25742.7614295,25742.7614295,25742.7614295,25742.7614295,25742.7614295,25742.7614295,25742.7614295,25742.7614295,25742.7614295,25742.7614295,25742.7614295,25742.7614295,25742.7614295,25742.7614295,25742.7614295,25742.7614295,25742.7614295,25742.7614295,25742.7614295,25742.7614295,25742.7614295,25742.7614295,25742.7614295,25742.7614295,25742.7614295,25742.7614295,25742.7614295,25742.7614295,25742.7614295,25742.7614295,25742.7614295,25742.7614295,25742.7614295,25742.7614295,25742.7614295,25742.7614295,25742.7614295,25742.7614295,25742.7614295,25742.7614295,25742.7614295,25742.7614295,25742.7614295,25742.7614295,25742.7614295,25742.7614295,25742.7614295,25742.7614295,25742.7614295,25742.7614295,25742.7614295,25742.7614295,25742.7614295,25742.7614295,25742.7614295,25742.7614295,25742.7614295,25742.7614295,25742.7614295,25742.7614295,25742.7614295,25742.7614295,25742.7614295,25742.7614295,25742.7614295,25742.7614295,25742.7614295,25742.7614295,25742.7614295,25742.7614295,25742.7614295,25742.7614295,25742.7614295,25742.7614295,25742.7614295,25742.7614295,25742.7614295,25742.7614295,25742.7614295,25742.7614295,25742.7614295,25742.7614295,25742.7614295,25742.7614295,25742.7614295,25742.7614295,25742.7614295,25742.7614295,25742.7614295,25742.7614295,25742.7614295,25742.7614295,25742.7614295,25742.7614295,25742.7614295,25742.7614295,25742.7614295,25742.7614295,25742.7614295,25742.7614295,25742.7614295,25742.7614295,25742.7614295,25742.7614295,25742.7614295,25742.7614295,25742.7614295,25742.7614295,25742.7614295,25742.7614295,25742.7614295,25742.7614295,25742.7614295,25742.7614295,25742.7614295,25742.7614295,25742.7614295,25742.7614295,25742.7614295,25742.7614295,25742.7614295,25742.7614295,25742.7614295,25742.7614295,25742.7614295,25742.7614295,25742.7614295,25742.7614295,25742.7614295,25742.7614295,25742.7614295,25742.7614295,25742.7614295,25742.7614295,25742.7614295,25742.7614295,25742.7614295,25742.7614295,25742.7614295,25742.7614295,25742.7614295,25742.7614295,25742.7614295,25742.7614295,25742.7614295,25742.7614295,25742.7614295,25742.7614295,25742.7614295,25742.7614295,25742.7614295,25742.7614295,25742.7614295,25742.7614295,25742.7614295,25742.7614295,25742.7614295,25742.7614295,25742.7614295,25742.7614295,25742.7614295,25742.7614295,25742.7614295,25742.7614295,25742.7614295,25742.7614295,25742.7614295,25742.7614295,25742.7614295,25742.7614295,25742.7614295,25742.7614295,25742.7614295,25742.7614295,25742.7614295,25742.7614295,25742.7614295,25742.7614295,25742.7614295,25742.7614295,25742.7614295,25742.7614295,25742.7614295,25742.7614295,25742.7614295,25742.7614295,25742.7614295,25742.7614295,25742.7614295,25742.7614295,25742.7614295,25742.7614295,25742.7614295,25742.7614295,25742.7614295,25742.7614295,25742.7614295,25742.7614295,25742.7614295,25742.7614295,25742.7614295,25742.7614295,25742.7614295,25742.7614295,25742.7614295,25742.7614295,25742.7614295,25742.7614295,25742.7614295,25742.7614295,25742.7614295,25742.7614295,25742.7614295,25742.7614295,25742.7614295,25742.7614295,25742.7614295,25742.7614295,25742.7614295,25742.7614295,25742.7614295,25742.7614295,25742.7614295,25742.7614295,25742.7614295,25742.7614295,25742.7614295,25742.7614295,25742.7614295,25742.7614295,25742.7614295,25742.7614295,25742.7614295,25742.7614295,25742.7614295,25742.7614295,25742.7614295,25742.7614295,25742.7614295,25742.7614295,25742.7614295,25742.7614295,25742.7614295,25742.7614295,25742.7614295,25742.7614295,25742.7614295,25742.7614295,25742.7614295,25742.7614295,25742.7614295,25742.7614295,25742.7614295,25742.7614295,25742.7614295,25742.7614295,25742.7614295,25742.7614295,25742.7614295,25742.7614295,25742.7614295,25742.7614295,25742.7614295,25742.7614295,25742.7614295,25742.7614295,25742.7614295,25742.7614295,25742.7614295,25742.7614295,25742.7614295,25742.7614295,25742.7614295,25742.7614295,25742.7614295,25742.7614295,25742.7614295,25742.7614295,25742.7614295,25742.7614295,25742.7614295,25742.7614295,25742.7614295,25742.7614295,25742.7614295,25742.7614295,25742.7614295,25742.7614295,25742.7614295,25742.7614295,25742.7614295,25742.7614295,25742.7614295,25742.7614295,25742.7614295,25742.7614295,25742.7614295,25742.7614295,25742.7614295,25742.7614295,25742.7614295,25742.7614295,25742.7614295,25742.7614295,25742.7614295,25742.7614295,25742.7614295,25742.7614295,25742.7614295,25742.7614295,25742.7614295,25742.7614295,25742.7614295,25742.7614295,25742.7614295,25742.7614295,25742.7614295,25742.7614295,25742.7614295,25742.7614295,25742.7614295,25742.7614295,25742.7614295,25742.7614295,25742.7614295,25742.7614295,25742.7614295,25742.7614295,25742.7614295,25742.7614295,25742.7614295,25742.7614295,25742.7614295,25742.7614295,25742.7614295,25742.7614295,25742.7614295,25742.7614295,25742.7614295,25742.7614295,25742.7614295,25742.7614295,25742.7614295,25742.7614295,25742.7614295,25742.7614295,25742.7614295,25742.7614295,25742.7614295,25742.7614295,25742.7614295,25742.7614295,25742.7614295,25742.7614295,25742.7614295,25742.7614295,25742.7614295,25742.7614295,25742.7614295,25742.7614295,25742.7614295,25742.7614295,25742.7614295,25742.7614295,25742.7614295,25742.7614295,25742.7614295,25742.7614295,25742.7614295,25742.7614295,25742.7614295,25742.7614295,25742.7614295,25742.7614295,25742.7614295,25742.7614295,25742.7614295,25742.7614295,25742.7614295,25742.7614295,25742.7614295,25742.7614295,25742.7614295,25742.7614295,25742.7614295,25742.7614295,25742.7614295,25742.7614295,25742.7614295,25742.7614295,25742.7614295,25742.7614295,25742.7614295,25742.7614295,25742.7614295,25742.7614295,25742.7614295,25742.7614295,25742.7614295,25742.7614295,25742.7614295,25742.7614295,25742.7614295,25742.7614295,25742.7614295,25742.7614295,25742.7614295,25742.7614295,25742.7614295,25742.7614295,25742.7614295,25742.7614295,25742.7614295,25742.7614295,25742.7614295,25742.7614295,25742.7614295,25742.7614295,25742.7614295,25742.7614295,25742.7614295,25742.7614295,25742.7614295,25742.7614295,25742.7614295,25742.7614295,25742.7614295,25742.7614295,25742.7614295,25742.7614295,25742.7614295,25742.7614295,25742.7614295,25742.7614295,25742.7614295,25742.7614295,25742.7614295,25742.7614295,25742.7614295,25742.7614295,25742.7614295,25742.7614295,25742.7614295,25742.7614295,25742.7614295,25742.7614295,25742.7614295,25742.7614295,25742.7614295,25742.7614295,25742.7614295,25742.7614295,25742.7614295,25742.7614295,25742.7614295,25742.7614295,25742.7614295,25742.7614295,25742.7614295,25742.7614295,25742.7614295,25742.7614295,25742.7614295,25742.7614295,25742.7614295,25742.7614295,25742.7614295,25742.7614295,25742.7614295,25742.7614295,25742.7614295,25742.7614295,25742.7614295,25742.7614295,25742.7614295,25742.7614295,25742.7614295,25742.7614295,25742.7614295,25742.7614295,25742.7614295,25742.7614295,25742.7614295,25742.7614295,25742.7614295,25742.7614295,25742.7614295,25742.7614295,25742.7614295,25742.7614295,25742.7614295,25742.7614295,25742.7614295,25742.7614295,25742.7614295,25742.7614295,25742.7614295,25742.7614295,25742.7614295,25742.7614295,25742.7614295,25742.7614295,25742.7614295,25742.7614295,25742.7614295,25742.7614295,25742.7614295,25742.7614295,25742.7614295,25742.7614295,25742.7614295,25742.7614295,25742.7614295,25742.7614295,25742.7614295,25742.7614295,25742.7614295,25742.7614295,25742.7614295,25742.7614295,25742.7614295,25742.7614295,25742.7614295,25742.7614295,25742.7614295,25742.7614295,25742.7614295,25742.7614295,25742.7614295,25742.7614295,25742.7614295,25742.7614295,25742.7614295,25742.7614295,25742.7614295,25742.7614295,25742.7614295,25742.7614295,25742.7614295,25742.7614295,25742.7614295,25742.7614295,25742.7614295,25742.7614295,25742.7614295,25742.7614295,25742.7614295,25742.7614295,25742.7614295,25742.7614295,25742.7614295,25742.7614295,25742.7614295,25742.7614295,25742.7614295,25742.7614295,25742.7614295,25742.7614295,25742.7614295,25742.7614295,25742.7614295,25742.7614295,25742.7614295,25742.7614295,25742.7614295,25742.7614295,25742.7614295,25742.7614295,25742.7614295,25742.7614295,25742.7614295,25742.7614295,25742.7614295,25742.7614295,25742.7614295,25742.7614295,25742.7614295,25742.7614295,25742.7614295,25742.7614295,25742.7614295,25742.7614295,25742.7614295,25742.7614295,25742.7614295,25742.7614295,25742.7614295,25742.7614295,25742.7614295,25742.7614295,25742.7614295,25742.7614295,25742.7614295,25742.7614295,25742.7614295,25742.7614295,25742.7614295,25742.7614295,25742.7614295,25742.7614295,25742.7614295,25742.7614295,25742.7614295,25742.7614295,25742.7614295,25742.7614295,25742.7614295,25742.7614295,25742.7614295,25742.7614295,25742.7614295,25742.7614295,25742.7614295,25742.7614295,25742.7614295,25742.7614295,25742.7614295,25742.7614295,25742.7614295,25742.7614295,25742.7614295,25742.7614295,25742.7614295,25742.7614295,25742.7614295,25742.7614295,25742.7614295,25742.7614295,25742.7614295,25742.7614295,25742.7614295,25742.7614295,25742.7614295,25742.7614295,25742.7614295,25742.7614295,25742.7614295,25742.7614295,25742.7614295,25742.7614295,25742.7614295,25742.7614295,25742.7614295,25742.7614295,25742.7614295,25742.7614295,25742.7614295,25742.7614295,25742.7614295,25742.7614295,25742.7614295,25742.7614295,25742.7614295,25742.7614295,25742.7614295,25742.7614295,25742.7614295,25742.7614295,25742.7614295,25742.7614295,25742.7614295,25742.7614295,25742.7614295,25742.7614295,25742.7614295,25742.7614295,25742.7614295,25742.7614295,25742.7614295,25742.7614295,25742.7614295,25742.7614295,25742.7614295,25742.7614295,25742.7614295,25742.7614295,25742.7614295,25742.7614295,25742.7614295,25742.7614295,25742.7614295,25742.7614295,25742.7614295,25742.7614295,25742.7614295,25742.7614295,25742.7614295,25742.7614295,25742.7614295,25742.7614295,25742.7614295,25742.7614295,25742.7614295,25742.7614295,25742.7614295,25742.7614295,25742.7614295,25742.7614295,25742.7614295,25742.7614295,25742.7614295,25742.7614295,25742.7614295,25742.7614295,25742.7614295,25742.7614295,25742.7614295,25742.7614295,25742.7614295,25742.7614295,25742.7614295,25742.7614295,25742.7614295,25742.7614295,25742.7614295,25742.7614295,25742.7614295,25742.7614295,25742.7614295,25742.7614295,25742.7614295,25742.7614295,25742.7614295,25742.7614295,25742.7614295,25742.7614295,25742.7614295,25742.7614295,25742.7614295,25742.7614295,25742.7614295,25742.7614295,25742.7614295,25742.7614295,25742.7614295,25742.7614295,25742.7614295,25742.7614295,25742.7614295,25742.7614295,25742.7614295,25742.7614295,25742.7614295,25742.7614295,25742.7614295,25742.7614295,25742.7614295,25742.7614295,25742.7614295,25742.7614295,25742.7614295,25742.7614295,25742.7614295,25742.7614295,25742.7614295,25742.7614295,25742.7614295,25742.7614295,25742.7614295,25742.7614295,25742.7614295,25742.7614295,25742.7614295,25742.7614295,25742.7614295,25742.7614295,25742.7614295,25742.7614295,25742.7614295,25742.7614295,25742.7614295,25742.7614295,25742.7614295,25742.7614295,25742.7614295,25742.7614295,25742.7614295,25742.7614295,25742.7614295,25742.7614295,25742.7614295,25742.7614295,25742.7614295,25742.7614295,25742.7614295,25742.7614295,25742.7614295,25742.7614295,25742.7614295,25742.7614295,25742.7614295,25742.7614295,25742.7614295,25742.7614295,25742.7614295,25742.7614295,25742.7614295,25742.7614295,25742.7614295,25742.7614295,25742.7614295,25742.7614295,25742.7614295,25742.7614295,25742.7614295,25742.7614295,25742.7614295,25742.7614295,25742.7614295,25742.7614295,25742.7614295,25742.7614295,25742.7614295,25742.7614295,25742.7614295,25742.7614295,25742.7614295,25742.7614295,25742.7614295,25742.7614295,25742.7614295,25742.7614295,25742.7614295,25742.7614295,25742.7614295,25742.7614295,25742.7614295,25742.7614295,25742.7614295,25742.7614295,25742.7614295,25742.7614295,25742.7614295,25742.7614295,25742.7614295,25742.7614295,25742.7614295,25742.7614295,25742.7614295,25742.7614295,25742.7614295,25742.7614295,25742.7614295,25742.7614295,25742.7614295,25742.7614295,25742.7614295,25742.7614295,25742.7614295,25742.7614295,25742.7614295,25742.7614295,25742.7614295,25742.7614295,25742.7614295,25742.7614295,25742.7614295,25742.7614295,25742.7614295,25742.7614295,25742.7614295,25742.7614295,25742.7614295,25742.7614295,25742.7614295,25742.7614295,25742.7614295,25742.7614295,25742.7614295,25742.7614295,25742.7614295,25742.7614295,25742.7614295,25742.7614295,25742.7614295,25742.7614295,25742.7614295,25742.7614295,25742.7614295,25742.7614295,25742.7614295,25742.7614295,25742.7614295,25742.7614295,25742.7614295,25742.7614295,25742.7614295,25742.7614295,25742.7614295,25742.7614295,25742.7614295,25742.7614295,25742.7614295,25742.7614295,25742.7614295,25742.7614295,25742.7614295,25742.7614295,25742.7614295,25742.7614295,25742.7614295,25742.7614295,25742.7614295,25742.7614295,25742.7614295,25742.7614295,25742.7614295,25742.7614295,25742.7614295,25742.7614295,25742.7614295,25742.7614295,25742.7614295,25742.7614295,25742.7614295,25742.7614295,25742.7614295,25742.7614295,25742.7614295,25742.7614295,25742.7614295,25742.7614295,25742.7614295,25742.7614295,25742.7614295,25742.7614295,25742.7614295,25742.7614295,25742.7614295,25742.7614295,25742.7614295,25742.7614295,25742.7614295,25742.7614295,25742.7614295,25742.7614295,25742.7614295,25742.7614295,25742.7614295,25742.7614295,25742.7614295,25742.7614295,25742.7614295,25742.7614295,25742.7614295,25742.7614295,25742.7614295,25742.7614295,25742.7614295,25742.7614295,25742.7614295,25742.7614295,25742.7614295,25742.7614295,25742.7614295,25742.7614295,25742.7614295,25742.7614295,25742.7614295,25742.7614295,25742.7614295,25742.7614295,25742.7614295,25742.7614295,25742.7614295,25742.7614295,25742.7614295,25742.7614295,25742.7614295,25742.7614295,25742.7614295,25742.7614295,25742.7614295,25742.7614295,25742.7614295,25742.7614295,25742.7614295,25742.7614295,25742.7614295,25742.7614295,25742.7614295,25742.7614295,25742.7614295,25742.7614295,25742.7614295,25742.7614295,25742.7614295,25742.7614295,25742.7614295,25742.7614295,25742.7614295,25742.7614295,25742.7614295,25742.7614295,25742.7614295,25742.7614295,25742.7614295,25742.7614295,25742.7614295,25742.7614295,25742.7614295,25742.7614295,25742.7614295,25742.7614295,25742.7614295,25742.7614295,25742.7614295,25742.7614295,25742.7614295,25742.7614295,25742.7614295,25742.7614295,25742.7614295,25742.7614295,25742.7614295,25742.7614295,25742.7614295,25742.7614295,25742.7614295,25742.7614295,25742.7614295,25742.7614295,25742.7614295,25742.7614295,25742.7614295,25742.7614295,25742.7614295,25742.7614295,25742.7614295,25742.7614295,25742.7614295,25742.7614295,25742.7614295,25742.7614295,25742.7614295,25742.7614295,25742.7614295,25742.7614295,25742.7614295,25742.7614295,25742.7614295,25742.7614295,25742.7614295,25742.7614295,25742.7614295,25742.7614295,25742.7614295,25742.7614295,25742.7614295,25742.7614295,25742.7614295,25742.7614295,25742.7614295,25742.7614295,25742.7614295,25742.7614295,25742.7614295,25742.7614295,25742.7614295,25742.7614295,25742.7614295,25742.7614295,25742.7614295,25742.7614295,25742.7614295,25742.7614295,25742.7614295,25742.7614295,25742.7614295,25742.7614295,25742.7614295,25742.7614295,25742.7614295,25742.7614295,25742.7614295,25742.7614295,25742.7614295,25742.7614295,25742.7614295,25742.7614295,25742.7614295,25742.7614295,25742.7614295,25742.7614295,25742.7614295,25742.7614295,25742.7614295,25742.7614295,25742.7614295,25742.7614295,25742.7614295,25742.7614295,25742.7614295,25742.7614295,25742.7614295,25742.7614295,25742.7614295,25742.7614295,25742.7614295,25742.7614295,25742.7614295,25742.7614295,25742.7614295,25742.7614295,25742.7614295,25742.7614295,25742.7614295,25742.7614295,25742.7614295,25742.7614295,25742.7614295,25742.7614295,25742.7614295,25742.7614295,25742.7614295,25742.7614295,25742.7614295,25742.7614295,25742.7614295,25742.7614295,25742.7614295,25742.7614295,25742.7614295,25742.7614295,25742.7614295,25742.7614295,25742.7614295,25742.7614295,25742.7614295,25742.7614295,25742.7614295,25742.7614295,25742.7614295,25742.7614295,25742.7614295,25742.7614295,25742.7614295,25742.7614295,25742.7614295,25742.7614295,25742.7614295,25742.7614295,25742.7614295,25742.7614295,25742.7614295,25742.7614295,25742.7614295,25742.7614295,25742.7614295,25742.7614295,25742.7614295,25742.7614295,25742.7614295,25742.7614295,25742.7614295,25742.7614295,25742.7614295,25742.7614295,25742.7614295,25742.7614295,25742.7614295,25742.7614295,25742.7614295,25742.7614295,25742.7614295,25742.7614295,25742.7614295,25742.7614295,25742.7614295,25742.7614295,25742.7614295,25742.7614295,25742.7614295,25742.7614295,25742.7614295,25742.7614295,25742.7614295,25742.7614295,25742.7614295,25742.7614295,25742.7614295,25742.7614295,25742.7614295,25742.7614295,25742.7614295,25742.7614295,25742.7614295,25742.7614295,25742.7614295,25742.7614295,25742.7614295,25742.7614295,25742.7614295,25742.7614295,25742.7614295,25742.7614295,25742.7614295,25742.7614295,25742.7614295,25742.7614295,25742.7614295,25742.7614295,25742.7614295,25742.7614295,25742.7614295,25742.7614295,25742.7614295,25742.7614295,25742.7614295,25742.7614295,25742.7614295,25742.7614295,25742.7614295,25742.7614295,25742.7614295,25742.7614295,25742.7614295,25742.7614295,25742.7614295,25742.7614295,25742.7614295,25742.7614295,25742.7614295,25742.7614295,25742.7614295,25742.7614295,25742.7614295,25742.7614295,25742.7614295,25742.7614295,25742.7614295,25742.7614295,25742.7614295,25742.7614295,25742.7614295,25742.7614295,25742.7614295,25742.7614295,25742.7614295,25742.7614295,25742.7614295,25742.7614295,25742.7614295,25742.7614295,25742.7614295,25742.7614295,25742.7614295,25742.7614295,25742.7614295,25742.7614295,25742.7614295,25742.7614295,25742.7614295,25742.7614295,25742.7614295,25742.7614295,25742.7614295,25742.7614295,25742.7614295,25742.7614295,25742.7614295,25742.7614295,25742.7614295,25742.7614295,25742.7614295,25742.7614295,25742.7614295,25742.7614295,25742.7614295,25742.7614295,25742.7614295,25742.7614295,25742.7614295,25742.7614295,25742.7614295,25742.7614295,25742.7614295,25742.7614295,25742.7614295,25742.7614295,25742.7614295,25742.7614295,25742.7614295,25742.7614295,25742.7614295,25742.7614295,25742.7614295,25742.7614295,25742.7614295,25742.7614295,25742.7614295,25742.7614295,25742.7614295,25742.7614295,25742.7614295,25742.7614295,25742.7614295,25742.7614295,25742.7614295,25742.7614295,25742.7614295,25742.7614295,25742.7614295,25742.7614295,25742.7614295,25742.7614295,25742.7614295,25742.7614295,25742.7614295,25742.7614295,25742.7614295,25742.7614295,25742.7614295,25742.7614295,25742.7614295,25742.7614295,25742.7614295,25742.7614295,25742.7614295,25742.7614295,25742.7614295,25742.7614295,25742.7614295,25742.7614295,25742.7614295,25742.7614295,25742.7614295,25742.7614295,25742.7614295,25742.7614295,25742.7614295,25742.7614295,25742.7614295,25742.7614295,25742.7614295,25742.7614295,25742.7614295,25742.7614295,25742.7614295,25742.7614295,25742.7614295,25742.7614295,25742.7614295,25742.7614295,25742.7614295,25742.7614295,25742.7614295,25742.7614295,25742.7614295,25742.7614295,25742.7614295,25742.7614295,25742.7614295,25742.7614295,25742.7614295,25742.7614295,25742.7614295,25742.7614295,25742.7614295,25742.7614295,25742.7614295,25742.7614295,25742.7614295,25742.7614295,25742.7614295,25742.7614295,25742.7614295,25742.7614295,25742.7614295,25742.7614295,25742.7614295,25742.7614295,25742.7614295,25742.7614295,25742.7614295,25742.7614295,25742.7614295,25742.7614295,25742.7614295,25742.7614295,25742.7614295,25742.7614295,25742.7614295,25742.7614295,25742.7614295,25742.7614295,25742.7614295,25742.7614295,25742.7614295,25742.7614295,25742.7614295,25742.7614295,25742.7614295,25742.7614295,25742.7614295,25742.7614295,25742.7614295,25742.7614295,25742.7614295,25742.7614295,25742.7614295,25742.7614295,25742.7614295,25742.7614295,25742.7614295,25742.7614295,25742.7614295,25742.7614295,25742.7614295,25742.7614295,25742.7614295,25742.7614295,25742.7614295,25742.7614295,25742.7614295,25742.7614295,25742.7614295,25742.7614295,25742.7614295,25742.7614295,25742.7614295,25742.7614295,25742.7614295,25742.7614295,25742.7614295,25742.7614295,25742.7614295,25742.7614295,25742.7614295,25742.7614295,25742.7614295,25742.7614295,25742.7614295,25742.7614295,25742.7614295,25742.7614295,25742.7614295,25742.7614295,25742.7614295,25742.7614295,25742.7614295,25742.7614295,25742.7614295,25742.7614295,25742.7614295,25742.7614295,25742.7614295,25742.7614295,25742.7614295,25742.7614295,25742.7614295,25742.7614295,25742.7614295,25742.7614295,25742.7614295,25742.7614295,25742.7614295,25742.7614295,25742.7614295,25742.7614295,25742.7614295,25742.7614295,25742.7614295,25742.7614295,25742.7614295,25742.7614295,25742.7614295,25742.7614295,25742.7614295,25742.7614295,25742.7614295,25742.7614295,25742.7614295,25742.7614295,25742.7614295,25742.7614295,25742.7614295,25742.7614295,25742.7614295,25742.7614295,25742.7614295,25742.7614295,25742.7614295,25742.7614295,25742.7614295,25742.7614295,25742.7614295,25742.7614295,25742.7614295,25742.7614295,25742.7614295,25742.7614295,25742.7614295,25742.7614295,25742.7614295,25742.7614295,25742.7614295,25742.7614295,25742.7614295,25742.7614295,25742.7614295,25742.7614295,25742.7614295,25742.7614295,25742.7614295,25742.7614295,25742.7614295,25742.7614295,25742.7614295,25742.7614295,25742.7614295,25742.7614295,25742.7614295,25742.7614295,25742.7614295,25742.7614295,25742.7614295,25742.7614295,25742.7614295,25742.7614295,25742.7614295,25742.7614295,25742.7614295,25742.7614295,25742.7614295,25742.7614295,25742.7614295,25742.7614295,25742.7614295,25742.7614295,25742.7614295,25742.7614295,25742.7614295,25742.7614295,25742.7614295,25742.7614295,25742.7614295,25742.7614295,25742.7614295,25742.7614295,25742.7614295,25742.7614295,25742.7614295,25742.7614295,25742.7614295,25742.7614295,25742.7614295,25742.7614295,25742.7614295,25742.7614295,25742.7614295,25742.7614295,25742.7614295,25742.7614295,25742.7614295,25742.7614295,25742.7614295,25742.7614295,25742.7614295,25742.7614295,25742.7614295,25742.7614295,25742.7614295,25742.7614295,25742.7614295,25742.7614295,25742.7614295,25742.7614295,25742.7614295,25742.7614295,25742.7614295,25742.7614295,25742.7614295,25742.7614295,25742.7614295,25742.7614295,25742.7614295,25742.7614295,25742.7614295,25742.7614295,25742.7614295,25742.7614295,25742.7614295,25742.7614295,25742.7614295,25742.7614295,25742.7614295,25742.7614295,25742.7614295,25742.7614295,25742.7614295,25742.7614295,25742.7614295,25742.7614295,25742.7614295,25742.7614295,25742.7614295,25742.7614295,25742.7614295,25742.7614295,25742.7614295,25742.7614295,25742.7614295,25742.7614295,25742.7614295,25742.7614295,25742.7614295,25742.7614295,25742.7614295,25742.7614295,25742.7614295,25742.7614295,25742.7614295,25742.7614295,25742.7614295,25742.7614295,25742.7614295,25742.7614295,25742.7614295,25742.7614295,25742.7614295,25742.7614295,25742.7614295,25742.7614295,25742.7614295,25742.7614295,25742.7614295,25742.7614295,25742.7614295,25742.7614295,25742.7614295,25742.7614295,25742.7614295,25742.7614295,25742.7614295,25742.7614295,25742.7614295,25742.7614295,25742.7614295,25742.7614295,25742.7614295,25742.7614295,25742.7614295,25742.7614295,25742.7614295,25742.7614295,25742.7614295,25742.7614295,25742.7614295,25742.7614295,25742.7614295,25742.7614295,25742.7614295,25742.7614295,25742.7614295,25742.7614295,25742.7614295,25742.7614295,25742.7614295,25742.7614295,25742.7614295,25742.7614295,25742.7614295,25742.7614295,25742.7614295,25742.7614295,25742.7614295,25742.7614295,25742.7614295,25742.7614295,25742.7614295,25742.7614295,25742.7614295,25742.7614295,25742.7614295,25742.7614295,25742.7614295,25742.7614295,25742.7614295,25742.7614295,25742.7614295,25742.7614295,25742.7614295,25742.7614295,25742.7614295,25742.7614295,25742.7614295,25742.7614295,25742.7614295,25742.7614295,25742.7614295,25742.7614295,25742.7614295,25742.7614295,25742.7614295,25742.7614295,25742.7614295,25742.7614295,25742.7614295,25742.7614295,25742.7614295,25742.7614295,25742.7614295,25742.7614295,25742.7614295,25742.7614295,25742.7614295,25742.7614295,25742.7614295,25742.7614295,25742.7614295,25742.7614295,25742.7614295,25742.7614295,25742.7614295,25742.7614295,25742.7614295,25742.7614295,25742.7614295,25742.7614295,25742.7614295,25742.7614295,25742.7614295,25742.7614295,25742.7614295,25742.7614295,25742.7614295,25742.7614295,25742.7614295,25742.7614295,25742.7614295,25742.7614295,25742.7614295,25742.7614295,25742.7614295,25742.7614295,25742.7614295,25742.7614295,25742.7614295,25742.7614295,25742.7614295,25742.7614295,25742.7614295,25742.7614295,25742.7614295,25742.7614295,25742.7614295,25742.7614295,25742.7614295,25742.7614295,25742.7614295,25742.7614295,25742.7614295,25742.7614295,25742.7614295,25742.7614295,25742.7614295,25742.7614295,25742.7614295,25742.7614295,25742.7614295,25742.7614295,25742.7614295,25742.7614295,25742.7614295,25742.7614295,25742.7614295,25742.7614295,25742.7614295,25742.7614295,25742.7614295,25742.7614295,25742.7614295,25742.7614295,25742.7614295,25742.7614295,25742.7614295,25742.7614295,25742.7614295,25742.7614295,25742.7614295,25742.7614295,25742.7614295,25742.7614295,25742.7614295,25742.7614295,25742.7614295,25742.7614295,25742.7614295,25742.7614295,25742.7614295,25742.7614295,25742.7614295,25742.7614295,25742.7614295,25742.7614295,25742.7614295,25742.7614295,25742.7614295,25742.7614295,25742.7614295,25742.7614295,25742.7614295,25742.7614295,25742.7614295,25742.7614295,25742.7614295,25742.7614295,25742.7614295,25742.7614295,25742.7614295,25742.7614295,25742.7614295,25742.7614295,25742.7614295,25742.7614295,25742.7614295,25742.7614295,25742.7614295,25742.7614295,25742.7614295,25742.7614295,25742.7614295,25742.7614295,25742.7614295,25742.7614295,25742.7614295,25742.7614295,25742.7614295,25742.7614295,25742.7614295,25742.7614295,25742.7614295,25742.7614295,25742.7614295,25742.7614295,25742.7614295,25742.7614295,25742.7614295,25742.7614295,25742.7614295,25742.7614295,25742.7614295,25742.7614295,25742.7614295,25742.7614295,25742.7614295,25742.7614295,25742.7614295,25742.7614295,25742.7614295,25742.7614295,25742.7614295,25742.7614295,25742.7614295,25742.7614295,25742.7614295,25742.7614295,25742.7614295,25742.7614295,25742.7614295,25742.7614295,25742.7614295,25742.7614295,25742.7614295,25742.7614295,25742.7614295,25742.7614295,25742.7614295,25742.7614295,25742.7614295,25742.7614295,25742.7614295,25742.7614295,25742.7614295,25742.7614295,25742.7614295,25742.7614295,25742.7614295,25742.7614295,25742.7614295,25742.7614295,25742.7614295,25742.7614295,25742.7614295,25742.7614295,25742.7614295,25742.7614295,25742.7614295,25742.7614295,25742.7614295,25742.7614295,25742.7614295,25742.7614295,25742.7614295,25742.7614295,25742.7614295,25742.7614295,25742.7614295,25742.7614295,25742.7614295,25742.7614295,25742.7614295,25742.7614295,25742.7614295,25742.7614295,25742.7614295,25742.7614295,25742.7614295,25742.7614295,25742.7614295,25742.7614295,25742.7614295,25742.7614295,25742.7614295,25742.7614295,25742.7614295,25742.7614295,25742.7614295,25742.7614295,25742.7614295,25742.7614295,25742.7614295,25742.7614295,25742.7614295,25742.7614295,25742.7614295,25742.7614295,25742.7614295,25742.7614295,25742.7614295,25742.7614295,25742.7614295,25742.7614295,25742.7614295,25742.7614295,25742.7614295,25742.7614295,25742.7614295,25742.7614295,25742.7614295,25742.7614295,25742.7614295,25742.7614295,25742.7614295,25742.7614295,25742.7614295,25742.7614295,25742.7614295,25742.7614295,25742.7614295,25742.7614295,25742.7614295,25742.7614295,25742.7614295,25742.7614295,25742.7614295,25742.7614295,25742.7614295,25742.7614295,25742.7614295,25742.7614295,25742.7614295,25742.7614295,25742.7614295,25742.7614295,25742.7614295,25742.7614295,25742.7614295,25742.7614295,25742.7614295,25742.7614295,25742.7614295,25742.7614295,25742.7614295,25742.7614295,25742.7614295,25742.7614295,25742.7614295,25742.7614295,25742.7614295,25742.7614295,25742.7614295,25742.7614295,25742.7614295,25742.7614295,25742.7614295,25742.7614295,25742.7614295,25742.7614295,25742.7614295,25742.7614295,25742.7614295,25742.7614295,25742.7614295,25742.7614295,25742.7614295,25742.7614295,25742.7614295,25742.7614295,25742.7614295,25742.7614295,25742.7614295,25742.7614295,25742.7614295,25742.7614295,25742.7614295,25742.7614295,25742.7614295,25742.7614295,25742.7614295,25742.7614295,25742.7614295,25742.7614295,25742.7614295,25742.7614295,25742.7614295,25742.7614295,25742.7614295,25742.7614295,25742.7614295,25742.7614295,25742.7614295,25742.7614295,25742.7614295,25742.7614295,25742.7614295,25742.7614295,25742.7614295,25742.7614295,25742.7614295,25742.7614295,25742.7614295,25742.7614295,25742.7614295,25742.7614295,25742.7614295,25742.7614295,25742.7614295,25742.7614295,25742.7614295,25742.7614295,25742.7614295,25742.7614295,25742.7614295,25742.7614295,25742.7614295,25742.7614295,25742.7614295,25742.7614295,25742.7614295,25742.7614295,25742.7614295,25742.7614295,25742.7614295,25742.7614295,25742.7614295,25742.7614295,25742.7614295,25742.7614295,25742.7614295,25742.7614295,25742.7614295,25742.7614295,25742.7614295,25742.7614295,25742.7614295,25742.7614295,25742.7614295,25742.7614295,25742.7614295,25742.7614295,25742.7614295,25742.7614295,25742.7614295,25742.7614295,25742.7614295,25742.7614295,25742.7614295,25742.7614295,25742.7614295,25742.7614295,25742.7614295,25742.7614295,25742.7614295,25742.7614295,25742.7614295,25742.7614295,25742.7614295,25742.7614295,25742.7614295,25742.7614295,25742.7614295,25742.7614295,25742.7614295,25742.7614295,25742.7614295,25742.7614295,25742.7614295,25742.7614295,25742.7614295,25742.7614295,25742.7614295,25742.7614295,25742.7614295,25742.7614295,25742.7614295,25742.7614295,25742.7614295,25742.7614295,25742.7614295,25742.7614295,25742.7614295,25742.7614295,25742.7614295,25742.7614295,25742.7614295,25742.7614295,25742.7614295,25742.7614295,25742.7614295,25742.7614295,25742.7614295,25742.7614295,25742.7614295,25742.7614295,25742.7614295,25742.7614295,25742.7614295,25742.7614295,25742.7614295,25742.7614295,25742.7614295,25742.7614295,25742.7614295,25742.7614295,25742.7614295,25742.7614295,25742.7614295,25742.7614295,25742.7614295,25742.7614295,25742.7614295,25742.7614295,25742.7614295,25742.7614295,25742.7614295,25742.7614295,25742.7614295,25742.7614295,25742.7614295,25742.7614295,25742.7614295,25742.7614295,25742.7614295,25742.7614295,25742.7614295,25742.7614295,25742.7614295,25742.7614295,25742.7614295,25742.7614295,25742.7614295,25742.7614295,25742.7614295,25742.7614295,25742.7614295,25742.7614295,25742.7614295,25742.7614295,25742.7614295,25742.7614295,25742.7614295,25742.7614295,25742.7614295,25742.7614295,25742.7614295,25742.7614295,25742.7614295,25742.7614295,25742.7614295,25742.7614295,25742.7614295,25742.7614295,25742.7614295,25742.7614295,25742.7614295,25742.7614295,25742.7614295,25742.7614295,25742.7614295,25742.7614295,25742.7614295,25742.7614295,25742.7614295,25742.7614295,25742.7614295,25742.7614295,25742.7614295,25742.7614295,25742.7614295,25742.7614295,25742.7614295,25742.7614295,25742.7614295,25742.7614295,25742.7614295,25742.7614295,25742.7614295,25742.7614295,25742.7614295,25742.7614295,25742.7614295,25742.7614295,25742.7614295,25742.7614295,25742.7614295,25742.7614295,25742.7614295,25742.7614295,25742.7614295,25742.7614295,25742.7614295,25742.7614295,25742.7614295,25742.7614295,25742.7614295,25742.7614295,25742.7614295,25742.7614295,25742.7614295,25742.7614295,25742.7614295,25742.7614295,25742.7614295,25742.7614295,25742.7614295,25742.7614295,25742.7614295,25742.7614295,25742.7614295,25742.7614295,25742.7614295,25742.7614295,25742.7614295,25742.7614295,25742.7614295,25742.7614295,25742.7614295,25742.7614295,25742.7614295,25742.7614295,25742.7614295,25742.7614295,25742.7614295,25742.7614295,25742.7614295,25742.7614295,25742.7614295,25742.7614295,25742.7614295,25742.7614295,25742.7614295,25742.7614295,25742.7614295,25742.7614295,25742.7614295,25742.7614295,25742.7614295,25742.7614295,25742.7614295,25742.7614295,25742.7614295,25742.7614295,25742.7614295,25742.7614295,25742.7614295,25742.7614295,25742.7614295,25742.7614295,25742.7614295,25742.7614295,25742.7614295,25742.7614295,25742.7614295,25742.7614295,25742.7614295,25742.7614295,25742.7614295,25742.7614295,25742.7614295,25742.7614295,25742.7614295,25742.7614295,25742.7614295,25742.7614295,25742.7614295,25742.7614295,25742.7614295,25742.7614295,25742.7614295,25742.7614295,25742.7614295,25742.7614295,25742.7614295,25742.7614295,25742.7614295,25742.7614295,25742.7614295,25742.7614295,25742.7614295,25742.7614295,25742.7614295,25742.7614295,25742.7614295,25742.7614295,25742.7614295,25742.7614295,25742.7614295,25742.7614295,25742.7614295,25742.7614295,25742.7614295,25742.7614295,25742.7614295,25742.7614295,25742.7614295,25742.7614295,25742.7614295,25742.7614295,25742.7614295,25742.7614295,25742.7614295,25742.7614295,25742.7614295,25742.7614295,25742.7614295,25742.7614295,25742.7614295,25742.7614295,25742.7614295,25742.7614295,25742.7614295,25742.7614295,25742.7614295,25742.7614295,25742.7614295,25742.7614295,25742.7614295,25742.7614295,25742.7614295,25742.7614295,25742.7614295,25742.7614295,25742.7614295,25742.7614295,25742.7614295,25742.7614295,25742.7614295,25742.7614295,25742.7614295,25742.7614295,25742.7614295,25742.7614295,25742.7614295,25742.7614295,25742.7614295,25742.7614295,25742.7614295,25742.7614295,25742.7614295,25742.7614295,25742.7614295,25742.7614295,25742.7614295,25742.7614295,25742.7614295,25742.7614295,25742.7614295,25742.7614295,25742.7614295,25742.7614295,25742.7614295,25742.7614295,25742.7614295,25742.7614295,25742.7614295,25742.7614295,25742.7614295,25742.7614295,25742.7614295,25742.7614295,25742.7614295,25742.7614295,25742.7614295,25742.7614295,25742.7614295,25742.7614295,25742.7614295,25742.7614295,25742.7614295,25742.7614295,25742.7614295,25742.7614295,25742.7614295,25742.7614295,25742.7614295,25742.7614295,25742.7614295,25742.7614295,25742.7614295,25742.7614295,25742.7614295,25742.7614295,25742.7614295,25742.7614295,25742.7614295,25742.7614295,25742.7614295,25742.7614295,25742.7614295,25742.7614295,25742.7614295,25742.7614295,25742.7614295,25742.7614295,25742.7614295,25742.7614295,25742.7614295,25742.7614295,25742.7614295,25742.7614295,25742.7614295,25742.7614295,25742.7614295,25742.7614295,25742.7614295,25742.7614295,25742.7614295,25742.7614295,25742.7614295,25742.7614295,25742.7614295,25742.7614295,25742.7614295,25742.7614295,25742.7614295,25742.7614295,25742.7614295,25742.7614295,25742.7614295,25742.7614295,25742.7614295,25742.7614295,25742.7614295,25742.7614295,25742.7614295,25742.7614295,25742.7614295,25742.7614295,25742.7614295,25742.7614295,25742.7614295,25742.7614295,25742.7614295,25742.7614295,25742.7614295,25742.7614295,25742.7614295,25742.7614295,25742.7614295,25742.7614295,25742.7614295,25742.7614295,25742.7614295,25742.7614295,25742.7614295,25742.7614295,25742.7614295,25742.7614295,25742.7614295,25742.7614295,25742.7614295,25742.7614295,25742.7614295,25742.7614295,25742.7614295,25742.7614295,25742.7614295,25742.7614295,25742.7614295,25742.7614295,25742.7614295,25742.7614295,25742.7614295,25742.7614295,25742.7614295,25742.7614295,25742.7614295,25742.7614295,25742.7614295,25742.7614295,25742.7614295,25742.7614295,25742.7614295,25742.7614295,25742.7614295,25742.7614295,25742.7614295,25742.7614295,25742.7614295,25742.7614295,25742.7614295,25742.7614295,25742.7614295,25742.7614295,25742.7614295,25742.7614295,25742.7614295,25742.7614295,25742.7614295,25742.7614295,25742.7614295,25742.7614295,25742.7614295,25742.7614295,25742.7614295,25742.7614295,25742.7614295,25742.7614295,25742.7614295,25742.7614295,25742.7614295,25742.7614295,25742.7614295,25742.7614295,25742.7614295,25742.7614295,25742.7614295,25742.7614295,25742.7614295,25742.7614295,25742.7614295,25742.7614295,25742.7614295,25742.7614295,25742.7614295,25742.7614295,25742.7614295,25742.7614295,25742.7614295,25742.7614295,25742.7614295,25742.7614295,25742.7614295,25742.7614295,25742.7614295,25742.7614295,25742.7614295,25742.7614295,25742.7614295,25742.7614295,25742.7614295,25742.7614295,25742.7614295,25742.7614295,25742.7614295,25742.7614295,25742.7614295,25742.7614295,25742.7614295,25742.7614295,25742.7614295,25742.7614295,25742.7614295,25742.7614295,25742.7614295,25742.7614295,25742.7614295,25742.7614295,25742.7614295,25742.7614295,25742.7614295,25742.7614295,25742.7614295,25742.7614295,25742.7614295,25742.7614295,25742.7614295,25742.7614295,25742.7614295,25742.7614295,25742.7614295,25742.7614295,25742.7614295,25742.7614295,25742.7614295,25742.7614295,25742.7614295,25742.7614295,25742.7614295,25742.7614295,25742.7614295,25742.7614295,25742.7614295,25742.7614295,25742.7614295,25742.7614295,25742.7614295,25742.7614295,25742.7614295,25742.7614295,25742.7614295,25742.7614295,25742.7614295,25742.7614295,25742.7614295,25742.7614295,25742.7614295,25742.7614295,25742.7614295,25742.7614295,25742.7614295,25742.7614295,25742.7614295,25742.7614295,25742.7614295,25742.7614295,25742.7614295,25742.7614295,25742.7614295,25742.7614295,25742.7614295,25742.7614295,25742.7614295,25742.7614295,25742.7614295,25742.7614295,25742.7614295,25742.7614295,25742.7614295,25742.7614295,25742.7614295,25742.7614295,25742.7614295,25742.7614295,25742.7614295,25742.7614295,25742.7614295,25742.7614295,25742.7614295,25742.7614295,25742.7614295,25742.7614295,25742.7614295,25742.7614295,25742.7614295,25742.7614295,25742.7614295,25742.7614295,25742.7614295,25742.7614295,25742.7614295,25742.7614295,25742.7614295,25742.7614295,25742.7614295,25742.7614295,25742.7614295,25742.7614295,25742.7614295,25742.7614295,25742.7614295,25742.7614295,25742.7614295,25742.7614295,25742.7614295,25742.7614295,25742.7614295,25742.7614295,25742.7614295,25742.7614295,25742.7614295,25742.7614295,25742.7614295,25742.7614295,25742.7614295,25742.7614295,25742.7614295,25742.7614295,25742.7614295,25742.7614295,25742.7614295,25742.7614295,25742.7614295,25742.7614295,25742.7614295,25742.7614295,25742.7614295,25742.7614295,25742.7614295,25742.7614295,25742.7614295,25742.7614295,25742.7614295,25742.7614295,25742.7614295,25742.7614295,25742.7614295,25742.7614295,25742.7614295,25742.7614295,25742.7614295,25742.7614295,25742.7614295,25742.7614295,25742.7614295,25742.7614295,25742.7614295,25742.7614295,25742.7614295,25742.7614295,25742.7614295,25742.7614295,25742.7614295,25742.7614295,25742.7614295,25742.7614295,25742.7614295,25742.7614295,25742.7614295,25742.7614295,25742.7614295,25742.7614295,25742.7614295,25742.7614295,25742.7614295,25742.7614295,25742.7614295,25742.7614295,25742.7614295,25742.7614295,25742.7614295,25742.7614295,25742.7614295,25742.7614295,25742.7614295,25742.7614295,25742.7614295,25742.7614295,25742.7614295,25742.7614295,25742.7614295,25742.7614295,25742.7614295,25742.7614295,25742.7614295,25742.7614295,25742.7614295,25742.7614295,25742.7614295,25742.7614295,25742.7614295,25742.7614295,25742.7614295,25742.7614295,25742.7614295,25742.7614295,25742.7614295,25742.7614295,25742.7614295,25742.7614295,25742.7614295,25742.7614295,25742.7614295,25742.7614295,25742.7614295,25742.7614295,25742.7614295,25742.7614295,25742.7614295,25742.7614295,25742.7614295,25742.7614295,25742.7614295,25742.7614295,25742.7614295,25742.7614295,25742.7614295,25742.7614295,25742.7614295,25742.7614295,25742.7614295,25742.7614295,25742.7614295,25742.7614295,25742.7614295,25742.7614295,25742.7614295,25742.7614295,25742.7614295,25742.7614295,25742.7614295,25742.7614295,25742.7614295,25742.7614295,25742.7614295,25742.7614295,25742.7614295,25742.7614295,25742.7614295,25742.7614295,25742.7614295,25742.7614295,25742.7614295,25742.7614295,25742.7614295,25742.7614295,25742.7614295,25742.7614295,25742.7614295,25742.7614295,25742.7614295,25742.7614295,25742.7614295,25742.7614295,25742.7614295,25742.7614295,25742.7614295,25742.7614295,25742.7614295,25742.7614295,25742.7614295,25742.7614295,25742.7614295,25742.7614295,25742.7614295,25742.7614295,25742.7614295,25742.7614295,25742.7614295,25742.7614295,25742.7614295,25742.7614295,25742.7614295,25742.7614295,25742.7614295,25742.7614295,25742.7614295,25742.7614295,25742.7614295,25742.7614295,25742.7614295,25742.7614295,25742.7614295,25742.7614295,25742.7614295,25742.7614295,25742.7614295,25742.7614295,25742.7614295,25742.7614295,25742.7614295,25742.7614295,25742.7614295,25742.7614295,25742.7614295,25742.7614295,25742.7614295,25742.7614295,25742.7614295,25742.7614295,25742.7614295,25742.7614295,25742.7614295,25742.7614295,25742.7614295,25742.7614295,25742.7614295,25742.7614295,25742.7614295,25742.7614295,25742.7614295,25742.7614295,25742.7614295,25742.7614295,25742.7614295,25742.7614295,25742.7614295,25742.7614295,25742.7614295,25742.7614295,25742.7614295,25742.7614295,25742.7614295,25742.7614295,25742.7614295,25742.7614295,25742.7614295,25742.7614295,25742.7614295,25742.7614295,25742.7614295,25742.7614295,25742.7614295,25742.7614295,25742.7614295,25742.7614295,25742.7614295,25742.7614295,25742.7614295,25742.7614295,25742.7614295,25742.7614295,25742.7614295,25742.7614295,25742.7614295,25742.7614295,25742.7614295,25742.7614295,25742.7614295,25742.7614295,25742.7614295,25742.7614295,25742.7614295,25742.7614295,25742.7614295,25742.7614295,25742.7614295,25742.7614295,25742.7614295,25742.7614295,25742.7614295,25742.7614295,25742.7614295,25742.7614295,25742.7614295,25742.7614295,25742.7614295,25742.7614295,25742.7614295,25742.7614295,25742.7614295,25742.7614295,25742.7614295,25742.7614295,25742.7614295,25742.7614295,25742.7614295,25742.7614295,25742.7614295,25742.7614295,25742.7614295,25742.7614295,25742.7614295,25742.7614295,25742.7614295,25742.7614295,25742.7614295,25742.7614295,25742.7614295,25742.7614295,25742.7614295,25742.7614295,25742.7614295,25742.7614295,25742.7614295,25742.7614295,25742.7614295,25742.7614295,25742.7614295,25742.7614295,25742.7614295,25742.7614295,25742.7614295,25742.7614295,25742.7614295,25742.7614295,25742.7614295,25742.7614295,25742.7614295,25742.7614295,25742.7614295,25742.7614295,25742.7614295,25742.7614295,25742.7614295,25742.7614295,25742.7614295,25742.7614295,25742.7614295,25742.7614295,25742.7614295,25742.7614295,25742.7614295,25742.7614295,25742.7614295,25742.7614295,25742.7614295,25742.7614295,25742.7614295,25742.7614295,25742.7614295,25742.7614295,25742.7614295,25742.7614295,25742.7614295,25742.7614295,25742.7614295,25742.7614295,25742.7614295,25742.7614295,25742.7614295,25742.7614295,25742.7614295,25742.7614295,25742.7614295,25742.7614295,25742.7614295,25742.7614295,25742.7614295,25742.7614295,25742.7614295,25742.7614295,25742.7614295,25742.7614295,25742.7614295,25742.7614295,25742.7614295,25742.7614295,25742.7614295,25742.7614295,25742.7614295,25742.7614295,25742.7614295,25742.7614295,25742.7614295,25742.7614295,25742.7614295,25742.7614295,25742.7614295,25742.7614295,25742.7614295,25742.7614295,25742.7614295,25742.7614295,25742.7614295,25742.7614295,25742.7614295,25742.7614295,25742.7614295,25742.7614295,25742.7614295,25742.7614295,25742.7614295,25742.7614295,25742.7614295,25742.7614295,25742.7614295,25742.7614295,25742.7614295,25742.7614295,25742.7614295,25742.7614295,25742.7614295,25742.7614295,25742.7614295,25742.7614295,25742.7614295,25742.7614295,25742.7614295,25742.7614295,25742.7614295,25742.7614295,25742.7614295,25742.7614295,25742.7614295,25742.7614295,25742.7614295,25742.7614295,25742.7614295,25742.7614295,25742.7614295,25742.7614295,25742.7614295,25742.7614295,25742.7614295,25742.7614295,25742.7614295,25742.7614295,25742.7614295,25742.7614295,25742.7614295,25742.7614295,25742.7614295,25742.7614295,25742.7614295,25742.7614295,25742.7614295,25742.7614295,25742.7614295,25742.7614295,25742.7614295,25742.7614295,25742.7614295,25742.7614295,25742.7614295,25742.7614295,25742.7614295,25742.7614295,25742.7614295,25742.7614295,25742.7614295,25742.7614295,25742.7614295,25742.7614295,25742.7614295,25742.7614295,25742.7614295,25742.7614295,25742.7614295,25742.7614295,25742.7614295,25742.7614295,25742.7614295,25742.7614295,25742.7614295,25742.7614295,25742.7614295,25742.7614295,25742.7614295,25742.7614295,25742.7614295,25742.7614295,25742.7614295,25742.7614295,25742.7614295,25742.7614295,25742.7614295,25742.7614295,25742.7614295,25742.7614295,25742.7614295,25742.7614295,25742.7614295,25742.7614295,25742.7614295,25742.7614295,25742.7614295,25742.7614295,25742.7614295,25742.7614295,25742.7614295,25742.7614295,25742.7614295,25742.7614295,25742.7614295,25742.7614295,25742.7614295,25742.7614295,25742.7614295,25742.7614295,25742.7614295,25742.7614295,25742.7614295,25742.7614295,25742.7614295,25742.7614295,25742.7614295,25742.7614295,25742.7614295,25742.7614295,25742.7614295,25742.7614295,25742.7614295,25742.7614295,25742.7614295,25742.7614295,25742.7614295,25742.7614295,25742.7614295,25742.7614295,25742.7614295,25742.7614295,25742.7614295,25742.7614295,25742.7614295,25742.7614295,25742.7614295,25742.7614295,25742.7614295,25742.7614295,25742.7614295,25742.7614295,25742.7614295,25742.7614295,25742.7614295,25742.7614295,25742.7614295,25742.7614295,25742.7614295,25742.7614295,25742.7614295,25742.7614295,25742.7614295,25742.7614295,25742.7614295,25742.7614295,25742.7614295,25742.7614295,25742.7614295,25742.7614295,25742.7614295,25742.7614295,25742.7614295,25742.7614295,25742.7614295,25742.7614295,25742.7614295,25742.7614295,25742.7614295,25742.7614295,25742.7614295,25742.7614295,25742.7614295,25742.7614295,25742.7614295,25742.7614295,25742.7614295,25742.7614295,25742.7614295,25742.7614295,25742.7614295,25742.7614295,25742.7614295,25742.7614295,25742.7614295,25742.7614295,25742.7614295,25742.7614295,25742.7614295,25742.7614295,25742.7614295,25742.7614295,25742.7614295,25742.7614295,25742.7614295,25742.7614295,25742.7614295,25742.7614295,25742.7614295,25742.7614295,25742.7614295,25742.7614295,25742.7614295,25742.7614295,25742.7614295,25742.7614295,25742.7614295,25742.7614295,25742.7614295,25742.7614295,25742.7614295,25742.7614295,25742.7614295,25742.7614295,25742.7614295,25742.7614295,25742.7614295,25742.7614295,25742.7614295,25742.7614295,25742.7614295,25742.7614295,25742.7614295,25742.7614295,25742.7614295,25742.7614295,25742.7614295,25742.7614295,25742.7614295,25742.7614295,25742.7614295,25742.7614295,25742.7614295,25742.7614295,25742.7614295,25742.7614295,25742.7614295,25742.7614295,25742.7614295,25742.7614295,25742.7614295,25742.7614295,25742.7614295,25742.7614295,25742.7614295,25742.7614295,25742.7614295,25742.7614295,25742.7614295,25742.7614295,25742.7614295,25742.7614295,25742.7614295,25742.7614295,25742.7614295,25742.7614295,25742.7614295,25742.7614295,25742.7614295,25742.7614295,25742.7614295,25742.7614295,25742.7614295,25742.7614295,25742.7614295,25742.7614295,25742.7614295,25742.7614295,25742.7614295,25742.7614295,25742.7614295,25742.7614295,25742.7614295,25742.7614295,25742.7614295,25742.7614295,25742.7614295,25742.7614295,25742.7614295,25742.7614295,25742.7614295,25742.7614295,25742.7614295,25742.7614295,25742.7614295,25742.7614295,25742.7614295,25742.7614295,25742.7614295,25742.7614295,25742.7614295,25742.7614295,25742.7614295,25742.7614295,25742.7614295,25742.7614295,25742.7614295,25742.7614295,25742.7614295,25742.7614295,25742.7614295,25742.7614295,25742.7614295,25742.7614295,25742.7614295,25742.7614295,25742.7614295,25742.7614295,25742.7614295,25742.7614295,25742.7614295,25742.7614295,25742.7614295,25742.7614295,25742.7614295,25742.7614295,25742.7614295,25742.7614295,25742.7614295,25742.7614295,25742.7614295,25742.7614295,25742.7614295,25742.7614295,25742.7614295,25742.7614295,25742.7614295,25742.7614295,25742.7614295,25742.7614295,25742.7614295,25742.7614295,25742.7614295,25742.7614295,25742.7614295,25742.7614295,25742.7614295,25742.7614295,25742.7614295,25742.7614295,25742.7614295,25742.7614295,25742.7614295,25742.7614295,25742.7614295,25742.7614295,25742.7614295,25742.7614295,25742.7614295,25742.7614295,25742.7614295,25742.7614295,25742.7614295,25742.7614295,25742.7614295,25742.7614295,25742.7614295,25742.7614295,25742.7614295,25742.7614295,25742.7614295,25742.7614295,25742.7614295,25742.7614295,25742.7614295,25742.7614295,25742.7614295,25742.7614295,25742.7614295,25742.7614295,25742.7614295,25742.7614295,25742.7614295,25742.7614295,25742.7614295,25742.7614295,25742.7614295,25742.7614295,25742.7614295,25742.7614295,25742.7614295,25742.7614295,25742.7614295,25742.7614295,25742.7614295,25742.7614295,25742.7614295,25742.7614295,25742.7614295,25742.7614295,25742.7614295,25742.7614295,25742.7614295,25742.7614295,25742.7614295,25742.7614295,25742.7614295,25742.7614295,25742.7614295,25742.7614295,25742.7614295,25742.7614295,25742.7614295,25742.7614295,25742.7614295,25742.7614295,25742.7614295,25742.7614295,25742.7614295,25742.7614295,25742.7614295,25742.7614295,25742.7614295,25742.7614295,25742.7614295,25742.7614295,25742.7614295,25742.7614295,25742.7614295,25742.7614295,25742.7614295,25742.7614295,25742.7614295,25742.7614295,25742.7614295,25742.7614295,25742.7614295,25742.7614295,25742.7614295,25742.7614295,25742.7614295,25742.7614295,25742.7614295,25742.7614295,25742.7614295,25742.7614295,25742.7614295,25742.7614295,25742.7614295,25742.7614295,25742.7614295,25742.7614295,25742.7614295,25742.7614295,25742.7614295,25742.7614295,25742.7614295,25742.7614295,25742.7614295,25742.7614295,25742.7614295,25742.7614295,25742.7614295,25742.7614295,25742.7614295,25742.7614295,25742.7614295,25742.7614295,25742.7614295,25742.7614295,25742.7614295,25742.7614295,25742.7614295,25742.7614295,25742.7614295,25742.7614295,25742.7614295,25742.7614295,25742.7614295,25742.7614295,25742.7614295,25742.7614295,25742.7614295,25742.7614295,25742.7614295,25742.7614295,25742.7614295,25742.7614295,25742.7614295,25742.7614295,25742.7614295,25742.7614295,25742.7614295,25742.7614295,25742.7614295,25742.7614295,25742.7614295,25742.7614295,25742.7614295,25742.7614295,25742.7614295,25742.7614295,25742.7614295,25742.7614295,25742.7614295,25742.7614295,25742.7614295,25742.7614295,25742.7614295,25742.7614295,25742.7614295,25742.7614295,25742.7614295,25742.7614295,25742.7614295,25742.7614295,25742.7614295,25742.7614295,25742.7614295,25742.7614295,25742.7614295,25742.7614295,25742.7614295,25742.7614295,25742.7614295,25742.7614295,25742.7614295,25742.7614295,25742.7614295,25742.7614295,25742.7614295,25742.7614295,25742.7614295,25742.7614295,25742.7614295,25742.7614295,25742.7614295,25742.7614295,25742.7614295,25742.7614295,25742.7614295,25742.7614295,25742.7614295,25742.7614295,25742.7614295,25742.7614295,25742.7614295,25742.7614295,25742.7614295,25742.7614295,25742.7614295,25742.7614295,25742.7614295,25742.7614295,25742.7614295,25742.7614295,25742.7614295,25742.7614295,25742.7614295,25742.7614295,25742.7614295,25742.7614295,25742.7614295,25742.7614295,25742.7614295,25742.7614295,25742.7614295,25742.7614295,25742.7614295,25742.7614295,25742.7614295,25742.7614295,25742.7614295,25742.7614295,25742.7614295,25742.7614295,25742.7614295,25742.7614295,25742.7614295,25742.7614295,25742.7614295,25742.7614295,25742.7614295,25742.7614295,25742.7614295,25742.7614295,25742.7614295,25742.7614295,25742.7614295,25742.7614295,25742.7614295,25742.7614295,25742.7614295,25742.7614295,25742.7614295,25742.7614295,25742.7614295,25742.7614295,25742.7614295,25742.7614295,25742.7614295,25742.7614295,25742.7614295,25742.7614295,25742.7614295,25742.7614295,25742.7614295,25742.7614295,25742.7614295,25742.7614295,25742.7614295,25742.7614295,25742.7614295,25742.7614295,25742.7614295,25742.7614295,25742.7614295,25742.7614295,25742.7614295,25742.7614295,25742.7614295,25742.7614295,25742.7614295,25742.7614295,25742.7614295,25742.7614295,25742.7614295,25742.7614295,25742.7614295,25742.7614295,25742.7614295,25742.7614295,25742.7614295,25742.7614295,25742.7614295,25742.7614295,25742.7614295,25742.7614295,25742.7614295,25742.7614295,25742.7614295,25742.7614295,25742.7614295,25742.7614295,25742.7614295,25742.7614295,25742.7614295,25742.7614295,25742.7614295,25742.7614295,25742.7614295,25742.7614295,25742.7614295,25742.7614295,25742.7614295,25742.7614295,25742.7614295,25742.7614295,25742.7614295,25742.7614295,25742.7614295,25742.7614295,25742.7614295,25742.7614295,25742.7614295,25742.7614295,25742.7614295,25742.7614295,25742.7614295,25742.7614295,25742.7614295,25742.7614295,25742.7614295,25742.7614295,25742.7614295,25742.7614295,25742.7614295,25742.7614295,25742.7614295,25742.7614295,25742.7614295,25742.7614295,25742.7614295,25742.7614295,25742.7614295,25742.7614295,25742.7614295,25742.7614295,25742.7614295,25742.7614295,25742.7614295,25742.7614295,25742.7614295,25742.7614295,25742.7614295,25742.7614295,25742.7614295,25742.7614295,25742.7614295,25742.7614295,25742.7614295,25742.7614295,25742.7614295,25742.7614295,25742.7614295,25742.7614295,25742.7614295,25742.7614295,25742.7614295,25742.7614295,25742.7614295,25742.7614295,25742.7614295,25742.7614295,25742.7614295,25742.7614295,25742.7614295,25742.7614295,25742.7614295,25742.7614295,25742.7614295,25742.7614295,25742.7614295,25742.7614295,25742.7614295,25742.7614295,25742.7614295,25742.7614295,25742.7614295,25742.7614295,25742.7614295,25742.7614295,25742.7614295,25742.7614295,25742.7614295,25742.7614295,25742.7614295,25742.7614295,25742.7614295,25742.7614295,25742.7614295,25742.7614295,25742.7614295,25742.7614295,25742.7614295,25742.7614295,25742.7614295,25742.7614295,25742.7614295,25742.7614295,25742.7614295,25742.7614295,25742.7614295,25742.7614295,25742.7614295,25742.7614295,25742.7614295,25742.7614295,25742.7614295,25742.7614295,25742.7614295,25742.7614295,25742.7614295,25742.7614295,25742.7614295,25742.7614295,25742.7614295,25742.7614295,25742.7614295,25742.7614295,25742.7614295,25742.7614295,25742.7614295,25742.7614295,25742.7614295,25742.7614295,25742.7614295,25742.7614295,25742.7614295,25742.7614295,25742.7614295,25742.7614295,25742.7614295,25742.7614295,25742.7614295,25742.7614295,25742.7614295,25742.7614295,25742.7614295,25742.7614295,25742.7614295,25742.7614295,25742.7614295,25742.7614295,25742.7614295,25742.7614295,25742.7614295,25742.7614295,25742.7614295,25742.7614295,25742.7614295,25742.7614295,25742.7614295,25742.7614295,25742.7614295,25742.7614295,25742.7614295,25742.7614295,25742.7614295,25742.7614295,25742.7614295,25742.7614295,25742.7614295,25742.7614295,25742.7614295,25742.7614295,25742.7614295,25742.7614295,25742.7614295,25742.7614295,25742.7614295,25742.7614295,25742.7614295,25742.7614295,25742.7614295,25742.7614295,25742.7614295,25742.7614295,25742.7614295,25742.7614295,25742.7614295,25742.7614295,25742.7614295,25742.7614295,25742.7614295,25742.7614295,25742.7614295,25742.7614295,25742.7614295,25742.7614295,25742.7614295,25742.7614295,25742.7614295,25742.7614295,25742.7614295,25742.7614295,25742.7614295,25742.7614295,25742.7614295,25742.7614295,25742.7614295,25742.7614295,25742.7614295,25742.7614295,25742.7614295,25742.7614295,25742.7614295,25742.7614295,25742.7614295,25742.7614295,25742.7614295,25742.7614295,25742.7614295,25742.7614295,25742.7614295,25742.7614295,25742.7614295,25742.7614295,25742.7614295,25742.7614295,25742.7614295,25742.7614295,25742.7614295,25742.7614295,25742.7614295,25742.7614295,25742.7614295,25742.7614295,25742.7614295,25742.7614295,25742.7614295,25742.7614295,25742.7614295,25742.7614295,25742.7614295,25742.7614295,25742.7614295,25742.7614295,25742.7614295,25742.7614295,25742.7614295,25742.7614295,25742.7614295,25742.7614295,25742.7614295,25742.7614295,25742.7614295,25742.7614295,25742.7614295,25742.7614295,25742.7614295,25742.7614295,25742.7614295,25742.7614295,25742.7614295,25742.7614295,25742.7614295,25742.7614295,25742.7614295,25742.7614295,25742.7614295,25742.7614295,25742.7614295,25742.7614295,25742.7614295,25742.7614295,25742.7614295,25742.7614295,25742.7614295,25742.7614295,25742.7614295,25742.7614295,25742.7614295,25742.7614295,25742.7614295,25742.7614295,25742.7614295,25742.7614295,25742.7614295,25742.7614295,25742.7614295,25742.7614295,25742.7614295,25742.7614295,25742.7614295,25742.7614295,25742.7614295,25742.7614295,25742.7614295,25742.7614295,25742.7614295,25742.7614295,25742.7614295,25742.7614295,25742.7614295,25742.7614295,25742.7614295,25742.7614295,25742.7614295,25742.7614295,25742.7614295,25742.7614295,25742.7614295,25742.7614295,25742.7614295,25742.7614295,25742.7614295,25742.7614295,25742.7614295,25742.7614295,25742.7614295,25742.7614295,25742.7614295,25742.7614295,25742.7614295,25742.7614295,25742.7614295,25742.7614295,25742.7614295,25742.7614295,25742.7614295,25742.7614295,25742.7614295,25742.7614295,25742.7614295,25742.7614295,25742.7614295,25742.7614295,25742.7614295,25742.7614295,25742.7614295,25742.7614295,25742.7614295,25742.7614295,25742.7614295,25742.7614295,25742.7614295,25742.7614295,25742.7614295,25742.7614295,25742.7614295,25742.7614295,25742.7614295,25742.7614295,25742.7614295,25742.7614295,25742.7614295,25742.7614295,25742.7614295,25742.7614295,25742.7614295,25742.7614295,25742.7614295,25742.7614295,25742.7614295,25742.7614295,25742.7614295,25742.7614295,25742.7614295,25742.7614295,25742.7614295,25742.7614295,25742.7614295,25742.7614295,25742.7614295,25742.7614295,25742.7614295,25742.7614295,25742.7614295,25742.7614295,25742.7614295,25742.7614295,25742.7614295,25742.7614295,25742.7614295,25742.7614295,25742.7614295,25742.7614295,25742.7614295,25742.7614295,25742.7614295,25742.7614295,25742.7614295,25742.7614295,25742.7614295,25742.7614295,25742.7614295,25742.7614295,25742.7614295,25742.7614295,25742.7614295,25742.7614295,25742.7614295,25742.7614295,25742.7614295,25742.7614295,25742.7614295,25742.7614295,25742.7614295,25742.7614295,25742.7614295,25742.7614295,25742.7614295,25742.7614295,25742.7614295,25742.7614295,25742.7614295,25742.7614295,25742.7614295,25742.7614295,25742.7614295,25742.7614295,25742.7614295,25742.7614295,25742.7614295,25742.7614295,25742.7614295,25742.7614295,25742.7614295,25742.7614295,25742.7614295,25742.7614295,25742.7614295,25742.7614295,25742.7614295,25742.7614295,25742.7614295,25742.7614295,25742.7614295,25742.7614295,25742.7614295,25742.7614295,25742.7614295,25742.7614295,25742.7614295,25742.7614295,25742.7614295,25742.7614295,25742.7614295,25742.7614295,25742.7614295,25742.7614295,25742.7614295,25742.7614295,25742.7614295,25742.7614295,25742.7614295,25742.7614295,25742.7614295,25742.7614295,25742.7614295,25742.7614295,25742.7614295,25742.7614295,25742.7614295,25742.7614295,25742.7614295,25742.7614295,25742.7614295,25742.7614295,25742.7614295,25742.7614295,25742.7614295,25742.7614295,25742.7614295,25742.7614295,25742.7614295,25742.7614295,25742.7614295,25742.7614295,25742.7614295,25742.7614295,25742.7614295,25742.7614295,25742.7614295,25742.7614295,25742.7614295,25742.7614295,25742.7614295,25742.7614295,25742.7614295,25742.7614295,25742.7614295,25742.7614295,25742.7614295,25742.7614295,25742.7614295,25742.7614295,25742.7614295,25742.7614295,25742.7614295,25742.7614295,25742.7614295,25742.7614295,25742.7614295,25742.7614295,25742.7614295,25742.7614295,25742.7614295,25742.7614295,25742.7614295,25742.7614295,25742.7614295,25742.7614295,25742.7614295,25742.7614295,25742.7614295,25742.7614295,25742.7614295,25742.7614295,25742.7614295,25742.7614295,25742.7614295,25742.7614295,25742.7614295,25742.7614295,25742.7614295,25742.7614295,25742.7614295,25742.7614295,25742.7614295,25742.7614295,25742.7614295,25742.7614295,25742.7614295,25742.7614295,25742.7614295,25742.7614295,25742.7614295,25742.7614295,25742.7614295,25742.7614295,25742.7614295,25742.7614295,25742.7614295,25742.7614295,25742.7614295,25742.7614295,25742.7614295,25742.7614295,25742.7614295,25742.7614295,25742.7614295,25742.7614295,25742.7614295,25742.7614295,25742.7614295,25742.7614295,25742.7614295,25742.7614295,25742.7614295,25742.7614295,25742.7614295,25742.7614295,25742.7614295,25742.7614295,25742.7614295,25742.7614295,25742.7614295,25742.7614295,25742.7614295,25742.7614295,25742.7614295,25742.7614295,25742.7614295,25742.7614295,25742.7614295,25742.7614295,25742.7614295,25742.7614295,25742.7614295,25742.7614295,25742.7614295,25742.7614295,25742.7614295,25742.7614295,25742.7614295,25742.7614295,25742.7614295,25742.7614295,25742.7614295,25742.7614295,25742.7614295,25742.7614295,25742.7614295,25742.7614295,25742.7614295,25742.7614295,25742.7614295,25742.7614295,25742.7614295,25742.7614295,25742.7614295,25742.7614295,25742.7614295,25742.7614295,25742.7614295,25742.7614295,25742.7614295,25742.7614295,25742.7614295,25742.7614295,25742.7614295,25742.7614295,25742.7614295,25742.7614295,25742.7614295,25742.7614295,25742.7614295,25742.7614295,25742.7614295,25742.7614295,25742.7614295,25742.7614295,25742.7614295,25742.7614295,25742.7614295,25742.7614295,25742.7614295,25742.7614295,25742.7614295,25742.7614295,25742.7614295,25742.7614295,25742.7614295,25742.7614295,25742.7614295,25742.7614295,25742.7614295,25742.7614295,25742.7614295,25742.7614295,25742.7614295,25742.7614295,25742.7614295,25742.7614295,25742.7614295,25742.7614295,25742.7614295,25742.7614295,25742.7614295,25742.7614295,25742.7614295,25742.7614295,25742.7614295,25742.7614295,25742.7614295,25742.7614295,25742.7614295,25742.7614295,25742.7614295,25742.7614295,25742.7614295,25742.7614295,25742.7614295,25742.7614295,25742.7614295,25742.7614295,25742.7614295,25742.7614295,25742.7614295,25742.7614295,25742.7614295,25742.7614295,25742.7614295,25742.7614295,25742.7614295,25742.7614295,25742.7614295,25742.7614295,25742.7614295,25742.7614295,25742.7614295,25742.7614295,25742.7614295,25742.7614295,25742.7614295,25742.7614295,25742.7614295,25742.7614295,25742.7614295,25742.7614295,25742.7614295,25742.7614295,25742.7614295,25742.7614295,25742.7614295,25742.7614295,25742.7614295,25742.7614295,25742.7614295,25742.7614295,25742.7614295,25742.7614295,25742.7614295,25742.7614295,25742.7614295,25742.7614295,25742.7614295,25742.7614295,25742.7614295,25742.7614295,25742.7614295,25742.7614295,25742.7614295,25742.7614295,25742.7614295,25742.7614295,25742.7614295,25742.7614295,25742.7614295,25742.7614295,25742.7614295,25742.7614295,25742.7614295,25742.7614295,25742.7614295,25742.7614295,25742.7614295,25742.7614295,25742.7614295,25742.7614295,25742.7614295,25742.7614295,25742.7614295,25742.7614295,25742.7614295,25742.7614295,25742.7614295,25742.7614295,25742.7614295,25742.7614295,25742.7614295,25742.7614295,25742.7614295,25742.7614295,25742.7614295,25742.7614295,25742.7614295,25742.7614295,25742.7614295,25742.7614295,25742.7614295,25742.7614295,25742.7614295,25742.7614295,25742.7614295,25742.7614295,25742.7614295,25742.7614295,25742.7614295,25742.7614295,25742.7614295,25742.7614295,25742.7614295,25742.7614295,25742.7614295,25742.7614295,25742.7614295,25742.7614295,25742.7614295,25742.7614295,25742.7614295,25742.7614295,25742.7614295,25742.7614295,25742.7614295,25742.7614295,25742.7614295,25742.7614295,25742.7614295,25742.7614295,25742.7614295,25742.7614295,25742.7614295,25742.7614295,25742.7614295,25742.7614295,25742.7614295,25742.7614295,25742.7614295,25742.7614295,25742.7614295,25742.7614295,25742.7614295,25742.7614295,25742.7614295,25742.7614295,25742.7614295,25742.7614295,25742.7614295,25742.7614295,25742.7614295,25742.7614295,25742.7614295,25742.7614295,25742.7614295,25742.7614295,25742.7614295,25742.7614295,25742.7614295,25742.7614295,25742.7614295,25742.7614295,25742.7614295,25742.7614295,25742.7614295,25742.7614295,25742.7614295,25742.7614295,25742.7614295,25742.7614295,25742.7614295,25742.7614295,25742.7614295,25742.7614295,25742.7614295,25742.7614295,25742.7614295,25742.7614295,25742.7614295,25742.7614295,25742.7614295,25742.7614295,25742.7614295,25742.7614295,25742.7614295,25742.7614295,25742.7614295,25742.7614295,25742.7614295,25742.7614295,25742.7614295,25742.7614295,25742.7614295,25742.7614295,25742.7614295,25742.7614295,25742.7614295,25742.7614295,25742.7614295,25742.7614295,25742.7614295,25742.7614295,25742.7614295,25742.7614295,25742.7614295,25742.7614295,25742.7614295,25742.7614295,25742.7614295,25742.7614295,25742.7614295,25742.7614295,25742.7614295,25742.7614295,25742.7614295,25742.7614295,25742.7614295,25742.7614295,25742.7614295,25742.7614295,25742.7614295,25742.7614295,25742.7614295,25742.7614295,25742.7614295,25742.7614295,25742.7614295,25742.7614295,25742.7614295,25742.7614295,25742.7614295,25742.7614295,25742.7614295,25742.7614295,25742.7614295,25742.7614295,25742.7614295,25742.7614295,25742.7614295,25742.7614295,25742.7614295,25742.7614295,25742.7614295,25742.7614295,25742.7614295,25742.7614295,25742.7614295,25742.7614295,25742.7614295,25742.7614295,25742.7614295,25742.7614295,25742.7614295,25742.7614295,25742.7614295,25742.7614295,25742.7614295,25742.7614295,25742.7614295,25742.7614295,25742.7614295,25742.7614295,25742.7614295,25742.7614295,25742.7614295,25742.7614295,25742.7614295,25742.7614295,25742.7614295,25742.7614295,25742.7614295,25742.7614295,25742.7614295,25742.7614295,25742.7614295,25742.7614295,25742.7614295,25742.7614295,25742.7614295,25742.7614295,25742.7614295,25742.7614295,25742.7614295,25742.7614295,25742.7614295,25742.7614295,25742.7614295,25742.7614295,25742.7614295,25742.7614295,25742.7614295,25742.7614295,25742.7614295,25742.7614295,25742.7614295,25742.7614295,25742.7614295,25742.7614295,25742.7614295,25742.7614295,25742.7614295,25742.7614295,25742.7614295,25742.7614295,25742.7614295,25742.7614295,25742.7614295,25742.7614295,25742.7614295,25742.7614295,25742.7614295,25742.7614295,25742.7614295,25742.7614295,25742.7614295,25742.7614295,25742.7614295,25742.7614295,25742.7614295,25742.7614295,25742.7614295,25742.7614295,25742.7614295,25742.7614295,25742.7614295,25742.7614295,25742.7614295,25742.7614295,25742.7614295,25742.7614295,25742.7614295,25742.7614295,25742.7614295,25742.7614295,25742.7614295,25742.7614295,25742.7614295,25742.7614295,25742.7614295,25742.7614295,25742.7614295,25742.7614295,25742.7614295,25742.7614295,25742.7614295,25742.7614295,25742.7614295,25742.7614295,25742.7614295,25742.7614295,25742.7614295,25742.7614295,25742.7614295,25742.7614295,25742.7614295,25742.7614295,25742.7614295,25742.7614295,25742.7614295,25742.7614295,25742.7614295,25742.7614295,25742.7614295,25742.7614295,25742.7614295,25742.7614295,25742.7614295,25742.7614295,25742.7614295,25742.7614295,25742.7614295,25742.7614295,25742.7614295,25742.7614295,25742.7614295,25742.7614295,25742.7614295,25742.7614295,25742.7614295,25742.7614295,25742.7614295,25742.7614295,25742.7614295,25742.7614295,25742.7614295,25742.7614295,25742.7614295,25742.7614295,25742.7614295,25742.7614295,25742.7614295,25742.7614295,25742.7614295,25742.7614295,25742.7614295,25742.7614295,25742.7614295,25742.7614295,25742.7614295,25742.7614295,25742.7614295,25742.7614295,25742.7614295,25742.7614295,25742.7614295,25742.7614295,25742.7614295,25742.7614295,25742.7614295,25742.7614295,25742.7614295,25742.7614295,25742.7614295,25742.7614295,25742.7614295,25742.7614295,25742.7614295,25742.7614295,25742.7614295,25742.7614295,25742.7614295,25742.7614295,25742.7614295,25742.7614295,25742.7614295,25742.7614295,25742.7614295,25742.7614295,25742.7614295,25742.7614295,25742.7614295,25742.7614295,25742.7614295,25742.7614295,25742.7614295,25742.7614295,25742.7614295,25742.7614295,25742.7614295,25742.7614295,25742.7614295,25742.7614295,25742.7614295,25742.7614295,25742.7614295,25742.7614295,25742.7614295,25742.7614295,25742.7614295,25742.7614295,25742.7614295,25742.7614295,25742.7614295,25742.7614295,25742.7614295,25742.7614295,25742.7614295,25742.7614295,25742.7614295,25742.7614295,25742.7614295,25742.7614295,25742.7614295,25742.7614295,25742.7614295,25742.7614295,25742.7614295,25742.7614295,25742.7614295,25742.7614295,25742.7614295,25742.7614295,25742.7614295,25742.7614295,25742.7614295,25742.7614295,25742.7614295,25742.7614295,25742.7614295,25742.7614295,25742.7614295,25742.7614295,25742.7614295,25742.7614295,25742.7614295,25742.7614295,25742.7614295,25742.7614295,25742.7614295,25742.7614295,25742.7614295,25742.7614295,25742.7614295,25742.7614295,25742.7614295,25742.7614295,25742.7614295,25742.7614295,25742.7614295,25742.7614295,25742.7614295,25742.7614295,25742.7614295,25742.7614295,25742.7614295,25742.7614295,25742.7614295,25742.7614295,25742.7614295,25742.7614295,25742.7614295,25742.7614295,25742.7614295,25742.7614295,25742.7614295,25742.7614295,25742.7614295,25742.7614295,25742.7614295,25742.7614295,25742.7614295,25742.7614295,25742.7614295,25742.7614295,25742.7614295,25742.7614295,25742.7614295,25742.7614295,25742.7614295,25742.7614295,25742.7614295,25742.7614295,25742.7614295,25742.7614295,25742.7614295,25742.7614295,25742.7614295,25742.7614295,25742.7614295,25742.7614295,25742.7614295,25742.7614295,25742.7614295,25742.7614295,25742.7614295,25742.7614295,25742.7614295,25742.7614295,25742.7614295,25742.7614295,25742.7614295,25742.7614295,25742.7614295,25742.7614295,25742.7614295,25742.7614295,25742.7614295,25742.7614295,25742.7614295,25742.7614295,25742.7614295,25742.7614295,25742.7614295,25742.7614295,25742.7614295,25742.7614295,25742.7614295,25742.7614295,25742.7614295,25742.7614295,25742.7614295,25742.7614295,25742.7614295,25742.7614295,25742.7614295,25742.7614295,25742.7614295,25742.7614295,25742.7614295,25742.7614295,25742.7614295,25742.7614295,25742.7614295,25742.7614295,25742.7614295,25742.7614295,25742.7614295,25742.7614295,25742.7614295,25742.7614295,25742.7614295,25742.7614295,25742.7614295,25742.7614295,25742.7614295,25742.7614295,25742.7614295,25742.7614295,25742.7614295,25742.7614295,25742.7614295,25742.7614295,25742.7614295,25742.7614295,25742.7614295,25742.7614295,25742.7614295,25742.7614295,25742.7614295,25742.7614295,25742.7614295,25742.7614295,25742.7614295,25742.7614295,25742.7614295,25742.7614295,25742.7614295,25742.7614295,25742.7614295,25742.7614295,25742.7614295,25742.7614295,25742.7614295,25742.7614295,25742.7614295,25742.7614295,25742.7614295,25742.7614295,25742.7614295,25742.7614295,25742.7614295,25742.7614295,25742.7614295,25742.7614295,25742.7614295,25742.7614295,25742.7614295,25742.7614295,25742.7614295,25742.7614295,25742.7614295,25742.7614295,25742.7614295,25742.7614295,25742.7614295,25742.7614295,25742.7614295,25742.7614295,25742.7614295,25742.7614295,25742.7614295,25742.7614295,25742.7614295,25742.7614295,25742.7614295,25742.7614295,25742.7614295,25742.7614295,25742.7614295,25742.7614295,25742.7614295,25742.7614295,25742.7614295,25742.7614295,25742.7614295,25742.7614295,25742.7614295,25742.7614295,25742.7614295,25742.7614295,25742.7614295,25742.7614295,25742.7614295,25742.7614295,25742.7614295,25742.7614295,25742.7614295,25742.7614295,25742.7614295,25742.7614295,25742.7614295,25742.7614295,25742.7614295,25742.7614295,25742.7614295,25742.7614295,25742.7614295,25742.7614295,25742.7614295,25742.7614295,25742.7614295,25742.7614295,25742.7614295,25742.7614295,25742.7614295,25742.7614295,25742.7614295,25742.7614295,25742.7614295,25742.7614295,25742.7614295,25742.7614295,25742.7614295,25742.7614295,25742.7614295,25742.7614295,25742.7614295,25742.7614295,25742.7614295,25742.7614295,25742.7614295,25742.7614295,25742.7614295,25742.7614295,25742.7614295,25742.7614295,25742.7614295,25742.7614295,25742.7614295,25742.7614295,25742.7614295,25742.7614295,25742.7614295,25742.7614295,25742.7614295,25742.7614295,25742.7614295,25742.7614295,25742.7614295,25742.7614295,25742.7614295,25742.7614295,25742.7614295,25742.7614295,25742.7614295,25742.7614295,25742.7614295,25742.7614295,25742.7614295,25742.7614295,25742.7614295,25742.7614295,25742.7614295,25742.7614295,25742.7614295,25742.7614295,25742.7614295,25742.7614295,25742.7614295,25742.7614295,25742.7614295,25742.7614295,25742.7614295,25742.7614295,25742.7614295,25742.7614295,25742.7614295,25742.7614295,25742.7614295,25742.7614295,25742.7614295,25742.7614295,25742.7614295,25742.7614295,25742.7614295,25742.7614295,25742.7614295,25742.7614295,25742.7614295,25742.7614295,25742.7614295,25742.7614295,25742.7614295,25742.7614295,25742.7614295,25742.7614295,25742.7614295,25742.7614295,25742.7614295,25742.7614295,25742.7614295,25742.7614295,25742.7614295,25742.7614295,25742.7614295,25742.7614295,25742.7614295,25742.7614295,25742.7614295,25742.7614295,25742.7614295,25742.7614295,25742.7614295,25742.7614295,25742.7614295,25742.7614295,25742.7614295,25742.7614295,25742.7614295,25742.7614295,25742.7614295,25742.7614295,25742.7614295,25742.7614295,25742.7614295,25742.7614295,25742.7614295,25742.7614295,25742.7614295,25742.7614295,25742.7614295,25742.7614295,25742.7614295,25742.7614295,25742.7614295,25742.7614295,25742.7614295,25742.7614295,25742.7614295,25742.7614295,25742.7614295,25742.7614295,25742.7614295,25742.7614295,25742.7614295,25742.7614295,25742.7614295,25742.7614295,25742.7614295,25742.7614295,25742.7614295,25742.7614295,25742.7614295,25742.7614295,25742.7614295,25742.7614295,25742.7614295,25742.7614295,25742.7614295,25742.7614295,25742.7614295,25742.7614295,25742.7614295,25742.7614295,25742.7614295,25742.7614295,25742.7614295,25742.7614295,25742.7614295,25742.7614295,25742.7614295,25742.7614295,25742.7614295,25742.7614295,25742.7614295,25742.7614295,25742.7614295,25742.7614295,25742.7614295,25742.7614295,25742.7614295,25742.7614295,25742.7614295,25742.7614295,25742.7614295,25742.7614295,25742.7614295,25742.7614295,25742.7614295,25742.7614295,25742.7614295,25742.7614295,25742.7614295,25742.7614295,25742.7614295,25742.7614295,25742.7614295,25742.7614295,25742.7614295,25742.7614295,25742.7614295,25742.7614295,25742.7614295,25742.7614295,25742.7614295,25742.7614295,25742.7614295,25742.7614295,25742.7614295,25742.7614295,25742.7614295,25742.7614295,25742.7614295,25742.7614295,25742.7614295,25742.7614295,25742.7614295,25742.7614295,25742.7614295,25742.7614295,25742.7614295,25742.7614295,25742.7614295,25742.7614295,25742.7614295,25742.7614295,25742.7614295,25742.7614295,25742.7614295,25742.7614295,25742.7614295,25742.7614295,25742.7614295,25742.7614295,25742.7614295,25742.7614295,25742.7614295,25742.7614295,25742.7614295,25742.7614295,25742.7614295,25742.7614295,25742.7614295,25742.7614295,25742.7614295,25742.7614295,25742.7614295,25742.7614295,25742.7614295,25742.7614295,25742.7614295,25742.7614295,25742.7614295,25742.7614295,25742.7614295
